recording_id,measurement_id,sample_index,time_seconds,gt_signal,predicted_signal
COHFACE_s14_session3_natural,0,0,0.0,-18.815351486206055,0.009646698689584893
COHFACE_s14_session3_natural,0,1,0.03333333333333333,-13.106354713439941,2.6790520453346964
COHFACE_s14_session3_natural,0,2,0.06666666666666667,0.6971296072006226,4.935022015056038
COHFACE_s14_session3_natural,0,3,0.1,2.266011953353882,6.4655510578460715
COHFACE_s14_session3_natural,0,4,0.13333333333333333,0.03157205134630203,7.131900086209104
COHFACE_s14_session3_natural,0,5,0.16666666666666666,0.5158118009567261,6.986631009638058
COHFACE_s14_session3_natural,0,6,0.2,0.7662630081176758,6.231482986907993
COHFACE_s14_session3_natural,0,7,0.23333333333333334,0.3625485301017761,5.138133894487812
COHFACE_s14_session3_natural,0,8,0.26666666666666666,0.0776156336069107,3.965994937875065
COHFACE_s14_session3_natural,0,9,0.3,-0.13046462833881378,2.903379643151804
COHFACE_s14_session3_natural,0,10,0.3333333333333333,-0.33075758814811707,2.0437713590779736
COHFACE_s14_session3_natural,0,11,0.36666666666666664,-0.44287407398223877,1.3950033398493806
COHFACE_s14_session3_natural,0,12,0.4,-0.5287382006645203,0.9094399421655768
COHFACE_s14_session3_natural,0,13,0.43333333333333335,-0.631537139415741,0.5198237834791877
COHFACE_s14_session3_natural,0,14,0.4666666666666667,-0.7553175091743469,0.16822700790930228
COHFACE_s14_session3_natural,0,15,0.5,-0.8828384876251221,-0.17819463780350625
COHFACE_s14_session3_natural,0,16,0.5333333333333333,-0.9656761288642883,-0.524663033752773
COHFACE_s14_session3_natural,0,17,0.5666666666666667,-0.9103490114212036,-0.8555558084879595
COHFACE_s14_session3_natural,0,18,0.6,-0.3513309955596924,-1.145627075762872
COHFACE_s14_session3_natural,0,19,0.6333333333333333,0.7427311539649963,-1.3715045670165837
COHFACE_s14_session3_natural,0,20,0.6666666666666666,1.5791668891906738,-1.520243857421832
COHFACE_s14_session3_natural,0,21,0.7,1.7498068809509277,-1.5928217047325404
COHFACE_s14_session3_natural,0,22,0.7333333333333333,1.5597156286239624,-1.6021155875186415
COHFACE_s14_session3_natural,0,23,0.7666666666666667,1.2209519147872925,-1.5668882542695912
COHFACE_s14_session3_natural,0,24,0.8,0.7776888608932495,-1.5047821529339174
COHFACE_s14_session3_natural,0,25,0.8333333333333334,0.5059501528739929,-1.4273813095557657
COHFACE_s14_session3_natural,0,26,0.8666666666666667,0.5186002254486084,-1.338823950329683
COHFACE_s14_session3_natural,0,27,0.9,0.5778380036354065,-1.237479214414516
COHFACE_s14_session3_natural,0,28,0.9333333333333333,0.46694573760032654,-1.1191756702730395
COHFACE_s14_session3_natural,0,29,0.9666666666666667,0.2055106908082962,-0.9805109510554524
COHFACE_s14_session3_natural,0,30,1.0,-0.07537555694580078,-0.821301050066781
COHFACE_s14_session3_natural,0,31,1.0333333333333334,-0.30770179629325867,-0.6457328350344623
COHFACE_s14_session3_natural,0,32,1.0666666666666667,-0.4541979134082794,-0.4620691018895391
COHFACE_s14_session3_natural,0,33,1.1,-0.5647501349449158,-0.2810225806963331
COHFACE_s14_session3_natural,0,34,1.1333333333333333,-0.6441192030906677,-0.11335892754957197
COHFACE_s14_session3_natural,0,35,1.1666666666666667,-0.7396749258041382,0.03229860145728316
COHFACE_s14_session3_natural,0,36,1.2,-0.8662097454071045,0.15049887641274698
COHFACE_s14_session3_natural,0,37,1.2333333333333334,-0.9786662459373474,0.23854428809391823
COHFACE_s14_session3_natural,0,38,1.2666666666666666,-1.0499080419540405,0.295439919525749
COHFACE_s14_session3_natural,0,39,1.3,-0.9107910990715027,0.3216104590220639
COHFACE_s14_session3_natural,0,40,1.3333333333333333,-0.22823072969913483,0.3201243234480446
COHFACE_s14_session3_natural,0,41,1.3666666666666667,0.8393070101737976,0.2985633734156109
COHFACE_s14_session3_natural,0,42,1.4,1.511393666267395,0.2693399893833601
COHFACE_s14_session3_natural,0,43,1.4333333333333333,1.5590355396270752,0.24678801464923625
COHFACE_s14_session3_natural,0,44,1.4666666666666666,1.3148072957992554,0.2419516188465961
COHFACE_s14_session3_natural,0,45,1.5,0.92234867811203,0.2582483187122677
COHFACE_s14_session3_natural,0,46,1.5333333333333334,0.500237226486206,0.29078391724144614
COHFACE_s14_session3_natural,0,47,1.5666666666666667,0.34251925349235535,0.32957857482875896
COHFACE_s14_session3_natural,0,48,1.6,0.42134422063827515,0.36443725402246624
COHFACE_s14_session3_natural,0,49,1.6333333333333333,0.44667840003967285,0.3884978874192857
COHFACE_s14_session3_natural,0,50,1.6666666666666667,0.2910347580909729,0.3990114867618858
COHFACE_s14_session3_natural,0,51,1.7,0.04898291826248169,0.3960104214314226
COHFACE_s14_session3_natural,0,52,1.7333333333333334,-0.21592070162296295,0.3804187431831595
COHFACE_s14_session3_natural,0,53,1.7666666666666666,-0.429951936006546,0.352819130957253
COHFACE_s14_session3_natural,0,54,1.8,-0.5605674386024475,0.3133396335954485
COHFACE_s14_session3_natural,0,55,1.8333333333333333,-0.6478598117828369,0.2624264205462345
COHFACE_s14_session3_natural,0,56,1.8666666666666667,-0.7233522534370422,0.20182711588846078
COHFACE_s14_session3_natural,0,57,1.9,-0.8366248607635498,0.1350883073572537
COHFACE_s14_session3_natural,0,58,1.9333333333333333,-0.9700968861579895,0.06724480885500965
COHFACE_s14_session3_natural,0,59,1.9666666666666666,-1.0634422302246094,0.0038300151720323215
COHFACE_s14_session3_natural,0,60,2.0,-1.0792207717895508,-0.05042258361026447
COHFACE_s14_session3_natural,0,61,2.033333333333333,-0.7946619987487793,-0.09275184823504995
COHFACE_s14_session3_natural,0,62,2.066666666666667,0.04949299991130829,-0.12297723700027204
COHFACE_s14_session3_natural,0,63,2.1,0.9890676736831665,-0.1432359869691892
COHFACE_s14_session3_natural,0,64,2.1333333333333333,1.3818663358688354,-0.15687799606881372
COHFACE_s14_session3_natural,0,65,2.1666666666666665,1.2622346878051758,-0.16694868751363423
COHFACE_s14_session3_natural,0,66,2.2,0.9334685206413269,-0.17492411625631493
COHFACE_s14_session3_natural,0,67,2.2333333333333334,0.5126832723617554,-0.18025765086633205
COHFACE_s14_session3_natural,0,68,2.2666666666666666,0.20782306790351868,-0.18087471457221044
COHFACE_s14_session3_natural,0,69,2.3,0.1941528171300888,-0.1742910478755715
COHFACE_s14_session3_natural,0,70,2.3333333333333335,0.2845737040042877,-0.15881979933811938
COHFACE_s14_session3_natural,0,71,2.3666666666666667,0.26692479848861694,-0.13442199243900682
COHFACE_s14_session3_natural,0,72,2.4,0.08305652439594269,-0.10300153743127098
COHFACE_s14_session3_natural,0,73,2.433333333333333,-0.17895661294460297,-0.06813499310970644
COHFACE_s14_session3_natural,0,74,2.466666666666667,-0.4145473837852478,-0.034260820176572615
COHFACE_s14_session3_natural,0,75,2.5,-0.5752578377723694,-0.005387394055664384
COHFACE_s14_session3_natural,0,76,2.533333333333333,-0.6821714639663696,0.0164043609802172
COHFACE_s14_session3_natural,0,77,2.566666666666667,-0.73641037940979,0.032017813289959826
COHFACE_s14_session3_natural,0,78,2.6,-0.8157114386558533,0.04508749023459494
COHFACE_s14_session3_natural,0,79,2.6333333333333333,-0.9404779672622681,0.05997194630743569
COHFACE_s14_session3_natural,0,80,2.6666666666666665,-1.0453852415084839,0.07868617935993802
COHFACE_s14_session3_natural,0,81,2.7,-1.08360755443573,0.09846098639739252
COHFACE_s14_session3_natural,0,82,2.7333333333333334,-1.0213433504104614,0.11156507648322112
COHFACE_s14_session3_natural,0,83,2.7666666666666666,-0.49731701612472534,0.10789690276138651
COHFACE_s14_session3_natural,0,84,2.8,0.49285799264907837,0.07933710157148917
COHFACE_s14_session3_natural,0,85,2.8333333333333335,1.1782407760620117,0.023948840180974887
COHFACE_s14_session3_natural,0,86,2.8666666666666667,1.2623707056045532,-0.05167556498831766
COHFACE_s14_session3_natural,0,87,2.9,1.0126335620880127,-0.1329045467758837
COHFACE_s14_session3_natural,0,88,2.933333333333333,0.6190187931060791,-0.2007366081310592
COHFACE_s14_session3_natural,0,89,2.966666666666667,0.25311851501464844,-0.23793969834546938
COHFACE_s14_session3_natural,0,90,3.0,0.14600089192390442,-0.23532752869005952
COHFACE_s14_session3_natural,0,91,3.033333333333333,0.24927589297294617,-0.19509564802661442
COHFACE_s14_session3_natural,0,92,3.066666666666667,0.3093297779560089,-0.12947917670483447
COHFACE_s14_session3_natural,0,93,3.1,0.16354778409004211,-0.05554338884028565
COHFACE_s14_session3_natural,0,94,3.1333333333333333,-0.07955824583768845,0.011112444702690393
COHFACE_s14_session3_natural,0,95,3.1666666666666665,-0.299472451210022,0.060763571125047044
COHFACE_s14_session3_natural,0,96,3.2,-0.47823989391326904,0.0906801189312777
COHFACE_s14_session3_natural,0,97,3.2333333333333334,-0.6050127744674683,0.1035246248587159
COHFACE_s14_session3_natural,0,98,3.2666666666666666,-0.6878504157066345,0.10456149335431468
COHFACE_s14_session3_natural,0,99,3.3,-0.7549094557762146,0.09910063114214886
COHFACE_s14_session3_natural,0,100,3.3333333333333335,-0.8569942116737366,0.09099523438366512
COHFACE_s14_session3_natural,0,101,3.3666666666666667,-0.9570387005805969,0.08232579997137719
COHFACE_s14_session3_natural,0,102,3.4,-1.0158684253692627,0.07386682294689065
COHFACE_s14_session3_natural,0,103,3.433333333333333,-1.0097473859786987,0.06574400030288338
COHFACE_s14_session3_natural,0,104,3.466666666666667,-0.5600233674049377,0.05787537028128849
COHFACE_s14_session3_natural,0,105,3.5,0.43725883960723877,0.05013690083124932
COHFACE_s14_session3_natural,0,106,3.533333333333333,1.2585279941558838,0.04242584374155685
COHFACE_s14_session3_natural,0,107,3.566666666666667,1.4954110383987427,0.03476707337534289
COHFACE_s14_session3_natural,0,108,3.6,1.3360267877578735,0.027393850777212618
COHFACE_s14_session3_natural,0,109,3.6333333333333333,0.9917541146278381,0.020634753490433522
COHFACE_s14_session3_natural,0,110,3.6666666666666665,0.5639296770095825,0.014629737821817161
COHFACE_s14_session3_natural,0,111,3.7,0.332793653011322,0.009139957448601119
COHFACE_s14_session3_natural,0,112,3.7333333333333334,0.38193172216415405,0.0036934881953498404
COHFACE_s14_session3_natural,0,113,3.7666666666666666,0.4717065095901489,-0.00198869369000789
COHFACE_s14_session3_natural,0,114,3.8,0.3740084171295166,-0.0076647687668992505
COHFACE_s14_session3_natural,0,115,3.8333333333333335,0.12185691297054291,-0.012706696302948134
COHFACE_s14_session3_natural,0,116,3.8666666666666667,-0.14801152050495148,-0.016619344168028013
COHFACE_s14_session3_natural,0,117,3.9,-0.36755165457725525,-0.01944444288887909
COHFACE_s14_session3_natural,0,118,3.933333333333333,-0.5106812119483948,-0.021608964315053956
COHFACE_s14_session3_natural,0,119,3.966666666666667,-0.5768561363220215,-0.023247906391373363
COHFACE_s14_session3_natural,0,120,4.0,-0.6436091065406799,-0.023517377726812297
COHFACE_s14_session3_natural,0,121,4.033333333333333,-0.7639889121055603,-0.020526369750153668
COHFACE_s14_session3_natural,0,122,4.066666666666666,-0.8789958357810974,-0.012126550401860671
COHFACE_s14_session3_natural,0,123,4.1,-0.9650640487670898,0.0028017770087617033
COHFACE_s14_session3_natural,0,124,4.133333333333334,-0.9931186437606812,0.02329783507226201
COHFACE_s14_session3_natural,0,125,4.166666666666667,-0.6521105170249939,0.046089874180118284
COHFACE_s14_session3_natural,0,126,4.2,0.327386736869812,0.06621493633034442
COHFACE_s14_session3_natural,0,127,4.233333333333333,1.3636733293533325,0.07808168004967832
COHFACE_s14_session3_natural,0,128,4.266666666666667,1.7933681011199951,0.07664424078857829
COHFACE_s14_session3_natural,0,129,4.3,1.7134889364242554,0.058659059822115715
COHFACE_s14_session3_natural,0,130,4.333333333333333,1.4448447227478027,0.024042475232972038
COHFACE_s14_session3_natural,0,131,4.366666666666666,1.0299763679504395,-0.023006356018252426
COHFACE_s14_session3_natural,0,132,4.4,0.649759829044342,-0.07392355123741307
COHFACE_s14_session3_natural,0,133,4.433333333333334,0.5704928040504456,-0.11753728645964548
COHFACE_s14_session3_natural,0,134,4.466666666666667,0.638401985168457,-0.14361488332757966
COHFACE_s14_session3_natural,0,135,4.5,0.5693705677986145,-0.14683146446674822
COHFACE_s14_session3_natural,0,136,4.533333333333333,0.33337172865867615,-0.12893331239466083
COHFACE_s14_session3_natural,0,137,4.566666666666666,0.04391608387231827,-0.09757969648665318
COHFACE_s14_session3_natural,0,138,4.6,-0.19616344571113586,-0.06258807159343362
COHFACE_s14_session3_natural,0,139,4.633333333333334,-0.3797936737537384,-0.032016115781479136
COHFACE_s14_session3_natural,0,140,4.666666666666667,-0.5029959678649902,-0.010031434445833442
COHFACE_s14_session3_natural,0,141,4.7,-0.5775022506713867,0.0031351735690040915
COHFACE_s14_session3_natural,0,142,4.733333333333333,-0.6652026772499084,0.009917370201089855
COHFACE_s14_session3_natural,0,143,4.766666666666667,-0.790513277053833,0.013733468647763586
COHFACE_s14_session3_natural,0,144,4.8,-0.9247673749923706,0.017545899144636026
COHFACE_s14_session3_natural,0,145,4.833333333333333,-1.0049185752868652,0.022985326435012755
COHFACE_s14_session3_natural,0,146,4.866666666666666,-0.9624456167221069,0.030130188879773145
COHFACE_s14_session3_natural,0,147,4.9,-0.4409017264842987,0.037870395812125326
COHFACE_s14_session3_natural,0,148,4.933333333333334,0.6682248711585999,0.044635885182671836
COHFACE_s14_session3_natural,0,149,4.966666666666667,1.602766752243042,0.04916340959145747
COHFACE_s14_session3_natural,0,150,5.0,1.8481510877609253,0.05097652372205002
COHFACE_s14_session3_natural,0,151,5.033333333333333,1.6706418991088867,0.05040320814862392
COHFACE_s14_session3_natural,0,152,5.066666666666666,1.3353127241134644,0.048207310578138304
COHFACE_s14_session3_natural,0,153,5.1,0.8836843371391296,0.045106814322366094
COHFACE_s14_session3_natural,0,154,5.133333333333334,0.5636916756629944,0.04146167923703018
COHFACE_s14_session3_natural,0,155,5.166666666666667,0.5561084151268005,0.037258821811050565
COHFACE_s14_session3_natural,0,156,5.2,0.6042603254318237,0.032318781489495636
COHFACE_s14_session3_natural,0,157,5.233333333333333,0.47643327713012695,0.026518241519518426
COHFACE_s14_session3_natural,0,158,5.266666666666667,0.21710659563541412,0.019842979744831048
COHFACE_s14_session3_natural,0,159,5.3,-0.07394732534885406,0.01226171667211691
COHFACE_s14_session3_natural,0,160,5.333333333333333,-0.3181755244731903,0.0036257458751196418
COHFACE_s14_session3_natural,0,161,5.366666666666666,-0.4905839264392853,-0.006187015412308174
COHFACE_s14_session3_natural,0,162,5.4,-0.5817869305610657,-0.016931469093281526
COHFACE_s14_session3_natural,0,163,5.433333333333334,-0.6658147573471069,-0.027754354904892906
COHFACE_s14_session3_natural,0,164,5.466666666666667,-0.784630298614502,-0.037283952807906647
COHFACE_s14_session3_natural,0,165,5.5,-0.914973795413971,-0.04399494734584983
COHFACE_s14_session3_natural,0,166,5.533333333333333,-1.0408965349197388,-0.04657160351118654
COHFACE_s14_session3_natural,0,167,5.566666666666666,-1.1234281063079834,-0.044048267599053156
COHFACE_s14_session3_natural,0,168,5.6,-1.068917155265808,-0.035807272721447
COHFACE_s14_session3_natural,0,169,5.633333333333334,-0.5038120746612549,-0.021715332434622495
COHFACE_s14_session3_natural,0,170,5.666666666666667,0.5984453558921814,-0.0025176434867307533
COHFACE_s14_session3_natural,0,171,5.7,1.447837233543396,0.019733559690230815
COHFACE_s14_session3_natural,0,172,5.733333333333333,1.6295971870422363,0.041616153489078725
COHFACE_s14_session3_natural,0,173,5.766666666666667,1.3954346179962158,0.05889124991898718
COHFACE_s14_session3_natural,0,174,5.8,0.999779462814331,0.06755245948533081
COHFACE_s14_session3_natural,0,175,5.833333333333333,0.5635896325111389,0.06501161637993616
COHFACE_s14_session3_natural,0,176,5.866666666666666,0.4068238437175751,0.05112913740911065
COHFACE_s14_session3_natural,0,177,5.9,0.5464168190956116,0.02883761864732367
COHFACE_s14_session3_natural,0,178,5.933333333333334,0.6524122357368469,0.0038974074619191716
COHFACE_s14_session3_natural,0,179,5.966666666666667,0.5332566499710083,-0.016681366866943503
COHFACE_s14_session3_natural,0,180,6.0,0.25107818841934204,-0.027378092256240393
COHFACE_s14_session3_natural,0,181,6.033333333333333,-0.0699346587061882,-0.026904765716594847
COHFACE_s14_session3_natural,0,182,6.066666666666666,-0.320147842168808,-0.019236609779018067
COHFACE_s14_session3_natural,0,183,6.1,-0.4789539873600006,-0.011865206207327075
COHFACE_s14_session3_natural,0,184,6.133333333333334,-0.6046386957168579,-0.012001273702626998
COHFACE_s14_session3_natural,0,185,6.166666666666667,-0.7225021123886108,-0.022923222614277226
COHFACE_s14_session3_natural,0,186,6.2,-0.8539677262306213,-0.04250522366672388
COHFACE_s14_session3_natural,0,187,6.233333333333333,-0.9916223883628845,-0.06451699793923778
COHFACE_s14_session3_natural,0,188,6.266666666666667,-1.1092817783355713,-0.08173470256879825
COHFACE_s14_session3_natural,0,189,6.3,-1.178279161453247,-0.08908550125733634
COHFACE_s14_session3_natural,0,190,6.333333333333333,-0.9561205506324768,-0.08527545696991726
COHFACE_s14_session3_natural,0,191,6.366666666666666,-0.09118816256523132,-0.07237624783149234
COHFACE_s14_session3_natural,0,192,6.4,0.9994733929634094,-0.05403641190085834
COHFACE_s14_session3_natural,0,193,6.433333333333334,1.5641703605651855,-0.03359364476181189
COHFACE_s14_session3_natural,0,194,6.466666666666667,1.5324091911315918,-0.013060739813280365
COHFACE_s14_session3_natural,0,195,6.5,1.2523729801177979,0.0068242034045266926
COHFACE_s14_session3_natural,0,196,6.533333333333333,0.7979562282562256,0.025896013462442472
COHFACE_s14_session3_natural,0,197,6.566666666666666,0.3739404082298279,0.0437849558795794
COHFACE_s14_session3_natural,0,198,6.6,0.260769784450531,0.05945616649998188
COHFACE_s14_session3_natural,0,199,6.633333333333334,0.32157179713249207,0.07119765697099724
COHFACE_s14_session3_natural,0,200,6.666666666666667,0.27913281321525574,0.07704873781023333
COHFACE_s14_session3_natural,0,201,6.7,0.08244442194700241,0.07557420418220312
COHFACE_s14_session3_natural,0,202,6.733333333333333,-0.20422276854515076,0.0667341403327232
COHFACE_s14_session3_natural,0,203,6.766666666666667,-0.4749753475189209,0.052433821602664944
COHFACE_s14_session3_natural,0,204,6.8,-0.6755403876304626,0.03632767121755798
COHFACE_s14_session3_natural,0,205,6.833333333333333,-0.7883029580116272,0.0227340275800657
COHFACE_s14_session3_natural,0,206,6.866666666666666,-0.8542057871818542,0.015031702761177882
COHFACE_s14_session3_natural,0,207,6.9,-0.947313129901886,0.014292747498044453
COHFACE_s14_session3_natural,0,208,6.933333333333334,-1.0790847539901733,0.01883665310219643
COHFACE_s14_session3_natural,0,209,6.966666666666667,-1.2027971744537354,0.024922596948426516
COHFACE_s14_session3_natural,0,210,7.0,-1.2786636352539062,0.028230433214896152
COHFACE_s14_session3_natural,0,211,7.033333333333333,-1.2448620796203613,0.025455427987661903
COHFACE_s14_session3_natural,0,212,7.066666666666666,-0.8066999316215515,0.015417822629682937
COHFACE_s14_session3_natural,0,213,7.1,0.22098323702812195,-0.0005925356043061989
COHFACE_s14_session3_natural,0,214,7.133333333333334,1.1639244556427002,-0.019217985745212815
COHFACE_s14_session3_natural,0,215,7.166666666666667,1.4271618127822876,-0.036011677273595735
COHFACE_s14_session3_natural,0,216,7.2,1.2659412622451782,-0.046784701763032954
COHFACE_s14_session3_natural,0,217,7.233333333333333,0.9184720516204834,-0.04903777208774533
COHFACE_s14_session3_natural,0,218,7.266666666666667,0.4519832730293274,-0.043017212448408094
COHFACE_s14_session3_natural,0,219,7.3,0.16446593403816223,-0.0318371650063145
COHFACE_s14_session3_natural,0,220,7.333333333333333,0.17252525687217712,-0.020330010011084084
COHFACE_s14_session3_natural,0,221,7.366666666666666,0.22295555472373962,-0.012900291721039082
COHFACE_s14_session3_natural,0,222,7.4,0.1355951726436615,-0.011400799209601948
COHFACE_s14_session3_natural,0,223,7.433333333333334,-0.09778524935245514,-0.01428457844900541
COHFACE_s14_session3_natural,0,224,7.466666666666667,-0.37068018317222595,-0.017622706983713245
COHFACE_s14_session3_natural,0,225,7.5,-0.6191250681877136,-0.01741984030401847
COHFACE_s14_session3_natural,0,226,7.533333333333333,-0.7858885526657104,-0.011813402094760294
COHFACE_s14_session3_natural,0,227,7.566666666666666,-0.8736569881439209,-0.0018594566291539926
COHFACE_s14_session3_natural,0,228,7.6,-0.9378255605697632,0.00932141709183614
COHFACE_s14_session3_natural,0,229,7.633333333333334,-1.0446711778640747,0.018176329162135078
COHFACE_s14_session3_natural,0,230,7.666666666666667,-1.1817476749420166,0.022057362111282425
COHFACE_s14_session3_natural,0,231,7.7,-1.2640752792358398,0.019774364996123124
COHFACE_s14_session3_natural,0,232,7.733333333333333,-1.2916878461837769,0.011594277808242208
COHFACE_s14_session3_natural,0,233,7.766666666666667,-1.1337658166885376,-0.0008337516855849918
COHFACE_s14_session3_natural,0,234,7.8,-0.40121719241142273,-0.01452087595089105
COHFACE_s14_session3_natural,0,235,7.833333333333333,0.6588053107261658,-0.0255050660785476
COHFACE_s14_session3_natural,0,236,7.866666666666666,1.2857325077056885,-0.02986972999974699
COHFACE_s14_session3_natural,0,237,7.9,1.2936898469924927,-0.025235978971404314
COHFACE_s14_session3_natural,0,238,7.933333333333334,1.0173943042755127,-0.012003856625871171
COHFACE_s14_session3_natural,0,239,7.966666666666667,0.585523247718811,0.006448050474217142
COHFACE_s14_session3_natural,1,0,1.0,-0.07537555694580078,0.01659022941153256
COHFACE_s14_session3_natural,1,1,1.0333333333333334,-0.30770179629325867,2.7745103212174556
COHFACE_s14_session3_natural,1,2,1.0666666666666667,-0.4541979134082794,5.106362393699823
COHFACE_s14_session3_natural,1,3,1.1,-0.5647501349449158,6.6899317500904445
COHFACE_s14_session3_natural,1,4,1.1333333333333333,-0.6441192030906677,7.380886483486911
COHFACE_s14_session3_natural,1,5,1.1666666666666667,-0.7396749258041382,7.231200014743548
COHFACE_s14_session3_natural,1,6,1.2,-0.8662097454071045,6.445791686498669
COHFACE_s14_session3_natural,1,7,1.2333333333333334,-0.9786662459373474,5.301296055168455
COHFACE_s14_session3_natural,1,8,1.2666666666666666,-1.0499080419540405,4.062428819363756
COHFACE_s14_session3_natural,1,9,1.3,-0.9107910990715027,2.9231821602580057
COHFACE_s14_session3_natural,1,10,1.3333333333333333,-0.22823072969913483,1.9843239883693808
COHFACE_s14_session3_natural,1,11,1.3666666666666667,0.8393070101737976,1.2636015551537731
COHFACE_s14_session3_natural,1,12,1.4,1.511393666267395,0.725010242514693
COHFACE_s14_session3_natural,1,13,1.4333333333333333,1.5590355396270752,0.31122197618581293
COHFACE_s14_session3_natural,1,14,1.4666666666666666,1.3148072957992554,-0.031791400412503334
COHFACE_s14_session3_natural,1,15,1.5,0.92234867811203,-0.34142649793241525
COHFACE_s14_session3_natural,1,16,1.5333333333333334,0.500237226486206,-0.6347048779918733
COHFACE_s14_session3_natural,1,17,1.5666666666666667,0.34251925349235535,-0.9107733481864891
COHFACE_s14_session3_natural,1,18,1.6,0.42134422063827515,-1.1568885098858397
COHFACE_s14_session3_natural,1,19,1.6333333333333333,0.44667840003967285,-1.3560060460241876
COHFACE_s14_session3_natural,1,20,1.6666666666666667,0.2910347580909729,-1.494150542912931
COHFACE_s14_session3_natural,1,21,1.7,0.04898291826248169,-1.5656091285385185
COHFACE_s14_session3_natural,1,22,1.7333333333333334,-0.21592070162296295,-1.574666179549884
COHFACE_s14_session3_natural,1,23,1.7666666666666666,-0.429951936006546,-1.533850047744491
COHFACE_s14_session3_natural,1,24,1.8,-0.5605674386024475,-1.4597610327605872
COHFACE_s14_session3_natural,1,25,1.8333333333333333,-0.6478598117828369,-1.3681642012817492
COHFACE_s14_session3_natural,1,26,1.8666666666666667,-0.7233522534370422,-1.2700936282746833
COHFACE_s14_session3_natural,1,27,1.9,-0.8366248607635498,-1.1701898103465254
COHFACE_s14_session3_natural,1,28,1.9333333333333333,-0.9700968861579895,-1.067520986343871
COHFACE_s14_session3_natural,1,29,1.9666666666666666,-1.0634422302246094,-0.9581630313205756
COHFACE_s14_session3_natural,1,30,2.0,-1.0792207717895508,-0.8382749481201363
COHFACE_s14_session3_natural,1,31,2.033333333333333,-0.7946619987487793,-0.7064572170907074
COHFACE_s14_session3_natural,1,32,2.066666666666667,0.04949299991130829,-0.5646900634869144
COHFACE_s14_session3_natural,1,33,2.1,0.9890676736831665,-0.41780906039652155
COHFACE_s14_session3_natural,1,34,2.1333333333333333,1.3818663358688354,-0.2719946681505886
COHFACE_s14_session3_natural,1,35,2.1666666666666665,1.2622346878051758,-0.1330255491556893
COHFACE_s14_session3_natural,1,36,2.2,0.9334685206413269,-0.005048571509725458
COHFACE_s14_session3_natural,1,37,2.2333333333333334,0.5126832723617554,0.1097141045030026
COHFACE_s14_session3_natural,1,38,2.2666666666666666,0.20782306790351868,0.21047163339680236
COHFACE_s14_session3_natural,1,39,2.3,0.1941528171300888,0.2971304428084633
COHFACE_s14_session3_natural,1,40,2.3333333333333335,0.2845737040042877,0.3697847001866148
COHFACE_s14_session3_natural,1,41,2.3666666666666667,0.26692479848861694,0.42854842390051023
COHFACE_s14_session3_natural,1,42,2.4,0.08305652439594269,0.4735960043638384
COHFACE_s14_session3_natural,1,43,2.433333333333333,-0.17895661294460297,0.505244238692378
COHFACE_s14_session3_natural,1,44,2.466666666666667,-0.4145473837852478,0.5240221191516905
COHFACE_s14_session3_natural,1,45,2.5,-0.5752578377723694,0.5308100812113087
COHFACE_s14_session3_natural,1,46,2.533333333333333,-0.6821714639663696,0.5271374651480036
COHFACE_s14_session3_natural,1,47,2.566666666666667,-0.73641037940979,0.5154682605949126
COHFACE_s14_session3_natural,1,48,2.6,-0.8157114386558533,0.49893442356539347
COHFACE_s14_session3_natural,1,49,2.6333333333333333,-0.9404779672622681,0.48008887223818164
COHFACE_s14_session3_natural,1,50,2.6666666666666665,-1.0453852415084839,0.4590896430698256
COHFACE_s14_session3_natural,1,51,2.7,-1.08360755443573,0.43252289980231456
COHFACE_s14_session3_natural,1,52,2.7333333333333334,-1.0213433504104614,0.39397375220242875
COHFACE_s14_session3_natural,1,53,2.7666666666666666,-0.49731701612472534,0.3365068547156068
COHFACE_s14_session3_natural,1,54,2.8,0.49285799264907837,0.25608652102352236
COHFACE_s14_session3_natural,1,55,2.8333333333333335,1.1782407760620117,0.1544112402355874
COHFACE_s14_session3_natural,1,56,2.8666666666666667,1.2623707056045532,0.03996628086471713
COHFACE_s14_session3_natural,1,57,2.9,1.0126335620880127,-0.07321788024687204
COHFACE_s14_session3_natural,1,58,2.933333333333333,0.6190187931060791,-0.1690624366786994
COHFACE_s14_session3_natural,1,59,2.966666666666667,0.25311851501464844,-0.2343720257871478
COHFACE_s14_session3_natural,1,60,3.0,0.14600089192390442,-0.2632688893997831
COHFACE_s14_session3_natural,1,61,3.033333333333333,0.24927589297294617,-0.2589156968986378
COHFACE_s14_session3_natural,1,62,3.066666666666667,0.3093297779560089,-0.23167623828998749
COHFACE_s14_session3_natural,1,63,3.1,0.16354778409004211,-0.19481522693970738
COHFACE_s14_session3_natural,1,64,3.1333333333333333,-0.07955824583768845,-0.1598766634793093
COHFACE_s14_session3_natural,1,65,3.1666666666666665,-0.299472451210022,-0.13364694172953545
COHFACE_s14_session3_natural,1,66,3.2,-0.47823989391326904,-0.11756012113077714
COHFACE_s14_session3_natural,1,67,3.2333333333333334,-0.6050127744674683,-0.10918634558763371
COHFACE_s14_session3_natural,1,68,3.2666666666666666,-0.6878504157066345,-0.10463663603791312
COHFACE_s14_session3_natural,1,69,3.3,-0.7549094557762146,-0.10061956132268032
COHFACE_s14_session3_natural,1,70,3.3333333333333335,-0.8569942116737366,-0.09542074507130698
COHFACE_s14_session3_natural,1,71,3.3666666666666667,-0.9570387005805969,-0.08880874869452147
COHFACE_s14_session3_natural,1,72,3.4,-1.0158684253692627,-0.08134825589522901
COHFACE_s14_session3_natural,1,73,3.433333333333333,-1.0097473859786987,-0.07368277390563156
COHFACE_s14_session3_natural,1,74,3.466666666666667,-0.5600233674049377,-0.06613454171635696
COHFACE_s14_session3_natural,1,75,3.5,0.43725883960723877,-0.05864513490100751
COHFACE_s14_session3_natural,1,76,3.533333333333333,1.2585279941558838,-0.05085378298026769
COHFACE_s14_session3_natural,1,77,3.566666666666667,1.4954110383987427,-0.04214728867798129
COHFACE_s14_session3_natural,1,78,3.6,1.3360267877578735,-0.031762649174068014
COHFACE_s14_session3_natural,1,79,3.6333333333333333,0.9917541146278381,-0.019120434719697578
COHFACE_s14_session3_natural,1,80,3.6666666666666665,0.5639296770095825,-0.004302349258258727
COHFACE_s14_session3_natural,1,81,3.7,0.332793653011322,0.01170829944533279
COHFACE_s14_session3_natural,1,82,3.7333333333333334,0.38193172216415405,0.0273269407761345
COHFACE_s14_session3_natural,1,83,3.7666666666666666,0.4717065095901489,0.04109661500997095
COHFACE_s14_session3_natural,1,84,3.8,0.3740084171295166,0.0523230809558662
COHFACE_s14_session3_natural,1,85,3.8333333333333335,0.12185691297054291,0.06109094155760595
COHFACE_s14_session3_natural,1,86,3.8666666666666667,-0.14801152050495148,0.06764254801530452
COHFACE_s14_session3_natural,1,87,3.9,-0.36755165457725525,0.0716815421011234
COHFACE_s14_session3_natural,1,88,3.933333333333333,-0.5106812119483948,0.07228841906168043
COHFACE_s14_session3_natural,1,89,3.966666666666667,-0.5768561363220215,0.06867698672244474
COHFACE_s14_session3_natural,1,90,4.0,-0.6436091065406799,0.06128709893526136
COHFACE_s14_session3_natural,1,91,4.033333333333333,-0.7639889121055603,0.052319121179892576
COHFACE_s14_session3_natural,1,92,4.066666666666666,-0.8789958357810974,0.04515651021578236
COHFACE_s14_session3_natural,1,93,4.1,-0.9650640487670898,0.042894719030370614
COHFACE_s14_session3_natural,1,94,4.133333333333334,-0.9931186437606812,0.04679473151669517
COHFACE_s14_session3_natural,1,95,4.166666666666667,-0.6521105170249939,0.05550070483380132
COHFACE_s14_session3_natural,1,96,4.2,0.327386736869812,0.06531888965218521
COHFACE_s14_session3_natural,1,97,4.233333333333333,1.3636733293533325,0.07125390310493776
COHFACE_s14_session3_natural,1,98,4.266666666666667,1.7933681011199951,0.06832113532866091
COHFACE_s14_session3_natural,1,99,4.3,1.7134889364242554,0.052868848052280246
COHFACE_s14_session3_natural,1,100,4.333333333333333,1.4448447227478027,0.023879946084249246
COHFACE_s14_session3_natural,1,101,4.366666666666666,1.0299763679504395,-0.015915257706703375
COHFACE_s14_session3_natural,1,102,4.4,0.649759829044342,-0.05977675365552508
COHFACE_s14_session3_natural,1,103,4.433333333333334,0.5704928040504456,-0.09835198594922473
COHFACE_s14_session3_natural,1,104,4.466666666666667,0.638401985168457,-0.12278541487433475
COHFACE_s14_session3_natural,1,105,4.5,0.5693705677986145,-0.1283005075688266
COHFACE_s14_session3_natural,1,106,4.533333333333333,0.33337172865867615,-0.11617852723732938
COHFACE_s14_session3_natural,1,107,4.566666666666666,0.04391608387231827,-0.09272762573005111
COHFACE_s14_session3_natural,1,108,4.6,-0.19616344571113586,-0.06593423068157685
COHFACE_s14_session3_natural,1,109,4.633333333333334,-0.3797936737537384,-0.04207265824200514
COHFACE_s14_session3_natural,1,110,4.666666666666667,-0.5029959678649902,-0.024064464065519063
COHFACE_s14_session3_natural,1,111,4.7,-0.5775022506713867,-0.011770461922273745
COHFACE_s14_session3_natural,1,112,4.733333333333333,-0.6652026772499084,-0.0033469986074189783
COHFACE_s14_session3_natural,1,113,4.766666666666667,-0.790513277053833,0.003304768507015717
COHFACE_s14_session3_natural,1,114,4.8,-0.9247673749923706,0.009563621194091912
COHFACE_s14_session3_natural,1,115,4.833333333333333,-1.0049185752868652,0.015719447816204653
COHFACE_s14_session3_natural,1,116,4.866666666666666,-0.9624456167221069,0.021137116897224077
COHFACE_s14_session3_natural,1,117,4.9,-0.4409017264842987,0.0248113380067774
COHFACE_s14_session3_natural,1,118,4.933333333333334,0.6682248711585999,0.026069999497542858
COHFACE_s14_session3_natural,1,119,4.966666666666667,1.602766752243042,0.02509570228664905
COHFACE_s14_session3_natural,1,120,5.0,1.8481510877609253,0.022987404216746964
COHFACE_s14_session3_natural,1,121,5.033333333333333,1.6706418991088867,0.02130337367872929
COHFACE_s14_session3_natural,1,122,5.066666666666666,1.3353127241134644,0.021318631603286026
COHFACE_s14_session3_natural,1,123,5.1,0.8836843371391296,0.023403076200522833
COHFACE_s14_session3_natural,1,124,5.133333333333334,0.5636916756629944,0.02684798042560689
COHFACE_s14_session3_natural,1,125,5.166666666666667,0.5561084151268005,0.030203453370068058
COHFACE_s14_session3_natural,1,126,5.2,0.6042603254318237,0.031911878862568153
COHFACE_s14_session3_natural,1,127,5.233333333333333,0.47643327713012695,0.030890166491262878
COHFACE_s14_session3_natural,1,128,5.266666666666667,0.21710659563541412,0.026793447477047025
COHFACE_s14_session3_natural,1,129,5.3,-0.07394732534885406,0.01991724856294307
COHFACE_s14_session3_natural,1,130,5.333333333333333,-0.3181755244731903,0.010914580254871202
COHFACE_s14_session3_natural,1,131,5.366666666666666,-0.4905839264392853,0.0005660840307264415
COHFACE_s14_session3_natural,1,132,5.4,-0.5817869305610657,-0.010290107820796356
COHFACE_s14_session3_natural,1,133,5.433333333333334,-0.6658147573471069,-0.020729983971110054
COHFACE_s14_session3_natural,1,134,5.466666666666667,-0.784630298614502,-0.029719163483020873
COHFACE_s14_session3_natural,1,135,5.5,-0.914973795413971,-0.036125613582208574
COHFACE_s14_session3_natural,1,136,5.533333333333333,-1.0408965349197388,-0.0387382767016616
COHFACE_s14_session3_natural,1,137,5.566666666666666,-1.1234281063079834,-0.03629265378212789
COHFACE_s14_session3_natural,1,138,5.6,-1.068917155265808,-0.027616295178786932
COHFACE_s14_session3_natural,1,139,5.633333333333334,-0.5038120746612549,-0.012031983802765937
COHFACE_s14_session3_natural,1,140,5.666666666666667,0.5984453558921814,0.010013548467840692
COHFACE_s14_session3_natural,1,141,5.7,1.447837233543396,0.03635473895830807
COHFACE_s14_session3_natural,1,142,5.733333333333333,1.6295971870422363,0.06289393036497447
COHFACE_s14_session3_natural,1,143,5.766666666666667,1.3954346179962158,0.08402458333347577
COHFACE_s14_session3_natural,1,144,5.8,0.999779462814331,0.093747874159077
COHFACE_s14_session3_natural,1,145,5.833333333333333,0.5635896325111389,0.08735432555453883
COHFACE_s14_session3_natural,1,146,5.866666666666666,0.4068238437175751,0.06338122963806685
COHFACE_s14_session3_natural,1,147,5.9,0.5464168190956116,0.025233256844503706
COHFACE_s14_session3_natural,1,148,5.933333333333334,0.6524122357368469,-0.018573343564877023
COHFACE_s14_session3_natural,1,149,5.966666666666667,0.5332566499710083,-0.05647945750366673
COHFACE_s14_session3_natural,1,150,6.0,0.25107818841934204,-0.07812086426634439
COHFACE_s14_session3_natural,1,151,6.033333333333333,-0.0699346587061882,-0.07899459051401507
COHFACE_s14_session3_natural,1,152,6.066666666666666,-0.320147842168808,-0.0628276756451496
COHFACE_s14_session3_natural,1,153,6.1,-0.4789539873600006,-0.03979694520436404
COHFACE_s14_session3_natural,1,154,6.133333333333334,-0.6046386957168579,-0.021438542650489924
COHFACE_s14_session3_natural,1,155,6.166666666666667,-0.7225021123886108,-0.01531613986476213
COHFACE_s14_session3_natural,1,156,6.2,-0.8539677262306213,-0.022295716704816775
COHFACE_s14_session3_natural,1,157,6.233333333333333,-0.9916223883628845,-0.03731056204041485
COHFACE_s14_session3_natural,1,158,6.266666666666667,-1.1092817783355713,-0.052595509340351065
COHFACE_s14_session3_natural,1,159,6.3,-1.178279161453247,-0.06143017678757354
COHFACE_s14_session3_natural,1,160,6.333333333333333,-0.9561205506324768,-0.06057750493122804
COHFACE_s14_session3_natural,1,161,6.366666666666666,-0.09118816256523132,-0.050595139378340044
COHFACE_s14_session3_natural,1,162,6.4,0.9994733929634094,-0.03446488779535478
COHFACE_s14_session3_natural,1,163,6.433333333333334,1.5641703605651855,-0.01574607509074606
COHFACE_s14_session3_natural,1,164,6.466666666666667,1.5324091911315918,0.0027075533745943383
COHFACE_s14_session3_natural,1,165,6.5,1.2523729801177979,0.01913629977110025
COHFACE_s14_session3_natural,1,166,6.533333333333333,0.7979562282562256,0.03263497807646337
COHFACE_s14_session3_natural,1,167,6.566666666666666,0.3739404082298279,0.04273380800804652
COHFACE_s14_session3_natural,1,168,6.6,0.260769784450531,0.049081223527504575
COHFACE_s14_session3_natural,1,169,6.633333333333334,0.32157179713249207,0.05130423780085873
COHFACE_s14_session3_natural,1,170,6.666666666666667,0.27913281321525574,0.04909143069958707
COHFACE_s14_session3_natural,1,171,6.7,0.08244442194700241,0.04252428247607561
COHFACE_s14_session3_natural,1,172,6.733333333333333,-0.20422276854515076,0.03249692385414648
COHFACE_s14_session3_natural,1,173,6.766666666666667,-0.4749753475189209,0.020892210379926335
COHFACE_s14_session3_natural,1,174,6.8,-0.6755403876304626,0.010262072268302341
COHFACE_s14_session3_natural,1,175,6.833333333333333,-0.7883029580116272,0.003058204196432725
COHFACE_s14_session3_natural,1,176,6.866666666666666,-0.8542057871818542,0.0007643141537803459
COHFACE_s14_session3_natural,1,177,6.9,-0.947313129901886,0.003371635128705455
COHFACE_s14_session3_natural,1,178,6.933333333333334,-1.0790847539901733,0.009439403900708626
COHFACE_s14_session3_natural,1,179,6.966666666666667,-1.2027971744537354,0.01666465088809797
COHFACE_s14_session3_natural,1,180,7.0,-1.2786636352539062,0.022678415800704163
COHFACE_s14_session3_natural,1,181,7.033333333333333,-1.2448620796203613,0.025760109446806286
COHFACE_s14_session3_natural,1,182,7.066666666666666,-0.8066999316215515,0.02526781022138353
COHFACE_s14_session3_natural,1,183,7.1,0.22098323702812195,0.021725698716424387
COHFACE_s14_session3_natural,1,184,7.133333333333334,1.1639244556427002,0.01660254092440766
COHFACE_s14_session3_natural,1,185,7.166666666666667,1.4271618127822876,0.011816862760481182
COHFACE_s14_session3_natural,1,186,7.2,1.2659412622451782,0.008977924641527328
COHFACE_s14_session3_natural,1,187,7.233333333333333,0.9184720516204834,0.008492598981956962
COHFACE_s14_session3_natural,1,188,7.266666666666667,0.4519832730293274,0.008961188005678971
COHFACE_s14_session3_natural,1,189,7.3,0.16446593403816223,0.0074238216417349965
COHFACE_s14_session3_natural,1,190,7.333333333333333,0.17252525687217712,0.0006963697731653416
COHFACE_s14_session3_natural,1,191,7.366666666666666,0.22295555472373962,-0.01265927196942471
COHFACE_s14_session3_natural,1,192,7.4,0.1355951726436615,-0.03082492908722989
COHFACE_s14_session3_natural,1,193,7.433333333333334,-0.09778524935245514,-0.04879204309490541
COHFACE_s14_session3_natural,1,194,7.466666666666667,-0.37068018317222595,-0.06029897148334999
COHFACE_s14_session3_natural,1,195,7.5,-0.6191250681877136,-0.0607482047333144
COHFACE_s14_session3_natural,1,196,7.533333333333333,-0.7858885526657104,-0.04946456233541401
COHFACE_s14_session3_natural,1,197,7.566666666666666,-0.8736569881439209,-0.029972535500221786
COHFACE_s14_session3_natural,1,198,7.6,-0.9378255605697632,-0.008268592097127877
COHFACE_s14_session3_natural,1,199,7.633333333333334,-1.0446711778640747,0.009721512131222326
COHFACE_s14_session3_natural,1,200,7.666666666666667,-1.1817476749420166,0.02013605071499524
COHFACE_s14_session3_natural,1,201,7.7,-1.2640752792358398,0.021932614530618857
COHFACE_s14_session3_natural,1,202,7.733333333333333,-1.2916878461837769,0.01651082643092299
COHFACE_s14_session3_natural,1,203,7.766666666666667,-1.1337658166885376,0.006744917076984925
COHFACE_s14_session3_natural,1,204,7.8,-0.40121719241142273,-0.0040561352117734996
COHFACE_s14_session3_natural,1,205,7.833333333333333,0.6588053107261658,-0.013007971179289018
COHFACE_s14_session3_natural,1,206,7.866666666666666,1.2857325077056885,-0.01827377334637419
COHFACE_s14_session3_natural,1,207,7.9,1.2936898469924927,-0.01938862145200815
COHFACE_s14_session3_natural,1,208,7.933333333333334,1.0173943042755127,-0.017121880425191447
COHFACE_s14_session3_natural,1,209,7.966666666666667,0.585523247718811,-0.012831681406568792
COHFACE_s14_session3_natural,1,210,8.0,0.18935802578926086,-0.00767600460539387
COHFACE_s14_session3_natural,1,211,8.033333333333333,0.09543456137180328,-0.0022412136368815533
COHFACE_s14_session3_natural,1,212,8.066666666666666,0.18021051585674286,0.0032383580737956824
COHFACE_s14_session3_natural,1,213,8.1,0.18823584914207458,0.008429155040118796
COHFACE_s14_session3_natural,1,214,8.133333333333333,0.015351379290223122,0.012680186472415832
COHFACE_s14_session3_natural,1,215,8.166666666666666,-0.27260804176330566,0.015199026901477739
COHFACE_s14_session3_natural,1,216,8.2,-0.5382257699966431,0.015423894792631471
COHFACE_s14_session3_natural,1,217,8.233333333333333,-0.7212439179420471,0.013274886162259041
COHFACE_s14_session3_natural,1,218,8.266666666666667,-0.8341764807701111,0.009153855235759104
COHFACE_s14_session3_natural,1,219,8.3,-0.9057922959327698,0.003809339993707528
COHFACE_s14_session3_natural,1,220,8.333333333333334,-0.9729533195495605,-0.0017731311533058063
COHFACE_s14_session3_natural,1,221,8.366666666666667,-1.082417368888855,-0.006442510742046835
COHFACE_s14_session3_natural,1,222,8.4,-1.1930716037750244,-0.009050669779249359
COHFACE_s14_session3_natural,1,223,8.433333333333334,-1.2745150327682495,-0.008801532520502168
COHFACE_s14_session3_natural,1,224,8.466666666666667,-1.2826082706451416,-0.0056115949471489505
COHFACE_s14_session3_natural,1,225,8.5,-0.9557805061340332,-0.0001769147662436578
COHFACE_s14_session3_natural,1,226,8.533333333333333,-0.055108219385147095,0.00634668931776207
COHFACE_s14_session3_natural,1,227,8.566666666666666,0.9078963398933411,0.01281999648405202
COHFACE_s14_session3_natural,1,228,8.6,1.2882829904556274,0.018424347311625917
COHFACE_s14_session3_natural,1,229,8.633333333333333,1.1551849842071533,0.022622456933435828
COHFACE_s14_session3_natural,1,230,8.666666666666666,0.8063896298408508,0.024868248153917805
COHFACE_s14_session3_natural,1,231,8.7,0.3624805212020874,0.024378847866203528
COHFACE_s14_session3_natural,1,232,8.733333333333333,0.08808935433626175,0.020320440394982233
COHFACE_s14_session3_natural,1,233,8.766666666666667,0.11308346688747406,0.012483616356896455
COHFACE_s14_session3_natural,1,234,8.8,0.21588239073753357,0.0020285184358431354
COHFACE_s14_session3_natural,1,235,8.833333333333334,0.16011321544647217,-0.008379133758256036
COHFACE_s14_session3_natural,1,236,8.866666666666667,-0.05636642873287201,-0.015404972358828305
COHFACE_s14_session3_natural,1,237,8.9,-0.3322538435459137,-0.016550726347811694
COHFACE_s14_session3_natural,1,238,8.933333333333334,-0.5579149723052979,-0.011497346128076314
COHFACE_s14_session3_natural,1,239,8.966666666666667,-0.7117903232574463,-0.002464215934958284
COHFACE_s14_session3_natural,2,0,2.0,-1.0792207717895508,-0.006212048513301625
COHFACE_s14_session3_natural,2,1,2.033333333333333,-0.7946619987487793,2.691494199596223
COHFACE_s14_session3_natural,2,2,2.066666666666667,0.04949299991130829,4.97199932457546
COHFACE_s14_session3_natural,2,3,2.1,0.9890676736831665,6.519915897271919
COHFACE_s14_session3_natural,2,4,2.1333333333333333,1.3818663358688354,7.194829642076546
COHFACE_s14_session3_natural,2,5,2.1666666666666665,1.2622346878051758,7.049233080036943
COHFACE_s14_session3_natural,2,6,2.2,0.9334685206413269,6.2858157441988265
COHFACE_s14_session3_natural,2,7,2.2333333333333334,0.5126832723617554,5.1778143597854465
COHFACE_s14_session3_natural,2,8,2.2666666666666666,0.20782306790351868,3.9870469471860552
COHFACE_s14_session3_natural,2,9,2.3,0.1941528171300888,2.9057073829820896
COHFACE_s14_session3_natural,2,10,2.3333333333333335,0.2845737040042877,2.032663846237436
COHFACE_s14_session3_natural,2,11,2.3666666666666667,0.26692479848861694,1.3812626238808374
COHFACE_s14_session3_natural,2,12,2.4,0.08305652439594269,0.9071384204914313
COHFACE_s14_session3_natural,2,13,2.433333333333333,-0.17895661294460297,0.5421819621825504
COHFACE_s14_session3_natural,2,14,2.466666666666667,-0.4145473837852478,0.2233669240165532
COHFACE_s14_session3_natural,2,15,2.5,-0.5752578377723694,-0.08976621135919824
COHFACE_s14_session3_natural,2,16,2.533333333333333,-0.6821714639663696,-0.40995843939654475
COHFACE_s14_session3_natural,2,17,2.566666666666667,-0.73641037940979,-0.7268072762893301
COHFACE_s14_session3_natural,2,18,2.6,-0.8157114386558533,-1.0170025754192373
COHFACE_s14_session3_natural,2,19,2.6333333333333333,-0.9404779672622681,-1.2560836025835254
COHFACE_s14_session3_natural,2,20,2.6666666666666665,-1.0453852415084839,-1.4280280198529856
COHFACE_s14_session3_natural,2,21,2.7,-1.08360755443573,-1.5300256407749937
COHFACE_s14_session3_natural,2,22,2.7333333333333334,-1.0213433504104614,-1.5716388198170619
COHFACE_s14_session3_natural,2,23,2.7666666666666666,-0.49731701612472534,-1.5696265632353512
COHFACE_s14_session3_natural,2,24,2.8,0.49285799264907837,-1.5411156999044684
COHFACE_s14_session3_natural,2,25,2.8333333333333335,1.1782407760620117,-1.4979488819662379
COHFACE_s14_session3_natural,2,26,2.8666666666666667,1.2623707056045532,-1.443987738561686
COHFACE_s14_session3_natural,2,27,2.9,1.0126335620880127,-1.3757589349137567
COHFACE_s14_session3_natural,2,28,2.933333333333333,0.6190187931060791,-1.2858442780522474
COHFACE_s14_session3_natural,2,29,2.966666666666667,0.25311851501464844,-1.1676532323770101
COHFACE_s14_session3_natural,2,30,3.0,0.14600089192390442,-1.0195262492841648
COHFACE_s14_session3_natural,2,31,3.033333333333333,0.24927589297294617,-0.846289536294673
COHFACE_s14_session3_natural,2,32,3.066666666666667,0.3093297779560089,-0.6578511761499103
COHFACE_s14_session3_natural,2,33,3.1,0.16354778409004211,-0.4660697602095121
COHFACE_s14_session3_natural,2,34,3.1333333333333333,-0.07955824583768845,-0.28165687264431
COHFACE_s14_session3_natural,2,35,3.1666666666666665,-0.299472451210022,-0.11231868521993832
COHFACE_s14_session3_natural,2,36,3.2,-0.47823989391326904,0.03758181130627136
COHFACE_s14_session3_natural,2,37,3.2333333333333334,-0.6050127744674683,0.16630135827191544
COHFACE_s14_session3_natural,2,38,3.2666666666666666,-0.6878504157066345,0.27368347232443124
COHFACE_s14_session3_natural,2,39,3.3,-0.7549094557762146,0.3604127687716905
COHFACE_s14_session3_natural,2,40,3.3333333333333335,-0.8569942116737366,0.4277475650929401
COHFACE_s14_session3_natural,2,41,3.3666666666666667,-0.9570387005805969,0.4775299543603157
COHFACE_s14_session3_natural,2,42,3.4,-1.0158684253692627,0.5121061662144323
COHFACE_s14_session3_natural,2,43,3.433333333333333,-1.0097473859786987,0.5339130802730949
COHFACE_s14_session3_natural,2,44,3.466666666666667,-0.5600233674049377,0.5448062175880684
COHFACE_s14_session3_natural,2,45,3.5,0.43725883960723877,0.54551281263865
COHFACE_s14_session3_natural,2,46,3.533333333333333,1.2585279941558838,0.5356641948559564
COHFACE_s14_session3_natural,2,47,3.566666666666667,1.4954110383987427,0.5145567045771939
COHFACE_s14_session3_natural,2,48,3.6,1.3360267877578735,0.4822399034479162
COHFACE_s14_session3_natural,2,49,3.6333333333333333,0.9917541146278381,0.44021150379057766
COHFACE_s14_session3_natural,2,50,3.6666666666666665,0.5639296770095825,0.3912561368494737
COHFACE_s14_session3_natural,2,51,3.7,0.332793653011322,0.3385814509224157
COHFACE_s14_session3_natural,2,52,3.7333333333333334,0.38193172216415405,0.28488376130189125
COHFACE_s14_session3_natural,2,53,3.7666666666666666,0.4717065095901489,0.23193682685190609
COHFACE_s14_session3_natural,2,54,3.8,0.3740084171295166,0.180766957759464
COHFACE_s14_session3_natural,2,55,3.8333333333333335,0.12185691297054291,0.13201669415473544
COHFACE_s14_session3_natural,2,56,3.8666666666666667,-0.14801152050495148,0.0861634600930221
COHFACE_s14_session3_natural,2,57,3.9,-0.36755165457725525,0.0436074003662749
COHFACE_s14_session3_natural,2,58,3.933333333333333,-0.5106812119483948,0.004813442457502483
COHFACE_s14_session3_natural,2,59,3.966666666666667,-0.5768561363220215,-0.02942970581257634
COHFACE_s14_session3_natural,2,60,4.0,-0.6436091065406799,-0.05782088895862508
COHFACE_s14_session3_natural,2,61,4.033333333333333,-0.7639889121055603,-0.07872684156265719
COHFACE_s14_session3_natural,2,62,4.066666666666666,-0.8789958357810974,-0.09084499394595846
COHFACE_s14_session3_natural,2,63,4.1,-0.9650640487670898,-0.09409710049234796
COHFACE_s14_session3_natural,2,64,4.133333333333334,-0.9931186437606812,-0.09023821998315924
COHFACE_s14_session3_natural,2,65,4.166666666666667,-0.6521105170249939,-0.08277011644261258
COHFACE_s14_session3_natural,2,66,4.2,0.327386736869812,-0.07620562274278861
COHFACE_s14_session3_natural,2,67,4.233333333333333,1.3636733293533325,-0.07508396512436723
COHFACE_s14_session3_natural,2,68,4.266666666666667,1.7933681011199951,-0.08303939188125535
COHFACE_s14_session3_natural,2,69,4.3,1.7134889364242554,-0.10194359362350984
COHFACE_s14_session3_natural,2,70,4.333333333333333,1.4448447227478027,-0.1310977020818945
COHFACE_s14_session3_natural,2,71,4.366666666666666,1.0299763679504395,-0.16669704914614766
COHFACE_s14_session3_natural,2,72,4.4,0.649759829044342,-0.20207054334471053
COHFACE_s14_session3_natural,2,73,4.433333333333334,0.5704928040504456,-0.22911795096435425
COHFACE_s14_session3_natural,2,74,4.466666666666667,0.638401985168457,-0.2407666398514807
COHFACE_s14_session3_natural,2,75,4.5,0.5693705677986145,-0.23347249554535646
COHFACE_s14_session3_natural,2,76,4.533333333333333,0.33337172865867615,-0.20840969611499977
COHFACE_s14_session3_natural,2,77,4.566666666666666,0.04391608387231827,-0.1705850686617574
COHFACE_s14_session3_natural,2,78,4.6,-0.19616344571113586,-0.12650426761930003
COHFACE_s14_session3_natural,2,79,4.633333333333334,-0.3797936737537384,-0.08192429819947634
COHFACE_s14_session3_natural,2,80,4.666666666666667,-0.5029959678649902,-0.04073555051959081
COHFACE_s14_session3_natural,2,81,4.7,-0.5775022506713867,-0.004923289921405645
COHFACE_s14_session3_natural,2,82,4.733333333333333,-0.6652026772499084,0.024962248256625685
COHFACE_s14_session3_natural,2,83,4.766666666666667,-0.790513277053833,0.049261399590244476
COHFACE_s14_session3_natural,2,84,4.8,-0.9247673749923706,0.06871935051482307
COHFACE_s14_session3_natural,2,85,4.833333333333333,-1.0049185752868652,0.08404966256388037
COHFACE_s14_session3_natural,2,86,4.866666666666666,-0.9624456167221069,0.09560567933729319
COHFACE_s14_session3_natural,2,87,4.9,-0.4409017264842987,0.10330547764011408
COHFACE_s14_session3_natural,2,88,4.933333333333334,0.6682248711585999,0.10687189708914574
COHFACE_s14_session3_natural,2,89,4.966666666666667,1.602766752243042,0.1062489348977117
COHFACE_s14_session3_natural,2,90,5.0,1.8481510877609253,0.10191968544007517
COHFACE_s14_session3_natural,2,91,5.033333333333333,1.6706418991088867,0.09491061363101726
COHFACE_s14_session3_natural,2,92,5.066666666666666,1.3353127241134644,0.08650250611075483
COHFACE_s14_session3_natural,2,93,5.1,0.8836843371391296,0.07786499770610655
COHFACE_s14_session3_natural,2,94,5.133333333333334,0.5636916756629944,0.06981264731526918
COHFACE_s14_session3_natural,2,95,5.166666666666667,0.5561084151268005,0.06272549379749601
COHFACE_s14_session3_natural,2,96,5.2,0.6042603254318237,0.05655797788265874
COHFACE_s14_session3_natural,2,97,5.233333333333333,0.47643327713012695,0.05084467045296574
COHFACE_s14_session3_natural,2,98,5.266666666666667,0.21710659563541412,0.04468211131722397
COHFACE_s14_session3_natural,2,99,5.3,-0.07394732534885406,0.036774704361477305
COHFACE_s14_session3_natural,2,100,5.333333333333333,-0.3181755244731903,0.025695510998806258
COHFACE_s14_session3_natural,2,101,5.366666666666666,-0.4905839264392853,0.010422212005213568
COHFACE_s14_session3_natural,2,102,5.4,-0.5817869305610657,-0.0090287482622755
COHFACE_s14_session3_natural,2,103,5.433333333333334,-0.6658147573471069,-0.031215059732500567
COHFACE_s14_session3_natural,2,104,5.466666666666667,-0.784630298614502,-0.0533856610287114
COHFACE_s14_session3_natural,2,105,5.5,-0.914973795413971,-0.07208636388251637
COHFACE_s14_session3_natural,2,106,5.533333333333333,-1.0408965349197388,-0.0839899759059173
COHFACE_s14_session3_natural,2,107,5.566666666666666,-1.1234281063079834,-0.08663684149477108
COHFACE_s14_session3_natural,2,108,5.6,-1.068917155265808,-0.07893204540708652
COHFACE_s14_session3_natural,2,109,5.633333333333334,-0.5038120746612549,-0.061405019094000646
COHFACE_s14_session3_natural,2,110,5.666666666666667,0.5984453558921814,-0.03622650429516966
COHFACE_s14_session3_natural,2,111,5.7,1.447837233543396,-0.006911298144464826
COHFACE_s14_session3_natural,2,112,5.733333333333333,1.6295971870422363,0.022311167402183342
COHFACE_s14_session3_natural,2,113,5.766666666666667,1.3954346179962158,0.047314819215727694
COHFACE_s14_session3_natural,2,114,5.8,0.999779462814331,0.06481628913890969
COHFACE_s14_session3_natural,2,115,5.833333333333333,0.5635896325111389,0.0728477709409984
COHFACE_s14_session3_natural,2,116,5.866666666666666,0.4068238437175751,0.07102650491187433
COHFACE_s14_session3_natural,2,117,5.9,0.5464168190956116,0.06074467505433579
COHFACE_s14_session3_natural,2,118,5.933333333333334,0.6524122357368469,0.04510040551561785
COHFACE_s14_session3_natural,2,119,5.966666666666667,0.5332566499710083,0.02817730924632337
COHFACE_s14_session3_natural,2,120,6.0,0.25107818841934204,0.013598734025380135
COHFACE_s14_session3_natural,2,121,6.033333333333333,-0.0699346587061882,0.0029213751927568573
COHFACE_s14_session3_natural,2,122,6.066666666666666,-0.320147842168808,-0.005160314659468287
COHFACE_s14_session3_natural,2,123,6.1,-0.4789539873600006,-0.014082054807285369
COHFACE_s14_session3_natural,2,124,6.133333333333334,-0.6046386957168579,-0.02733177313762352
COHFACE_s14_session3_natural,2,125,6.166666666666667,-0.7225021123886108,-0.04612558079930399
COHFACE_s14_session3_natural,2,126,6.2,-0.8539677262306213,-0.06819074928351604
COHFACE_s14_session3_natural,2,127,6.233333333333333,-0.9916223883628845,-0.08843155730854307
COHFACE_s14_session3_natural,2,128,6.266666666666667,-1.1092817783355713,-0.10117808610927204
COHFACE_s14_session3_natural,2,129,6.3,-1.178279161453247,-0.10277987231638681
COHFACE_s14_session3_natural,2,130,6.333333333333333,-0.9561205506324768,-0.09309074829821337
COHFACE_s14_session3_natural,2,131,6.366666666666666,-0.09118816256523132,-0.0750878857768029
COHFACE_s14_session3_natural,2,132,6.4,0.9994733929634094,-0.053090615777595725
COHFACE_s14_session3_natural,2,133,6.433333333333334,1.5641703605651855,-0.0308544140406678
COHFACE_s14_session3_natural,2,134,6.466666666666667,1.5324091911315918,-0.010580866840862678
COHFACE_s14_session3_natural,2,135,6.5,1.2523729801177979,0.006978172218408497
COHFACE_s14_session3_natural,2,136,6.533333333333333,0.7979562282562256,0.02183500875290001
COHFACE_s14_session3_natural,2,137,6.566666666666666,0.3739404082298279,0.03414667758369124
COHFACE_s14_session3_natural,2,138,6.6,0.260769784450531,0.043970627805998946
COHFACE_s14_session3_natural,2,139,6.633333333333334,0.32157179713249207,0.05130680026035784
COHFACE_s14_session3_natural,2,140,6.666666666666667,0.27913281321525574,0.05622388965164701
COHFACE_s14_session3_natural,2,141,6.7,0.08244442194700241,0.05895338101573521
COHFACE_s14_session3_natural,2,142,6.733333333333333,-0.20422276854515076,0.05989889388308366
COHFACE_s14_session3_natural,2,143,6.766666666666667,-0.4749753475189209,0.05953593755174074
COHFACE_s14_session3_natural,2,144,6.8,-0.6755403876304626,0.058235164598116305
COHFACE_s14_session3_natural,2,145,6.833333333333333,-0.7883029580116272,0.05611383795736864
COHFACE_s14_session3_natural,2,146,6.866666666666666,-0.8542057871818542,0.05303890609784635
COHFACE_s14_session3_natural,2,147,6.9,-0.947313129901886,0.04881332180110173
COHFACE_s14_session3_natural,2,148,6.933333333333334,-1.0790847539901733,0.04340745503783082
COHFACE_s14_session3_natural,2,149,6.966666666666667,-1.2027971744537354,0.03701702977788416
COHFACE_s14_session3_natural,2,150,7.0,-1.2786636352539062,0.029856464210251416
COHFACE_s14_session3_natural,2,151,7.033333333333333,-1.2448620796203613,0.021833651080065616
COHFACE_s14_session3_natural,2,152,7.066666666666666,-0.8066999316215515,0.012404616727841778
COHFACE_s14_session3_natural,2,153,7.1,0.22098323702812195,0.0008430687747913195
COHFACE_s14_session3_natural,2,154,7.133333333333334,1.1639244556427002,-0.01311628868824103
COHFACE_s14_session3_natural,2,155,7.166666666666667,1.4271618127822876,-0.02863006027298803
COHFACE_s14_session3_natural,2,156,7.2,1.2659412622451782,-0.043607840070356896
COHFACE_s14_session3_natural,2,157,7.233333333333333,0.9184720516204834,-0.055362821960929225
COHFACE_s14_session3_natural,2,158,7.266666666666667,0.4519832730293274,-0.0617769168903126
COHFACE_s14_session3_natural,2,159,7.3,0.16446593403816223,-0.062263524980077645
COHFACE_s14_session3_natural,2,160,7.333333333333333,0.17252525687217712,-0.05788263586041016
COHFACE_s14_session3_natural,2,161,7.366666666666666,0.22295555472373962,-0.050522974271268145
COHFACE_s14_session3_natural,2,162,7.4,0.1355951726436615,-0.04173187555640371
COHFACE_s14_session3_natural,2,163,7.433333333333334,-0.09778524935245514,-0.032012432482764495
COHFACE_s14_session3_natural,2,164,7.466666666666667,-0.37068018317222595,-0.020991551891285713
COHFACE_s14_session3_natural,2,165,7.5,-0.6191250681877136,-0.00821021064902924
COHFACE_s14_session3_natural,2,166,7.533333333333333,-0.7858885526657104,0.006052237153539382
COHFACE_s14_session3_natural,2,167,7.566666666666666,-0.8736569881439209,0.02041213767561905
COHFACE_s14_session3_natural,2,168,7.6,-0.9378255605697632,0.03262292765392837
COHFACE_s14_session3_natural,2,169,7.633333333333334,-1.0446711778640747,0.040244259614345114
COHFACE_s14_session3_natural,2,170,7.666666666666667,-1.1817476749420166,0.04142407840863137
COHFACE_s14_session3_natural,2,171,7.7,-1.2640752792358398,0.03551474022969125
COHFACE_s14_session3_natural,2,172,7.733333333333333,-1.2916878461837769,0.02334415968108195
COHFACE_s14_session3_natural,2,173,7.766666666666667,-1.1337658166885376,0.007076492308462797
COHFACE_s14_session3_natural,2,174,7.8,-0.40121719241142273,-0.010291401006322445
COHFACE_s14_session3_natural,2,175,7.833333333333333,0.6588053107261658,-0.025664448940236635
COHFACE_s14_session3_natural,2,176,7.866666666666666,1.2857325077056885,-0.036624362363607554
COHFACE_s14_session3_natural,2,177,7.9,1.2936898469924927,-0.041995790257863916
COHFACE_s14_session3_natural,2,178,7.933333333333334,1.0173943042755127,-0.04193304050441425
COHFACE_s14_session3_natural,2,179,7.966666666666667,0.585523247718811,-0.03745213756680131
COHFACE_s14_session3_natural,2,180,8.0,0.18935802578926086,-0.029741356603136235
COHFACE_s14_session3_natural,2,181,8.033333333333333,0.09543456137180328,-0.019769222510635003
COHFACE_s14_session3_natural,2,182,8.066666666666666,0.18021051585674286,-0.008378401066533422
COHFACE_s14_session3_natural,2,183,8.1,0.18823584914207458,0.0034224730844823266
COHFACE_s14_session3_natural,2,184,8.133333333333333,0.015351379290223122,0.01437870679224162
COHFACE_s14_session3_natural,2,185,8.166666666666666,-0.27260804176330566,0.023255077543518722
COHFACE_s14_session3_natural,2,186,8.2,-0.5382257699966431,0.02920305087813174
COHFACE_s14_session3_natural,2,187,8.233333333333333,-0.7212439179420471,0.03188386056731629
COHFACE_s14_session3_natural,2,188,8.266666666666667,-0.8341764807701111,0.03130133668970041
COHFACE_s14_session3_natural,2,189,8.3,-0.9057922959327698,0.027642598879260096
COHFACE_s14_session3_natural,2,190,8.333333333333334,-0.9729533195495605,0.02141436039722543
COHFACE_s14_session3_natural,2,191,8.366666666666667,-1.082417368888855,0.013814633630760076
COHFACE_s14_session3_natural,2,192,8.4,-1.1930716037750244,0.006916254103667551
COHFACE_s14_session3_natural,2,193,8.433333333333334,-1.2745150327682495,0.003250462698545821
COHFACE_s14_session3_natural,2,194,8.466666666666667,-1.2826082706451416,0.004858703761965784
COHFACE_s14_session3_natural,2,195,8.5,-0.9557805061340332,0.012375137641899795
COHFACE_s14_session3_natural,2,196,8.533333333333333,-0.055108219385147095,0.02472691748644641
COHFACE_s14_session3_natural,2,197,8.566666666666666,0.9078963398933411,0.03961043839012221
COHFACE_s14_session3_natural,2,198,8.6,1.2882829904556274,0.05437074016491429
COHFACE_s14_session3_natural,2,199,8.633333333333333,1.1551849842071533,0.06667023380484814
COHFACE_s14_session3_natural,2,200,8.666666666666666,0.8063896298408508,0.07456623669169961
COHFACE_s14_session3_natural,2,201,8.7,0.3624805212020874,0.07613062305200165
COHFACE_s14_session3_natural,2,202,8.733333333333333,0.08808935433626175,0.06915690164841509
COHFACE_s14_session3_natural,2,203,8.766666666666667,0.11308346688747406,0.05149822021496894
COHFACE_s14_session3_natural,2,204,8.8,0.21588239073753357,0.02212794403526186
COHFACE_s14_session3_natural,2,205,8.833333333333334,0.16011321544647217,-0.01754367980305106
COHFACE_s14_session3_natural,2,206,8.866666666666667,-0.05636642873287201,-0.06284598383763433
COHFACE_s14_session3_natural,2,207,8.9,-0.3322538435459137,-0.10620526826997656
COHFACE_s14_session3_natural,2,208,8.933333333333334,-0.5579149723052979,-0.1389967786920779
COHFACE_s14_session3_natural,2,209,8.966666666666667,-0.7117903232574463,-0.15442257774642704
COHFACE_s14_session3_natural,2,210,9.0,-0.7894931435585022,-0.1500252681242926
COHFACE_s14_session3_natural,2,211,9.033333333333333,-0.8604288101196289,-0.1283626372509781
COHFACE_s14_session3_natural,2,212,9.066666666666666,-0.9421782493591309,-0.09556499000609926
COHFACE_s14_session3_natural,2,213,9.1,-1.0414745807647705,-0.05884179780156579
COHFACE_s14_session3_natural,2,214,9.133333333333333,-1.1387306451797485,-0.024275998071198505
COHFACE_s14_session3_natural,2,215,9.166666666666666,-1.2052115201950073,0.004345783604811463
COHFACE_s14_session3_natural,2,216,9.2,-1.14828622341156,0.025580919332091664
COHFACE_s14_session3_natural,2,217,9.233333333333333,-0.6303129196166992,0.03960217910473535
COHFACE_s14_session3_natural,2,218,9.266666666666667,0.3954319655895233,0.04724081113137558
COHFACE_s14_session3_natural,2,219,9.3,1.1720857620239258,0.04930196847308717
COHFACE_s14_session3_natural,2,220,9.333333333333334,1.2727763652801514,0.04639224124488664
COHFACE_s14_session3_natural,2,221,9.366666666666667,1.0370495319366455,0.039190020043571666
COHFACE_s14_session3_natural,2,222,9.4,0.6352734565734863,0.02889191581507014
COHFACE_s14_session3_natural,2,223,9.433333333333334,0.20074990391731262,0.01751005019613234
COHFACE_s14_session3_natural,2,224,9.466666666666667,0.07207271456718445,0.007753359569194173
COHFACE_s14_session3_natural,2,225,9.5,0.19802945852279663,0.0024220763832990635
COHFACE_s14_session3_natural,2,226,9.533333333333333,0.26243606209754944,0.0035311650871963384
COHFACE_s14_session3_natural,2,227,9.566666666666666,0.13263669610023499,0.011549991020425815
COHFACE_s14_session3_natural,2,228,9.6,-0.10751084983348846,0.025062286483305562
COHFACE_s14_session3_natural,2,229,9.633333333333333,-0.3646951913833618,0.04094168822104914
COHFACE_s14_session3_natural,2,230,9.666666666666666,-0.5754278898239136,0.054995066371280335
COHFACE_s14_session3_natural,2,231,9.7,-0.7032889127731323,0.06297687070690416
COHFACE_s14_session3_natural,2,232,9.733333333333333,-0.769497811794281,0.061834977674861735
COHFACE_s14_session3_natural,2,233,9.766666666666667,-0.8211183547973633,0.050906502886189954
COHFACE_s14_session3_natural,2,234,9.8,-0.9098729491233826,0.03256827651416769
COHFACE_s14_session3_natural,2,235,9.833333333333334,-1.0322930812835693,0.011811368358119332
COHFACE_s14_session3_natural,2,236,9.866666666666667,-1.1323375701904297,-0.005431134335654226
COHFACE_s14_session3_natural,2,237,9.9,-1.1310453414916992,-0.014694994238384298
COHFACE_s14_session3_natural,2,238,9.933333333333334,-0.8149633407592773,-0.015003815130976074
COHFACE_s14_session3_natural,2,239,9.966666666666667,0.10587428510189056,-0.009356284979015486
COHFACE_s14_session3_natural,3,0,3.0,0.14600089192390442,0.004019863559795053
COHFACE_s14_session3_natural,3,1,3.033333333333333,0.24927589297294617,2.6877938499646437
COHFACE_s14_session3_natural,3,2,3.066666666666667,0.3093297779560089,4.9572987625323774
COHFACE_s14_session3_natural,3,3,3.1,0.16354778409004211,6.499174116451877
COHFACE_s14_session3_natural,3,4,3.1333333333333333,-0.07955824583768845,7.173272921345535
COHFACE_s14_session3_natural,3,5,3.1666666666666665,-0.299472451210022,7.030632892354273
COHFACE_s14_session3_natural,3,6,3.2,-0.47823989391326904,6.27146202180389
COHFACE_s14_session3_natural,3,7,3.2333333333333334,-0.6050127744674683,5.166475800612713
COHFACE_s14_session3_natural,3,8,3.2666666666666666,-0.6878504157066345,3.9757195613367333
COHFACE_s14_session3_natural,3,9,3.3,-0.7549094557762146,2.8906364609343678
COHFACE_s14_session3_natural,3,10,3.3333333333333335,-0.8569942116737366,2.01016904188196
COHFACE_s14_session3_natural,3,11,3.3666666666666667,-0.9570387005805969,1.348214333316936
COHFACE_s14_session3_natural,3,12,3.4,-1.0158684253692627,0.8612403152173157
COHFACE_s14_session3_natural,3,13,3.433333333333333,-1.0097473859786987,0.48230104959778825
COHFACE_s14_session3_natural,3,14,3.466666666666667,-0.5600233674049377,0.1500026975411709
COHFACE_s14_session3_natural,3,15,3.5,0.43725883960723877,-0.17407721612392205
COHFACE_s14_session3_natural,3,16,3.533333333333333,1.2585279941558838,-0.5007628747554185
COHFACE_s14_session3_natural,3,17,3.566666666666667,1.4954110383987427,-0.8187256170064248
COHFACE_s14_session3_natural,3,18,3.6,1.3360267877578735,-1.1052692161088666
COHFACE_s14_session3_natural,3,19,3.6333333333333333,0.9917541146278381,-1.3375980840842097
COHFACE_s14_session3_natural,3,20,3.6666666666666665,0.5639296770095825,-1.500954285863404
COHFACE_s14_session3_natural,3,21,3.7,0.332793653011322,-1.5919451839124965
COHFACE_s14_session3_natural,3,22,3.7333333333333334,0.38193172216415405,-1.6173520393538963
COHFACE_s14_session3_natural,3,23,3.7666666666666666,0.4717065095901489,-1.5901343185139605
COHFACE_s14_session3_natural,3,24,3.8,0.3740084171295166,-1.5248613654156262
COHFACE_s14_session3_natural,3,25,3.8333333333333335,0.12185691297054291,-1.4343343114525817
COHFACE_s14_session3_natural,3,26,3.8666666666666667,-0.14801152050495148,-1.3280320641467966
COHFACE_s14_session3_natural,3,27,3.9,-0.36755165457725525,-1.2119707210277364
COHFACE_s14_session3_natural,3,28,3.933333333333333,-0.5106812119483948,-1.0892050698453628
COHFACE_s14_session3_natural,3,29,3.966666666666667,-0.5768561363220215,-0.9604847184070244
COHFACE_s14_session3_natural,3,30,4.0,-0.6436091065406799,-0.82505830937215
COHFACE_s14_session3_natural,3,31,4.033333333333333,-0.7639889121055603,-0.6818186015163473
COHFACE_s14_session3_natural,3,32,4.066666666666666,-0.8789958357810974,-0.5307178156453041
COHFACE_s14_session3_natural,3,33,4.1,-0.9650640487670898,-0.37397270080766526
COHFACE_s14_session3_natural,3,34,4.133333333333334,-0.9931186437606812,-0.21646840430509914
COHFACE_s14_session3_natural,3,35,4.166666666666667,-0.6521105170249939,-0.06511374159451766
COHFACE_s14_session3_natural,3,36,4.2,0.327386736869812,0.07251362856720622
COHFACE_s14_session3_natural,3,37,4.233333333333333,1.3636733293533325,0.18957237389997866
COHFACE_s14_session3_natural,3,38,4.266666666666667,1.7933681011199951,0.28099468570195313
COHFACE_s14_session3_natural,3,39,4.3,1.7134889364242554,0.3442075658706553
COHFACE_s14_session3_natural,3,40,4.333333333333333,1.4448447227478027,0.37977318250086145
COHFACE_s14_session3_natural,3,41,4.366666666666666,1.0299763679504395,0.39189971782290456
COHFACE_s14_session3_natural,3,42,4.4,0.649759829044342,0.38827780302777565
COHFACE_s14_session3_natural,3,43,4.433333333333334,0.5704928040504456,0.3785897074511303
COHFACE_s14_session3_natural,3,44,4.466666666666667,0.638401985168457,0.3716917637311788
COHFACE_s14_session3_natural,3,45,4.5,0.5693705677986145,0.3725323576328228
COHFACE_s14_session3_natural,3,46,4.533333333333333,0.33337172865867615,0.3805187656483039
COHFACE_s14_session3_natural,3,47,4.566666666666666,0.04391608387231827,0.3904646092611103
COHFACE_s14_session3_natural,3,48,4.6,-0.19616344571113586,0.39552841588033716
COHFACE_s14_session3_natural,3,49,4.633333333333334,-0.3797936737537384,0.39026649544132685
COHFACE_s14_session3_natural,3,50,4.666666666666667,-0.5029959678649902,0.3723070657158205
COHFACE_s14_session3_natural,3,51,4.7,-0.5775022506713867,0.34242080350773463
COHFACE_s14_session3_natural,3,52,4.733333333333333,-0.6652026772499084,0.3035686247075134
COHFACE_s14_session3_natural,3,53,4.766666666666667,-0.790513277053833,0.25960452711427856
COHFACE_s14_session3_natural,3,54,4.8,-0.9247673749923706,0.21409600254054864
COHFACE_s14_session3_natural,3,55,4.833333333333333,-1.0049185752868652,0.16951127203662078
COHFACE_s14_session3_natural,3,56,4.866666666666666,-0.9624456167221069,0.12692374467044357
COHFACE_s14_session3_natural,3,57,4.9,-0.4409017264842987,0.08629868227533717
COHFACE_s14_session3_natural,3,58,4.933333333333334,0.6682248711585999,0.04723366191887003
COHFACE_s14_session3_natural,3,59,4.966666666666667,1.602766752243042,0.009784326927660479
COHFACE_s14_session3_natural,3,60,5.0,1.8481510877609253,-0.02510244857058535
COHFACE_s14_session3_natural,3,61,5.033333333333333,1.6706418991088867,-0.055834640486704924
COHFACE_s14_session3_natural,3,62,5.066666666666666,1.3353127241134644,-0.08093154828894994
COHFACE_s14_session3_natural,3,63,5.1,0.8836843371391296,-0.09976683042906478
COHFACE_s14_session3_natural,3,64,5.133333333333334,0.5636916756629944,-0.1128319659716092
COHFACE_s14_session3_natural,3,65,5.166666666666667,0.5561084151268005,-0.12141941148488623
COHFACE_s14_session3_natural,3,66,5.2,0.6042603254318237,-0.12698982999507988
COHFACE_s14_session3_natural,3,67,5.233333333333333,0.47643327713012695,-0.13062938814591046
COHFACE_s14_session3_natural,3,68,5.266666666666667,0.21710659563541412,-0.13286753470690127
COHFACE_s14_session3_natural,3,69,5.3,-0.07394732534885406,-0.13384769496605975
COHFACE_s14_session3_natural,3,70,5.333333333333333,-0.3181755244731903,-0.1336273786138806
COHFACE_s14_session3_natural,3,71,5.366666666666666,-0.4905839264392853,-0.13236450560649246
COHFACE_s14_session3_natural,3,72,5.4,-0.5817869305610657,-0.13030773822576547
COHFACE_s14_session3_natural,3,73,5.433333333333334,-0.6658147573471069,-0.12766359337273045
COHFACE_s14_session3_natural,3,74,5.466666666666667,-0.784630298614502,-0.12441781156294057
COHFACE_s14_session3_natural,3,75,5.5,-0.914973795413971,-0.12013226971474902
COHFACE_s14_session3_natural,3,76,5.533333333333333,-1.0408965349197388,-0.11376031221988403
COHFACE_s14_session3_natural,3,77,5.566666666666666,-1.1234281063079834,-0.10360680205442188
COHFACE_s14_session3_natural,3,78,5.6,-1.068917155265808,-0.08760179075949624
COHFACE_s14_session3_natural,3,79,5.633333333333334,-0.5038120746612549,-0.0639767229595822
COHFACE_s14_session3_natural,3,80,5.666666666666667,0.5984453558921814,-0.03222518547812027
COHFACE_s14_session3_natural,3,81,5.7,1.447837233543396,0.006001818021179257
COHFACE_s14_session3_natural,3,82,5.733333333333333,1.6295971870422363,0.046526134808646265
COHFACE_s14_session3_natural,3,83,5.766666666666667,1.3954346179962158,0.08313695621519883
COHFACE_s14_session3_natural,3,84,5.8,0.999779462814331,0.1089625717394594
COHFACE_s14_session3_natural,3,85,5.833333333333333,0.5635896325111389,0.11841877909315116
COHFACE_s14_session3_natural,3,86,5.866666666666666,0.4068238437175751,0.10926982534108126
COHFACE_s14_session3_natural,3,87,5.9,0.5464168190956116,0.08415708926811688
COHFACE_s14_session3_natural,3,88,5.933333333333334,0.6524122357368469,0.0507164885557854
COHFACE_s14_session3_natural,3,89,5.966666666666667,0.5332566499710083,0.019578469072950546
COHFACE_s14_session3_natural,3,90,6.0,0.25107818841934204,0.00047340627598706697
COHFACE_s14_session3_natural,3,91,6.033333333333333,-0.0699346587061882,-0.002007877631709442
COHFACE_s14_session3_natural,3,92,6.066666666666666,-0.320147842168808,0.009368427613792847
COHFACE_s14_session3_natural,3,93,6.1,-0.4789539873600006,0.025910688840974236
COHFACE_s14_session3_natural,3,94,6.133333333333334,-0.6046386957168579,0.037423316357722676
COHFACE_s14_session3_natural,3,95,6.166666666666667,-0.7225021123886108,0.0370046259573655
COHFACE_s14_session3_natural,3,96,6.2,-0.8539677262306213,0.02367706696109678
COHFACE_s14_session3_natural,3,97,6.233333333333333,-0.9916223883628845,0.0019145515174827368
COHFACE_s14_session3_natural,3,98,6.266666666666667,-1.1092817783355713,-0.021162744307338163
COHFACE_s14_session3_natural,3,99,6.3,-1.178279161453247,-0.03919649252949669
COHFACE_s14_session3_natural,3,100,6.333333333333333,-0.9561205506324768,-0.0488930130170667
COHFACE_s14_session3_natural,3,101,6.366666666666666,-0.09118816256523132,-0.05037240069934547
COHFACE_s14_session3_natural,3,102,6.4,0.9994733929634094,-0.04590994068957152
COHFACE_s14_session3_natural,3,103,6.433333333333334,1.5641703605651855,-0.038190651301788364
COHFACE_s14_session3_natural,3,104,6.466666666666667,1.5324091911315918,-0.02910736891992701
COHFACE_s14_session3_natural,3,105,6.5,1.2523729801177979,-0.01947843827659177
COHFACE_s14_session3_natural,3,106,6.533333333333333,0.7979562282562256,-0.009439463112108115
COHFACE_s14_session3_natural,3,107,6.566666666666666,0.3739404082298279,0.000979072645969308
COHFACE_s14_session3_natural,3,108,6.6,0.260769784450531,0.011435577119621562
COHFACE_s14_session3_natural,3,109,6.633333333333334,0.32157179713249207,0.021132403542751154
COHFACE_s14_session3_natural,3,110,6.666666666666667,0.27913281321525574,0.02896211601593242
COHFACE_s14_session3_natural,3,111,6.7,0.08244442194700241,0.03392240081303903
COHFACE_s14_session3_natural,3,112,6.733333333333333,-0.20422276854515076,0.03563192362155899
COHFACE_s14_session3_natural,3,113,6.766666666666667,-0.4749753475189209,0.0346469113635264
COHFACE_s14_session3_natural,3,114,6.8,-0.6755403876304626,0.03233420615076967
COHFACE_s14_session3_natural,3,115,6.833333333333333,-0.7883029580116272,0.030298598030386998
COHFACE_s14_session3_natural,3,116,6.866666666666666,-0.8542057871818542,0.02964170850866786
COHFACE_s14_session3_natural,3,117,6.9,-0.947313129901886,0.030440904194672845
COHFACE_s14_session3_natural,3,118,6.933333333333334,-1.0790847539901733,0.03168894221776228
COHFACE_s14_session3_natural,3,119,6.966666666666667,-1.2027971744537354,0.03168212898031308
COHFACE_s14_session3_natural,3,120,7.0,-1.2786636352539062,0.02867991249497187
COHFACE_s14_session3_natural,3,121,7.033333333333333,-1.2448620796203613,0.021600472113766242
COHFACE_s14_session3_natural,3,122,7.066666666666666,-0.8066999316215515,0.010517547138612852
COHFACE_s14_session3_natural,3,123,7.1,0.22098323702812195,-0.0031979917274422907
COHFACE_s14_session3_natural,3,124,7.133333333333334,1.1639244556427002,-0.017106358826767972
COHFACE_s14_session3_natural,3,125,7.166666666666667,1.4271618127822876,-0.028242434241206843
COHFACE_s14_session3_natural,3,126,7.2,1.2659412622451782,-0.03396259637501315
COHFACE_s14_session3_natural,3,127,7.233333333333333,0.9184720516204834,-0.03299950886774425
COHFACE_s14_session3_natural,3,128,7.266666666666667,0.4519832730293274,-0.026308426508545996
COHFACE_s14_session3_natural,3,129,7.3,0.16446593403816223,-0.017087530100450384
COHFACE_s14_session3_natural,3,130,7.333333333333333,0.17252525687217712,-0.009644412945858279
COHFACE_s14_session3_natural,3,131,7.366666666666666,0.22295555472373962,-0.007465291503494926
COHFACE_s14_session3_natural,3,132,7.4,0.1355951726436615,-0.01147702809769471
COHFACE_s14_session3_natural,3,133,7.433333333333334,-0.09778524935245514,-0.01953883159762676
COHFACE_s14_session3_natural,3,134,7.466666666666667,-0.37068018317222595,-0.027491930704773626
COHFACE_s14_session3_natural,3,135,7.5,-0.6191250681877136,-0.031157836470224395
COHFACE_s14_session3_natural,3,136,7.533333333333333,-0.7858885526657104,-0.028192359240838
COHFACE_s14_session3_natural,3,137,7.566666666666666,-0.8736569881439209,-0.018917814795816713
COHFACE_s14_session3_natural,3,138,7.6,-0.9378255605697632,-0.00594857202984139
COHFACE_s14_session3_natural,3,139,7.633333333333334,-1.0446711778640747,0.00694889215276115
COHFACE_s14_session3_natural,3,140,7.666666666666667,-1.1817476749420166,0.016165522458562596
COHFACE_s14_session3_natural,3,141,7.7,-1.2640752792358398,0.019320024616894072
COHFACE_s14_session3_natural,3,142,7.733333333333333,-1.2916878461837769,0.01588682272364984
COHFACE_s14_session3_natural,3,143,7.766666666666667,-1.1337658166885376,0.007289784029066758
COHFACE_s14_session3_natural,3,144,7.8,-0.40121719241142273,-0.003567451263485527
COHFACE_s14_session3_natural,3,145,7.833333333333333,0.6588053107261658,-0.013273534816096718
COHFACE_s14_session3_natural,3,146,7.866666666666666,1.2857325077056885,-0.01915258738827364
COHFACE_s14_session3_natural,3,147,7.9,1.2936898469924927,-0.02031222549233215
COHFACE_s14_session3_natural,3,148,7.933333333333334,1.0173943042755127,-0.01790051126035564
COHFACE_s14_session3_natural,3,149,7.966666666666667,0.585523247718811,-0.014286226753101152
COHFACE_s14_session3_natural,3,150,8.0,0.18935802578926086,-0.011626995074153601
COHFACE_s14_session3_natural,3,151,8.033333333333333,0.09543456137180328,-0.010774479503895058
COHFACE_s14_session3_natural,3,152,8.066666666666666,0.18021051585674286,-0.011131398279923321
COHFACE_s14_session3_natural,3,153,8.1,0.18823584914207458,-0.011324658675371713
COHFACE_s14_session3_natural,3,154,8.133333333333333,0.015351379290223122,-0.010093327873927655
COHFACE_s14_session3_natural,3,155,8.166666666666666,-0.27260804176330566,-0.006836202526294323
COHFACE_s14_session3_natural,3,156,8.2,-0.5382257699966431,-0.0016470102175638707
COHFACE_s14_session3_natural,3,157,8.233333333333333,-0.7212439179420471,0.004959723181079124
COHFACE_s14_session3_natural,3,158,8.266666666666667,-0.8341764807701111,0.012329488280232675
COHFACE_s14_session3_natural,3,159,8.3,-0.9057922959327698,0.019809189438316843
COHFACE_s14_session3_natural,3,160,8.333333333333334,-0.9729533195495605,0.02681036837384821
COHFACE_s14_session3_natural,3,161,8.366666666666667,-1.082417368888855,0.032893200478800455
COHFACE_s14_session3_natural,3,162,8.4,-1.1930716037750244,0.03781223207852524
COHFACE_s14_session3_natural,3,163,8.433333333333334,-1.2745150327682495,0.04140364461775042
COHFACE_s14_session3_natural,3,164,8.466666666666667,-1.2826082706451416,0.04341133831500239
COHFACE_s14_session3_natural,3,165,8.5,-0.9557805061340332,0.04353588411461427
COHFACE_s14_session3_natural,3,166,8.533333333333333,-0.055108219385147095,0.041823336070824495
COHFACE_s14_session3_natural,3,167,8.566666666666666,0.9078963398933411,0.0391418483941028
COHFACE_s14_session3_natural,3,168,8.6,1.2882829904556274,0.037273814959430385
COHFACE_s14_session3_natural,3,169,8.633333333333333,1.1551849842071533,0.03826961378467591
COHFACE_s14_session3_natural,3,170,8.666666666666666,0.8063896298408508,0.04314046538402817
COHFACE_s14_session3_natural,3,171,8.7,0.3624805212020874,0.050494519105094275
COHFACE_s14_session3_natural,3,172,8.733333333333333,0.08808935433626175,0.056015353194393595
COHFACE_s14_session3_natural,3,173,8.766666666666667,0.11308346688747406,0.053441942543892416
COHFACE_s14_session3_natural,3,174,8.8,0.21588239073753357,0.036940456477211975
COHFACE_s14_session3_natural,3,175,8.833333333333334,0.16011321544647217,0.003959886147882592
COHFACE_s14_session3_natural,3,176,8.866666666666667,-0.05636642873287201,-0.04266562830590262
COHFACE_s14_session3_natural,3,177,8.9,-0.3322538435459137,-0.09445580385156296
COHFACE_s14_session3_natural,3,178,8.933333333333334,-0.5579149723052979,-0.13943622279690096
COHFACE_s14_session3_natural,3,179,8.966666666666667,-0.7117903232574463,-0.16624389670985557
COHFACE_s14_session3_natural,3,180,9.0,-0.7894931435585022,-0.16842424018228538
COHFACE_s14_session3_natural,3,181,9.033333333333333,-0.8604288101196289,-0.1467142963348318
COHFACE_s14_session3_natural,3,182,9.066666666666666,-0.9421782493591309,-0.10822753311226427
COHFACE_s14_session3_natural,3,183,9.1,-1.0414745807647705,-0.06322980580044149
COHFACE_s14_session3_natural,3,184,9.133333333333333,-1.1387306451797485,-0.021280963703833405
COHFACE_s14_session3_natural,3,185,9.166666666666666,-1.2052115201950073,0.011527355486902174
COHFACE_s14_session3_natural,3,186,9.2,-1.14828622341156,0.033373801120738004
COHFACE_s14_session3_natural,3,187,9.233333333333333,-0.6303129196166992,0.045751727587232074
COHFACE_s14_session3_natural,3,188,9.266666666666667,0.3954319655895233,0.05164899059672607
COHFACE_s14_session3_natural,3,189,9.3,1.1720857620239258,0.05385630617380193
COHFACE_s14_session3_natural,3,190,9.333333333333334,1.2727763652801514,0.054030321366704756
COHFACE_s14_session3_natural,3,191,9.366666666666667,1.0370495319366455,0.052626706917171695
COHFACE_s14_session3_natural,3,192,9.4,0.6352734565734863,0.04945380633273464
COHFACE_s14_session3_natural,3,193,9.433333333333334,0.20074990391731262,0.04443690570971277
COHFACE_s14_session3_natural,3,194,9.466666666666667,0.07207271456718445,0.03817479171846546
COHFACE_s14_session3_natural,3,195,9.5,0.19802945852279663,0.03200892158427436
COHFACE_s14_session3_natural,3,196,9.533333333333333,0.26243606209754944,0.027581883632743248
COHFACE_s14_session3_natural,3,197,9.566666666666666,0.13263669610023499,0.0261065623141012
COHFACE_s14_session3_natural,3,198,9.6,-0.10751084983348846,0.027681562427975648
COHFACE_s14_session3_natural,3,199,9.633333333333333,-0.3646951913833618,0.030969303180925382
COHFACE_s14_session3_natural,3,200,9.666666666666666,-0.5754278898239136,0.03344313824383446
COHFACE_s14_session3_natural,3,201,9.7,-0.7032889127731323,0.03221649190712671
COHFACE_s14_session3_natural,3,202,9.733333333333333,-0.769497811794281,0.02521298064474032
COHFACE_s14_session3_natural,3,203,9.766666666666667,-0.8211183547973633,0.0122108612408905
COHFACE_s14_session3_natural,3,204,9.8,-0.9098729491233826,-0.0047730685292128195
COHFACE_s14_session3_natural,3,205,9.833333333333334,-1.0322930812835693,-0.022088544297933412
COHFACE_s14_session3_natural,3,206,9.866666666666667,-1.1323375701904297,-0.03590260919546583
COHFACE_s14_session3_natural,3,207,9.9,-1.1310453414916992,-0.04383045776510337
COHFACE_s14_session3_natural,3,208,9.933333333333334,-0.8149633407592773,-0.04584248022757937
COHFACE_s14_session3_natural,3,209,9.966666666666667,0.10587428510189056,-0.04390017073724659
COHFACE_s14_session3_natural,3,210,10.0,1.1416847705841064,-0.040630376529600144
COHFACE_s14_session3_natural,3,211,10.033333333333333,1.5746440887451172,-0.03797304837076467
COHFACE_s14_session3_natural,3,212,10.066666666666666,1.4676624536514282,-0.03655019519455291
COHFACE_s14_session3_natural,3,213,10.1,1.1435210704803467,-0.035802875067566436
COHFACE_s14_session3_natural,3,214,10.133333333333333,0.7126021981239319,-0.03441044663531399
COHFACE_s14_session3_natural,3,215,10.166666666666666,0.39033111929893494,-0.030559694179592117
COHFACE_s14_session3_natural,3,216,10.2,0.3568696081638336,-0.022166061218868407
COHFACE_s14_session3_natural,3,217,10.233333333333333,0.4431418180465698,-0.007493742046177133
COHFACE_s14_session3_natural,3,218,10.266666666666667,0.4058716595172882,0.013717566707918075
COHFACE_s14_session3_natural,3,219,10.3,0.1937447488307953,0.0391790839288734
COHFACE_s14_session3_natural,3,220,10.333333333333334,-0.0991794764995575,0.06391580144650227
COHFACE_s14_session3_natural,3,221,10.366666666666667,-0.34500595927238464,0.0816017731959839
COHFACE_s14_session3_natural,3,222,10.4,-0.513231635093689,0.08703713531756681
COHFACE_s14_session3_natural,3,223,10.433333333333334,-0.6244979500770569,0.07863042116652608
COHFACE_s14_session3_natural,3,224,10.466666666666667,-0.7141707539558411,0.05956304022118218
COHFACE_s14_session3_natural,3,225,10.5,-0.8012250661849976,0.036833407418822156
COHFACE_s14_session3_natural,3,226,10.533333333333333,-0.9055202007293701,0.01834738024702117
COHFACE_s14_session3_natural,3,227,10.566666666666666,-1.0279403924942017,0.009261304998115165
COHFACE_s14_session3_natural,3,228,10.6,-1.0936051607131958,0.009398545746857343
COHFACE_s14_session3_natural,3,229,10.633333333333333,-0.9944108724594116,0.013194679212977378
COHFACE_s14_session3_natural,3,230,10.666666666666666,-0.344699889421463,0.012272249369884858
COHFACE_s14_session3_natural,3,231,10.7,0.787482500076294,-0.0006322820732229638
COHFACE_s14_session3_natural,3,232,10.733333333333333,1.6006243228912354,-0.028133782288891067
COHFACE_s14_session3_natural,3,233,10.766666666666667,1.7064497470855713,-0.06643427401950606
COHFACE_s14_session3_natural,3,234,10.8,1.4833390712738037,-0.10600852781613157
COHFACE_s14_session3_natural,3,235,10.833333333333334,1.1248520612716675,-0.1345865822657716
COHFACE_s14_session3_natural,3,236,10.866666666666667,0.6691769957542419,-0.14142981954724934
COHFACE_s14_session3_natural,3,237,10.9,0.42777127027511597,-0.12133238969498975
COHFACE_s14_session3_natural,3,238,10.933333333333334,0.46973419189453125,-0.07680622243424819
COHFACE_s14_session3_natural,3,239,10.966666666666667,0.5095887780189514,-0.017608815170030444
COHFACE_s14_session3_natural,4,0,4.0,-0.6436091065406799,0.009406010408181321
COHFACE_s14_session3_natural,4,1,4.033333333333333,-0.7639889121055603,2.710650574876782
COHFACE_s14_session3_natural,4,2,4.066666666666666,-0.8789958357810974,4.995827054770493
COHFACE_s14_session3_natural,4,3,4.1,-0.9650640487670898,6.5502703730591945
COHFACE_s14_session3_natural,4,4,4.133333333333334,-0.9931186437606812,7.233302031856315
COHFACE_s14_session3_natural,4,5,4.166666666666667,-0.6521105170249939,7.095988971493255
COHFACE_s14_session3_natural,4,6,4.2,0.327386736869812,6.338555717807327
COHFACE_s14_session3_natural,4,7,4.233333333333333,1.3636733293533325,5.231159465075738
COHFACE_s14_session3_natural,4,8,4.266666666666667,1.7933681011199951,4.032582191628472
COHFACE_s14_session3_natural,4,9,4.3,1.7134889364242554,2.932836015394014
COHFACE_s14_session3_natural,4,10,4.333333333333333,1.4448447227478027,2.030386137928884
COHFACE_s14_session3_natural,4,11,4.366666666666666,1.0299763679504395,1.340842570689234
COHFACE_s14_session3_natural,4,12,4.4,0.649759829044342,0.8251528733806297
COHFACE_s14_session3_natural,4,13,4.433333333333334,0.5704928040504456,0.42282159106021167
COHFACE_s14_session3_natural,4,14,4.466666666666667,0.638401985168457,0.07861317697794802
COHFACE_s14_session3_natural,4,15,4.5,0.5693705677986145,-0.2428580052833837
COHFACE_s14_session3_natural,4,16,4.533333333333333,0.33337172865867615,-0.5542213176473112
COHFACE_s14_session3_natural,4,17,4.566666666666666,0.04391608387231827,-0.8501060854152351
COHFACE_s14_session3_natural,4,18,4.6,-0.19616344571113586,-1.1151729150129037
COHFACE_s14_session3_natural,4,19,4.633333333333334,-0.3797936737537384,-1.332329399953594
COHFACE_s14_session3_natural,4,20,4.666666666666667,-0.5029959678649902,-1.4891407289146945
COHFACE_s14_session3_natural,4,21,4.7,-0.5775022506713867,-1.5812204693942373
COHFACE_s14_session3_natural,4,22,4.733333333333333,-0.6652026772499084,-1.6123755097206995
COHFACE_s14_session3_natural,4,23,4.766666666666667,-0.790513277053833,-1.592304585548787
COHFACE_s14_session3_natural,4,24,4.8,-0.9247673749923706,-1.533241814158562
COHFACE_s14_session3_natural,4,25,4.833333333333333,-1.0049185752868652,-1.4469057604040116
COHFACE_s14_session3_natural,4,26,4.866666666666666,-0.9624456167221069,-1.3425795375806329
COHFACE_s14_session3_natural,4,27,4.9,-0.4409017264842987,-1.2264693088455947
COHFACE_s14_session3_natural,4,28,4.933333333333334,0.6682248711585999,-1.102022429832083
COHFACE_s14_session3_natural,4,29,4.966666666666667,1.602766752243042,-0.9707554581882978
COHFACE_s14_session3_natural,4,30,5.0,1.8481510877609253,-0.8332531219877544
COHFACE_s14_session3_natural,4,31,5.033333333333333,1.6706418991088867,-0.6901373116864122
COHFACE_s14_session3_natural,4,32,5.066666666666666,1.3353127241134644,-0.5428274603492453
COHFACE_s14_session3_natural,4,33,5.1,0.8836843371391296,-0.393900563842589
COHFACE_s14_session3_natural,4,34,5.133333333333334,0.5636916756629944,-0.24694826740435616
COHFACE_s14_session3_natural,4,35,5.166666666666667,0.5561084151268005,-0.10602160832827213
COHFACE_s14_session3_natural,4,36,5.2,0.6042603254318237,0.025052383991258507
COHFACE_s14_session3_natural,4,37,5.233333333333333,0.47643327713012695,0.14313756663640012
COHFACE_s14_session3_natural,4,38,5.266666666666667,0.21710659563541412,0.24584158589704244
COHFACE_s14_session3_natural,4,39,5.3,-0.07394732534885406,0.3312548674985839
COHFACE_s14_session3_natural,4,40,5.333333333333333,-0.3181755244731903,0.39774174033661425
COHFACE_s14_session3_natural,4,41,5.366666666666666,-0.4905839264392853,0.4441347799396623
COHFACE_s14_session3_natural,4,42,5.4,-0.5817869305610657,0.470328662350677
COHFACE_s14_session3_natural,4,43,5.433333333333334,-0.6658147573471069,0.4778943669652233
COHFACE_s14_session3_natural,4,44,5.466666666666667,-0.784630298614502,0.470272686332181
COHFACE_s14_session3_natural,4,45,5.5,-0.914973795413971,0.4523379825456967
COHFACE_s14_session3_natural,4,46,5.533333333333333,-1.0408965349197388,0.42943763431976406
COHFACE_s14_session3_natural,4,47,5.566666666666666,-1.1234281063079834,0.4062382911336448
COHFACE_s14_session3_natural,4,48,5.6,-1.068917155265808,0.3857641581930952
COHFACE_s14_session3_natural,4,49,5.633333333333334,-0.5038120746612549,0.3689123772468023
COHFACE_s14_session3_natural,4,50,5.666666666666667,0.5984453558921814,0.35454832692947985
COHFACE_s14_session3_natural,4,51,5.7,1.447837233543396,0.3400900109483762
COHFACE_s14_session3_natural,4,52,5.733333333333333,1.6295971870422363,0.3223483560340972
COHFACE_s14_session3_natural,4,53,5.766666666666667,1.3954346179962158,0.2983534945783142
COHFACE_s14_session3_natural,4,54,5.8,0.999779462814331,0.26598604141949067
COHFACE_s14_session3_natural,4,55,5.833333333333333,0.5635896325111389,0.22441315380474475
COHFACE_s14_session3_natural,4,56,5.866666666666666,0.4068238437175751,0.1744690763696768
COHFACE_s14_session3_natural,4,57,5.9,0.5464168190956116,0.11898429089467114
COHFACE_s14_session3_natural,4,58,5.933333333333334,0.6524122357368469,0.06267743384251317
COHFACE_s14_session3_natural,4,59,5.966666666666667,0.5332566499710083,0.01110763560767502
COHFACE_s14_session3_natural,4,60,6.0,0.25107818841934204,-0.0312801037503371
COHFACE_s14_session3_natural,4,61,6.033333333333333,-0.0699346587061882,-0.06317617987524711
COHFACE_s14_session3_natural,4,62,6.066666666666666,-0.320147842168808,-0.08725866817963655
COHFACE_s14_session3_natural,4,63,6.1,-0.4789539873600006,-0.1090646510527099
COHFACE_s14_session3_natural,4,64,6.133333333333334,-0.6046386957168579,-0.13418579004657152
COHFACE_s14_session3_natural,4,65,6.166666666666667,-0.7225021123886108,-0.16518525333203127
COHFACE_s14_session3_natural,4,66,6.2,-0.8539677262306213,-0.19993418177758823
COHFACE_s14_session3_natural,4,67,6.233333333333333,-0.9916223883628845,-0.23233933514562194
COHFACE_s14_session3_natural,4,68,6.266666666666667,-1.1092817783355713,-0.25506395093879247
COHFACE_s14_session3_natural,4,69,6.3,-1.178279161453247,-0.26271401248271287
COHFACE_s14_session3_natural,4,70,6.333333333333333,-0.9561205506324768,-0.2538169146514394
COHFACE_s14_session3_natural,4,71,6.366666666666666,-0.09118816256523132,-0.2307761018353155
COHFACE_s14_session3_natural,4,72,6.4,0.9994733929634094,-0.1982463660379402
COHFACE_s14_session3_natural,4,73,6.433333333333334,1.5641703605651855,-0.16115633999009754
COHFACE_s14_session3_natural,4,74,6.466666666666667,1.5324091911315918,-0.12341126505253082
COHFACE_s14_session3_natural,4,75,6.5,1.2523729801177979,-0.08755205702396998
COHFACE_s14_session3_natural,4,76,6.533333333333333,0.7979562282562256,-0.055038984382576484
COHFACE_s14_session3_natural,4,77,6.566666666666666,0.3739404082298279,-0.026680796545982217
COHFACE_s14_session3_natural,4,78,6.6,0.260769784450531,-0.0029454849082645616
COHFACE_s14_session3_natural,4,79,6.633333333333334,0.32157179713249207,0.015877178488535752
COHFACE_s14_session3_natural,4,80,6.666666666666667,0.27913281321525574,0.029671526773019596
COHFACE_s14_session3_natural,4,81,6.7,0.08244442194700241,0.03868077615306439
COHFACE_s14_session3_natural,4,82,6.733333333333333,-0.20422276854515076,0.04376819493567467
COHFACE_s14_session3_natural,4,83,6.766666666666667,-0.4749753475189209,0.04649377929716072
COHFACE_s14_session3_natural,4,84,6.8,-0.6755403876304626,0.04881551608117109
COHFACE_s14_session3_natural,4,85,6.833333333333333,-0.7883029580116272,0.05247244350380907
COHFACE_s14_session3_natural,4,86,6.866666666666666,-0.8542057871818542,0.05834076690045374
COHFACE_s14_session3_natural,4,87,6.9,-0.947313129901886,0.06610329176393018
COHFACE_s14_session3_natural,4,88,6.933333333333334,-1.0790847539901733,0.07439455360496092
COHFACE_s14_session3_natural,4,89,6.966666666666667,-1.2027971744537354,0.08132634394490537
COHFACE_s14_session3_natural,4,90,7.0,-1.2786636352539062,0.08514226937570929
COHFACE_s14_session3_natural,4,91,7.033333333333333,-1.2448620796203613,0.0847474475045814
COHFACE_s14_session3_natural,4,92,7.066666666666666,-0.8066999316215515,0.07996620135315174
COHFACE_s14_session3_natural,4,93,7.1,0.22098323702812195,0.07152355945528834
COHFACE_s14_session3_natural,4,94,7.133333333333334,1.1639244556427002,0.06084237385026968
COHFACE_s14_session3_natural,4,95,7.166666666666667,1.4271618127822876,0.049723449672252
COHFACE_s14_session3_natural,4,96,7.2,1.2659412622451782,0.03987274841525692
COHFACE_s14_session3_natural,4,97,7.233333333333333,0.9184720516204834,0.03227118056214828
COHFACE_s14_session3_natural,4,98,7.266666666666667,0.4519832730293274,0.02663488618261614
COHFACE_s14_session3_natural,4,99,7.3,0.16446593403816223,0.021399696258304752
COHFACE_s14_session3_natural,4,100,7.333333333333333,0.17252525687217712,0.014476778410659856
COHFACE_s14_session3_natural,4,101,7.366666666666666,0.22295555472373962,0.0045161105370957865
COHFACE_s14_session3_natural,4,102,7.4,0.1355951726436615,-0.008071323465247623
COHFACE_s14_session3_natural,4,103,7.433333333333334,-0.09778524935245514,-0.02107468249602818
COHFACE_s14_session3_natural,4,104,7.466666666666667,-0.37068018317222595,-0.03153282396826313
COHFACE_s14_session3_natural,4,105,7.5,-0.6191250681877136,-0.03723384000446866
COHFACE_s14_session3_natural,4,106,7.533333333333333,-0.7858885526657104,-0.03778329092130765
COHFACE_s14_session3_natural,4,107,7.566666666666666,-0.8736569881439209,-0.034698450807220914
COHFACE_s14_session3_natural,4,108,7.6,-0.9378255605697632,-0.030599598588721674
COHFACE_s14_session3_natural,4,109,7.633333333333334,-1.0446711778640747,-0.02804511824833569
COHFACE_s14_session3_natural,4,110,7.666666666666667,-1.1817476749420166,-0.02862170256873888
COHFACE_s14_session3_natural,4,111,7.7,-1.2640752792358398,-0.032607993744396935
COHFACE_s14_session3_natural,4,112,7.733333333333333,-1.2916878461837769,-0.03914052905746664
COHFACE_s14_session3_natural,4,113,7.766666666666667,-1.1337658166885376,-0.04660334289551462
COHFACE_s14_session3_natural,4,114,7.8,-0.40121719241142273,-0.05304249884227077
COHFACE_s14_session3_natural,4,115,7.833333333333333,0.6588053107261658,-0.05658899922321389
COHFACE_s14_session3_natural,4,116,7.866666666666666,1.2857325077056885,-0.055919057938965976
COHFACE_s14_session3_natural,4,117,7.9,1.2936898469924927,-0.05065103966437833
COHFACE_s14_session3_natural,4,118,7.933333333333334,1.0173943042755127,-0.04143001356210881
COHFACE_s14_session3_natural,4,119,7.966666666666667,0.585523247718811,-0.029544990934748525
COHFACE_s14_session3_natural,4,120,8.0,0.18935802578926086,-0.01630091044561322
COHFACE_s14_session3_natural,4,121,8.033333333333333,0.09543456137180328,-0.002612448270392149
COHFACE_s14_session3_natural,4,122,8.066666666666666,0.18021051585674286,0.01093593438326688
COHFACE_s14_session3_natural,4,123,8.1,0.18823584914207458,0.023759120990037602
COHFACE_s14_session3_natural,4,124,8.133333333333333,0.015351379290223122,0.03507528241797125
COHFACE_s14_session3_natural,4,125,8.166666666666666,-0.27260804176330566,0.044058350064169416
COHFACE_s14_session3_natural,4,126,8.2,-0.5382257699966431,0.05013836064306667
COHFACE_s14_session3_natural,4,127,8.233333333333333,-0.7212439179420471,0.05307855319548438
COHFACE_s14_session3_natural,4,128,8.266666666666667,-0.8341764807701111,0.05276770418821279
COHFACE_s14_session3_natural,4,129,8.3,-0.9057922959327698,0.04904087439263146
COHFACE_s14_session3_natural,4,130,8.333333333333334,-0.9729533195495605,0.04181103956554571
COHFACE_s14_session3_natural,4,131,8.366666666666667,-1.082417368888855,0.03145008685261979
COHFACE_s14_session3_natural,4,132,8.4,-1.1930716037750244,0.019076977696373804
COHFACE_s14_session3_natural,4,133,8.433333333333334,-1.2745150327682495,0.006459224318418793
COHFACE_s14_session3_natural,4,134,8.466666666666667,-1.2826082706451416,-0.004411953792373172
COHFACE_s14_session3_natural,4,135,8.5,-0.9557805061340332,-0.01172467199673004
COHFACE_s14_session3_natural,4,136,8.533333333333333,-0.055108219385147095,-0.013971011262008956
COHFACE_s14_session3_natural,4,137,8.566666666666666,0.9078963398933411,-0.009876376000156629
COHFACE_s14_session3_natural,4,138,8.6,1.2882829904556274,0.0015282379640787164
COHFACE_s14_session3_natural,4,139,8.633333333333333,1.1551849842071533,0.020395282757765674
COHFACE_s14_session3_natural,4,140,8.666666666666666,0.8063896298408508,0.045159059790457916
COHFACE_s14_session3_natural,4,141,8.7,0.3624805212020874,0.07172214087984156
COHFACE_s14_session3_natural,4,142,8.733333333333333,0.08808935433626175,0.09342613348125023
COHFACE_s14_session3_natural,4,143,8.766666666666667,0.11308346688747406,0.10229317804653232
COHFACE_s14_session3_natural,4,144,8.8,0.21588239073753357,0.0914198394873387
COHFACE_s14_session3_natural,4,145,8.833333333333334,0.16011321544647217,0.05776413652139366
COHFACE_s14_session3_natural,4,146,8.866666666666667,-0.05636642873287201,0.004246849903268659
COHFACE_s14_session3_natural,4,147,8.9,-0.3322538435459137,-0.059877085413215445
COHFACE_s14_session3_natural,4,148,8.933333333333334,-0.5579149723052979,-0.12104360842619433
COHFACE_s14_session3_natural,4,149,8.966666666666667,-0.7117903232574463,-0.16554011670762597
COHFACE_s14_session3_natural,4,150,9.0,-0.7894931435585022,-0.1842333598203351
COHFACE_s14_session3_natural,4,151,9.033333333333333,-0.8604288101196289,-0.17560915529494492
COHFACE_s14_session3_natural,4,152,9.066666666666666,-0.9421782493591309,-0.14559670780509945
COHFACE_s14_session3_natural,4,153,9.1,-1.0414745807647705,-0.10438630617239555
COHFACE_s14_session3_natural,4,154,9.133333333333333,-1.1387306451797485,-0.062071619506831856
COHFACE_s14_session3_natural,4,155,9.166666666666666,-1.2052115201950073,-0.02537874321177474
COHFACE_s14_session3_natural,4,156,9.2,-1.14828622341156,0.003293320740451202
COHFACE_s14_session3_natural,4,157,9.233333333333333,-0.6303129196166992,0.024813361053979868
COHFACE_s14_session3_natural,4,158,9.266666666666667,0.3954319655895233,0.04137444700077255
COHFACE_s14_session3_natural,4,159,9.3,1.1720857620239258,0.05477758879629299
COHFACE_s14_session3_natural,4,160,9.333333333333334,1.2727763652801514,0.06556779305406013
COHFACE_s14_session3_natural,4,161,9.366666666666667,1.0370495319366455,0.07310047748702118
COHFACE_s14_session3_natural,4,162,9.4,0.6352734565734863,0.07625382968458413
COHFACE_s14_session3_natural,4,163,9.433333333333334,0.20074990391731262,0.07435190942421674
COHFACE_s14_session3_natural,4,164,9.466666666666667,0.07207271456718445,0.06785552218292604
COHFACE_s14_session3_natural,4,165,9.5,0.19802945852279663,0.05850077007437243
COHFACE_s14_session3_natural,4,166,9.533333333333333,0.26243606209754944,0.048804721034931164
COHFACE_s14_session3_natural,4,167,9.566666666666666,0.13263669610023499,0.04112579792884632
COHFACE_s14_session3_natural,4,168,9.6,-0.10751084983348846,0.036658827300073
COHFACE_s14_session3_natural,4,169,9.633333333333333,-0.3646951913833618,0.03480337832568252
COHFACE_s14_session3_natural,4,170,9.666666666666666,-0.5754278898239136,0.03324727113836598
COHFACE_s14_session3_natural,4,171,9.7,-0.7032889127731323,0.028855029595542408
COHFACE_s14_session3_natural,4,172,9.733333333333333,-0.769497811794281,0.019097700879332324
COHFACE_s14_session3_natural,4,173,9.766666666666667,-0.8211183547973633,0.003435036019989207
COHFACE_s14_session3_natural,4,174,9.8,-0.9098729491233826,-0.01606214868948974
COHFACE_s14_session3_natural,4,175,9.833333333333334,-1.0322930812835693,-0.03532107874550566
COHFACE_s14_session3_natural,4,176,9.866666666666667,-1.1323375701904297,-0.04997989880020731
COHFACE_s14_session3_natural,4,177,9.9,-1.1310453414916992,-0.05739577175340366
COHFACE_s14_session3_natural,4,178,9.933333333333334,-0.8149633407592773,-0.057808329223857244
COHFACE_s14_session3_natural,4,179,9.966666666666667,0.10587428510189056,-0.05392908341385673
COHFACE_s14_session3_natural,4,180,10.0,1.1416847705841064,-0.04927473766009243
COHFACE_s14_session3_natural,4,181,10.033333333333333,1.5746440887451172,-0.046367723231816024
COHFACE_s14_session3_natural,4,182,10.066666666666666,1.4676624536514282,-0.04577835743921667
COHFACE_s14_session3_natural,4,183,10.1,1.1435210704803467,-0.04621217827808365
COHFACE_s14_session3_natural,4,184,10.133333333333333,0.7126021981239319,-0.04521145056580597
COHFACE_s14_session3_natural,4,185,10.166666666666666,0.39033111929893494,-0.039949390415954994
COHFACE_s14_session3_natural,4,186,10.2,0.3568696081638336,-0.027964188685844077
COHFACE_s14_session3_natural,4,187,10.233333333333333,0.4431418180465698,-0.007990098877861668
COHFACE_s14_session3_natural,4,188,10.266666666666667,0.4058716595172882,0.01911093235805259
COHFACE_s14_session3_natural,4,189,10.3,0.1937447488307953,0.049735440842292665
COHFACE_s14_session3_natural,4,190,10.333333333333334,-0.0991794764995575,0.07787561195200603
COHFACE_s14_session3_natural,4,191,10.366666666666667,-0.34500595927238464,0.09673727732557004
COHFACE_s14_session3_natural,4,192,10.4,-0.513231635093689,0.10121810203146911
COHFACE_s14_session3_natural,4,193,10.433333333333334,-0.6244979500770569,0.09015297474212079
COHFACE_s14_session3_natural,4,194,10.466666666666667,-0.7141707539558411,0.06715738054326698
COHFACE_s14_session3_natural,4,195,10.5,-0.8012250661849976,0.03946230286515839
COHFACE_s14_session3_natural,4,196,10.533333333333333,-0.9055202007293701,0.015052330688329556
COHFACE_s14_session3_natural,4,197,10.566666666666666,-1.0279403924942017,-0.0006676713274640355
COHFACE_s14_session3_natural,4,198,10.6,-1.0936051607131958,-0.006995364802196672
COHFACE_s14_session3_natural,4,199,10.633333333333333,-0.9944108724594116,-0.0076725332100272305
COHFACE_s14_session3_natural,4,200,10.666666666666666,-0.344699889421463,-0.008484244670083897
COHFACE_s14_session3_natural,4,201,10.7,0.787482500076294,-0.014173089000050659
COHFACE_s14_session3_natural,4,202,10.733333333333333,1.6006243228912354,-0.026216457490013938
COHFACE_s14_session3_natural,4,203,10.766666666666667,1.7064497470855713,-0.04230175662757365
COHFACE_s14_session3_natural,4,204,10.8,1.4833390712738037,-0.057556005050216665
COHFACE_s14_session3_natural,4,205,10.833333333333334,1.1248520612716675,-0.06691607535292257
COHFACE_s14_session3_natural,4,206,10.866666666666667,0.6691769957542419,-0.06748458155377346
COHFACE_s14_session3_natural,4,207,10.9,0.42777127027511597,-0.05965373302118116
COHFACE_s14_session3_natural,4,208,10.933333333333334,0.46973419189453125,-0.04643496852262633
COHFACE_s14_session3_natural,4,209,10.966666666666667,0.5095887780189514,-0.031499964029811915
COHFACE_s14_session3_natural,4,210,11.0,0.3683975040912628,-0.017264041840453243
COHFACE_s14_session3_natural,4,211,11.033333333333333,0.0846547856926918,-0.004259198309777724
COHFACE_s14_session3_natural,4,212,11.066666666666666,-0.19531330466270447,0.00801718345217885
COHFACE_s14_session3_natural,4,213,11.1,-0.43916743993759155,0.019706301617795827
COHFACE_s14_session3_natural,4,214,11.133333333333333,-0.5787944197654724,0.029796715945564555
COHFACE_s14_session3_natural,4,215,11.166666666666666,-0.6714937090873718,0.03643573158506549
COHFACE_s14_session3_natural,4,216,11.2,-0.7624586820602417,0.03794766060979814
COHFACE_s14_session3_natural,4,217,11.233333333333333,-0.8591706156730652,0.03372928485590431
COHFACE_s14_session3_natural,4,218,11.266666666666667,-0.9750276803970337,0.024497521650374686
COHFACE_s14_session3_natural,4,219,11.3,-1.0867700576782227,0.011960811298969495
COHFACE_s14_session3_natural,4,220,11.333333333333334,-1.1326096057891846,-0.0017120186407342257
COHFACE_s14_session3_natural,4,221,11.366666666666667,-0.9475171566009521,-0.014341264837588394
COHFACE_s14_session3_natural,4,222,11.4,-0.1568869799375534,-0.02406286982365368
COHFACE_s14_session3_natural,4,223,11.433333333333334,0.9901218414306641,-0.02960013636138351
COHFACE_s14_session3_natural,4,224,11.466666666666667,1.6522449254989624,-0.03043275833298934
COHFACE_s14_session3_natural,4,225,11.5,1.6420772075653076,-0.02672764302471911
COHFACE_s14_session3_natural,4,226,11.533333333333333,1.3652715682983398,-0.019054178012992674
COHFACE_s14_session3_natural,4,227,11.566666666666666,0.9337745904922485,-0.0081246157192375
COHFACE_s14_session3_natural,4,228,11.6,0.49000152945518494,0.005203319647385853
COHFACE_s14_session3_natural,4,229,11.633333333333333,0.3365342617034912,0.019674063473562667
COHFACE_s14_session3_natural,4,230,11.666666666666666,0.41379496455192566,0.0334413664100365
COHFACE_s14_session3_natural,4,231,11.7,0.4357285797595978,0.04429220168141825
COHFACE_s14_session3_natural,4,232,11.733333333333333,0.25896748900413513,0.0503268770970525
COHFACE_s14_session3_natural,4,233,11.766666666666667,-0.033004581928253174,0.0507224330431768
COHFACE_s14_session3_natural,4,234,11.8,-0.3257247805595398,0.046066072846441874
COHFACE_s14_session3_natural,4,235,11.833333333333334,-0.5492435693740845,0.03800599208408508
COHFACE_s14_session3_natural,4,236,11.866666666666667,-0.6684672236442566,0.028452396419534204
COHFACE_s14_session3_natural,4,237,11.9,-0.7338939905166626,0.0188412000193563
COHFACE_s14_session3_natural,4,238,11.933333333333334,-0.8117327690124512,0.009797804648413292
COHFACE_s14_session3_natural,4,239,11.966666666666667,-0.9153138399124146,0.0012027512129169885
COHFACE_s14_session3_natural,5,0,5.0,1.8481510877609253,-0.0038510846361039493
COHFACE_s14_session3_natural,5,1,5.033333333333333,1.6706418991088867,2.6870204442267043
COHFACE_s14_session3_natural,5,2,5.066666666666666,1.3353127241134644,4.962323707446559
COHFACE_s14_session3_natural,5,3,5.1,0.8836843371391296,6.507987668156666
COHFACE_s14_session3_natural,5,4,5.133333333333334,0.5636916756629944,7.1842337750791705
COHFACE_s14_session3_natural,5,5,5.166666666666667,0.5561084151268005,7.0432221797688035
COHFACE_s14_session3_natural,5,6,5.2,0.6042603254318237,6.286245491090759
COHFACE_s14_session3_natural,5,7,5.233333333333333,0.47643327713012695,5.184322153390123
COHFACE_s14_session3_natural,5,8,5.266666666666667,0.21710659563541412,3.9967850555908675
COHFACE_s14_session3_natural,5,9,5.3,-0.07394732534885406,2.913736662211807
COHFACE_s14_session3_natural,5,10,5.333333333333333,-0.3181755244731903,2.032897221069967
COHFACE_s14_session3_natural,5,11,5.366666666666666,-0.4905839264392853,1.3677322822451583
COHFACE_s14_session3_natural,5,12,5.4,-0.5817869305610657,0.8753311903118253
COHFACE_s14_session3_natural,5,13,5.433333333333334,-0.6658147573471069,0.49018954165344975
COHFACE_s14_session3_natural,5,14,5.466666666666667,-0.784630298614502,0.15260064125407397
COHFACE_s14_session3_natural,5,15,5.5,-0.914973795413971,-0.17454567045449737
COHFACE_s14_session3_natural,5,16,5.533333333333333,-1.0408965349197388,-0.5014898008319933
COHFACE_s14_session3_natural,5,17,5.566666666666666,-1.1234281063079834,-0.8169758833673579
COHFACE_s14_session3_natural,5,18,5.6,-1.068917155265808,-1.0986623905302906
COHFACE_s14_session3_natural,5,19,5.633333333333334,-0.5038120746612549,-1.3240483784994619
COHFACE_s14_session3_natural,5,20,5.666666666666667,0.5984453558921814,-1.478605281531387
COHFACE_s14_session3_natural,5,21,5.7,1.447837233543396,-1.5594887344821777
COHFACE_s14_session3_natural,5,22,5.733333333333333,1.6295971870422363,-1.5748642880558517
COHFACE_s14_session3_natural,5,23,5.766666666666667,1.3954346179962158,-1.5401301761620434
COHFACE_s14_session3_natural,5,24,5.8,0.999779462814331,-1.4729166976056436
COHFACE_s14_session3_natural,5,25,5.833333333333333,0.5635896325111389,-1.388578810873155
COHFACE_s14_session3_natural,5,26,5.866666666666666,0.4068238437175751,-1.2971815161013194
COHFACE_s14_session3_natural,5,27,5.9,0.5464168190956116,-1.2023201810391577
COHFACE_s14_session3_natural,5,28,5.933333333333334,0.6524122357368469,-1.1018900858752276
COHFACE_s14_session3_natural,5,29,5.966666666666667,0.5332566499710083,-0.9907233905426917
COHFACE_s14_session3_natural,5,30,6.0,0.25107818841934204,-0.8644003178967973
COHFACE_s14_session3_natural,5,31,6.033333333333333,-0.0699346587061882,-0.7227600934889256
COHFACE_s14_session3_natural,5,32,6.066666666666666,-0.320147842168808,-0.5713508049077235
COHFACE_s14_session3_natural,5,33,6.1,-0.4789539873600006,-0.41986817427906925
COHFACE_s14_session3_natural,5,34,6.133333333333334,-0.6046386957168579,-0.2783840737627329
COHFACE_s14_session3_natural,5,35,6.166666666666667,-0.7225021123886108,-0.15352381815096264
COHFACE_s14_session3_natural,5,36,6.2,-0.8539677262306213,-0.046584368136117965
COHFACE_s14_session3_natural,5,37,6.233333333333333,-0.9916223883628845,0.04572517901127805
COHFACE_s14_session3_natural,5,38,6.266666666666667,-1.1092817783355713,0.12863707431732727
COHFACE_s14_session3_natural,5,39,6.3,-1.178279161453247,0.20630952165695077
COHFACE_s14_session3_natural,5,40,6.333333333333333,-0.9561205506324768,0.2799739780215965
COHFACE_s14_session3_natural,5,41,6.366666666666666,-0.09118816256523132,0.34797273769158255
COHFACE_s14_session3_natural,5,42,6.4,0.9994733929634094,0.4072330911026589
COHFACE_s14_session3_natural,5,43,6.433333333333334,1.5641703605651855,0.4549763326870653
COHFACE_s14_session3_natural,5,44,6.466666666666667,1.5324091911315918,0.4896589766982484
COHFACE_s14_session3_natural,5,45,6.5,1.2523729801177979,0.5109312680668119
COHFACE_s14_session3_natural,5,46,6.533333333333333,0.7979562282562256,0.5190732827401151
COHFACE_s14_session3_natural,5,47,6.566666666666666,0.3739404082298279,0.5145337279202286
COHFACE_s14_session3_natural,5,48,6.6,0.260769784450531,0.4978719837095965
COHFACE_s14_session3_natural,5,49,6.633333333333334,0.32157179713249207,0.4699779104851954
COHFACE_s14_session3_natural,5,50,6.666666666666667,0.27913281321525574,0.4322868890629072
COHFACE_s14_session3_natural,5,51,6.7,0.08244442194700241,0.3868089256595672
COHFACE_s14_session3_natural,5,52,6.733333333333333,-0.20422276854515076,0.33595403187966094
COHFACE_s14_session3_natural,5,53,6.766666666666667,-0.4749753475189209,0.2822448850297472
COHFACE_s14_session3_natural,5,54,6.8,-0.6755403876304626,0.22803229351067567
COHFACE_s14_session3_natural,5,55,6.833333333333333,-0.7883029580116272,0.17529303959610734
COHFACE_s14_session3_natural,5,56,6.866666666666666,-0.8542057871818542,0.12553599427305193
COHFACE_s14_session3_natural,5,57,6.9,-0.947313129901886,0.07979490853204112
COHFACE_s14_session3_natural,5,58,6.933333333333334,-1.0790847539901733,0.03865948519490601
COHFACE_s14_session3_natural,5,59,6.966666666666667,-1.2027971744537354,0.0023092544119955004
COHFACE_s14_session3_natural,5,60,7.0,-1.2786636352539062,-0.029440789293396448
COHFACE_s14_session3_natural,5,61,7.033333333333333,-1.2448620796203613,-0.057054923631343485
COHFACE_s14_session3_natural,5,62,7.066666666666666,-0.8066999316215515,-0.08115425645562555
COHFACE_s14_session3_natural,5,63,7.1,0.22098323702812195,-0.10236226883848229
COHFACE_s14_session3_natural,5,64,7.133333333333334,1.1639244556427002,-0.12107506102363151
COHFACE_s14_session3_natural,5,65,7.166666666666667,1.4271618127822876,-0.13717151044535109
COHFACE_s14_session3_natural,5,66,7.2,1.2659412622451782,-0.14989182207206406
COHFACE_s14_session3_natural,5,67,7.233333333333333,0.9184720516204834,-0.15817393366572322
COHFACE_s14_session3_natural,5,68,7.266666666666667,0.4519832730293274,-0.16141738674946274
COHFACE_s14_session3_natural,5,69,7.3,0.16446593403816223,-0.16020210054349865
COHFACE_s14_session3_natural,5,70,7.333333333333333,0.17252525687217712,-0.15635363874347574
COHFACE_s14_session3_natural,5,71,7.366666666666666,0.22295555472373962,-0.15212110880040425
COHFACE_s14_session3_natural,5,72,7.4,0.1355951726436615,-0.14892152613615214
COHFACE_s14_session3_natural,5,73,7.433333333333334,-0.09778524935245514,-0.14648740922082062
COHFACE_s14_session3_natural,5,74,7.466666666666667,-0.37068018317222595,-0.14293904336115942
COHFACE_s14_session3_natural,5,75,7.5,-0.6191250681877136,-0.13567974102402708
COHFACE_s14_session3_natural,5,76,7.533333333333333,-0.7858885526657104,-0.12264001516683075
COHFACE_s14_session3_natural,5,77,7.566666666666666,-0.8736569881439209,-0.10333040705233137
COHFACE_s14_session3_natural,5,78,7.6,-0.9378255605697632,-0.07925111514434735
COHFACE_s14_session3_natural,5,79,7.633333333333334,-1.0446711778640747,-0.05346250384207782
COHFACE_s14_session3_natural,5,80,7.666666666666667,-1.1817476749420166,-0.029524549890181835
COHFACE_s14_session3_natural,5,81,7.7,-1.2640752792358398,-0.010314149699835276
COHFACE_s14_session3_natural,5,82,7.733333333333333,-1.2916878461837769,0.002787947187473964
COHFACE_s14_session3_natural,5,83,7.766666666666667,-1.1337658166885376,0.010102312335893588
COHFACE_s14_session3_natural,5,84,7.8,-0.40121719241142273,0.013289679355983568
COHFACE_s14_session3_natural,5,85,7.833333333333333,0.6588053107261658,0.014642398120969943
COHFACE_s14_session3_natural,5,86,7.866666666666666,1.2857325077056885,0.01630180151251947
COHFACE_s14_session3_natural,5,87,7.9,1.2936898469924927,0.019673894237077917
COHFACE_s14_session3_natural,5,88,7.933333333333334,1.0173943042755127,0.02527613911329938
COHFACE_s14_session3_natural,5,89,7.966666666666667,0.585523247718811,0.03302946601582239
COHFACE_s14_session3_natural,5,90,8.0,0.18935802578926086,0.04263874809479543
COHFACE_s14_session3_natural,5,91,8.033333333333333,0.09543456137180328,0.053630584108353314
COHFACE_s14_session3_natural,5,92,8.066666666666666,0.18021051585674286,0.06507190086858188
COHFACE_s14_session3_natural,5,93,8.1,0.18823584914207458,0.07543759389458993
COHFACE_s14_session3_natural,5,94,8.133333333333333,0.015351379290223122,0.08297336809405595
COHFACE_s14_session3_natural,5,95,8.166666666666666,-0.27260804176330566,0.08640104559884862
COHFACE_s14_session3_natural,5,96,8.2,-0.5382257699966431,0.08545825813092683
COHFACE_s14_session3_natural,5,97,8.233333333333333,-0.7212439179420471,0.08085235002072669
COHFACE_s14_session3_natural,5,98,8.266666666666667,-0.8341764807701111,0.07367837505077302
COHFACE_s14_session3_natural,5,99,8.3,-0.9057922959327698,0.0647844396536986
COHFACE_s14_session3_natural,5,100,8.333333333333334,-0.9729533195495605,0.0545751996000839
COHFACE_s14_session3_natural,5,101,8.366666666666667,-1.082417368888855,0.04334230795069176
COHFACE_s14_session3_natural,5,102,8.4,-1.1930716037750244,0.03173288737598471
COHFACE_s14_session3_natural,5,103,8.433333333333334,-1.2745150327682495,0.02085340563027434
COHFACE_s14_session3_natural,5,104,8.466666666666667,-1.2826082706451416,0.011899272067655972
COHFACE_s14_session3_natural,5,105,8.5,-0.9557805061340332,0.005660758121151157
COHFACE_s14_session3_natural,5,106,8.533333333333333,-0.055108219385147095,0.002308192611933017
COHFACE_s14_session3_natural,5,107,8.566666666666666,0.9078963398933411,0.001550085609797706
COHFACE_s14_session3_natural,5,108,8.6,1.2882829904556274,0.0029165348667744744
COHFACE_s14_session3_natural,5,109,8.633333333333333,1.1551849842071533,0.005810663043919962
COHFACE_s14_session3_natural,5,110,8.666666666666666,0.8063896298408508,0.009177616209033715
COHFACE_s14_session3_natural,5,111,8.7,0.3624805212020874,0.011026407542545249
COHFACE_s14_session3_natural,5,112,8.733333333333333,0.08808935433626175,0.008329224494891572
COHFACE_s14_session3_natural,5,113,8.766666666666667,0.11308346688747406,-0.0022594941914504812
COHFACE_s14_session3_natural,5,114,8.8,0.21588239073753357,-0.02291662657971477
COHFACE_s14_session3_natural,5,115,8.833333333333334,0.16011321544647217,-0.053011880659716216
COHFACE_s14_session3_natural,5,116,8.866666666666667,-0.05636642873287201,-0.08817826978391169
COHFACE_s14_session3_natural,5,117,8.9,-0.3322538435459137,-0.12081378684541075
COHFACE_s14_session3_natural,5,118,8.933333333333334,-0.5579149723052979,-0.14225851656839528
COHFACE_s14_session3_natural,5,119,8.966666666666667,-0.7117903232574463,-0.1460106383529407
COHFACE_s14_session3_natural,5,120,9.0,-0.7894931435585022,-0.13038762276518828
COHFACE_s14_session3_natural,5,121,9.033333333333333,-0.8604288101196289,-0.09905628762852443
COHFACE_s14_session3_natural,5,122,9.066666666666666,-0.9421782493591309,-0.05926270584564034
COHFACE_s14_session3_natural,5,123,9.1,-1.0414745807647705,-0.019039293638171136
COHFACE_s14_session3_natural,5,124,9.133333333333333,-1.1387306451797485,0.015188747744810155
COHFACE_s14_session3_natural,5,125,9.166666666666666,-1.2052115201950073,0.039895720247648966
COHFACE_s14_session3_natural,5,126,9.2,-1.14828622341156,0.054541945803258066
COHFACE_s14_session3_natural,5,127,9.233333333333333,-0.6303129196166992,0.06070698229252329
COHFACE_s14_session3_natural,5,128,9.266666666666667,0.3954319655895233,0.060833694101298026
COHFACE_s14_session3_natural,5,129,9.3,1.1720857620239258,0.05722222331747496
COHFACE_s14_session3_natural,5,130,9.333333333333334,1.2727763652801514,0.05159050731588877
COHFACE_s14_session3_natural,5,131,9.366666666666667,1.0370495319366455,0.04509697321821834
COHFACE_s14_session3_natural,5,132,9.4,0.6352734565734863,0.0385532836456114
COHFACE_s14_session3_natural,5,133,9.433333333333334,0.20074990391731262,0.03262311145160757
COHFACE_s14_session3_natural,5,134,9.466666666666667,0.07207271456718445,0.027920013021220897
COHFACE_s14_session3_natural,5,135,9.5,0.19802945852279663,0.024991478425959602
COHFACE_s14_session3_natural,5,136,9.533333333333333,0.26243606209754944,0.024204382852077915
COHFACE_s14_session3_natural,5,137,9.566666666666666,0.13263669610023499,0.025567116734998358
COHFACE_s14_session3_natural,5,138,9.6,-0.10751084983348846,0.028559593420698644
COHFACE_s14_session3_natural,5,139,9.633333333333333,-0.3646951913833618,0.03205816841917403
COHFACE_s14_session3_natural,5,140,9.666666666666666,-0.5754278898239136,0.034413249984571265
COHFACE_s14_session3_natural,5,141,9.7,-0.7032889127731323,0.03371641713395487
COHFACE_s14_session3_natural,5,142,9.733333333333333,-0.769497811794281,0.028296365005647996
COHFACE_s14_session3_natural,5,143,9.766666666666667,-0.8211183547973633,0.017388968547866743
COHFACE_s14_session3_natural,5,144,9.8,-0.9098729491233826,0.0017019364415550788
COHFACE_s14_session3_natural,5,145,9.833333333333334,-1.0322930812835693,-0.01652409908928407
COHFACE_s14_session3_natural,5,146,9.866666666666667,-1.1323375701904297,-0.03415228976027256
COHFACE_s14_session3_natural,5,147,9.9,-1.1310453414916992,-0.04824933891817492
COHFACE_s14_session3_natural,5,148,9.933333333333334,-0.8149633407592773,-0.05706576171286773
COHFACE_s14_session3_natural,5,149,9.966666666666667,0.10587428510189056,-0.06037047356370631
COHFACE_s14_session3_natural,5,150,10.0,1.1416847705841064,-0.059100188310395645
COHFACE_s14_session3_natural,5,151,10.033333333333333,1.5746440887451172,-0.054729014987468065
COHFACE_s14_session3_natural,5,152,10.066666666666666,1.4676624536514282,-0.04874391334441665
COHFACE_s14_session3_natural,5,153,10.1,1.1435210704803467,-0.04227860277074721
COHFACE_s14_session3_natural,5,154,10.133333333333333,0.7126021981239319,-0.03573244460492087
COHFACE_s14_session3_natural,5,155,10.166666666666666,0.39033111929893494,-0.02835736843346135
COHFACE_s14_session3_natural,5,156,10.2,0.3568696081638336,-0.018216168078610158
COHFACE_s14_session3_natural,5,157,10.233333333333333,0.4431418180465698,-0.003005160668437444
COHFACE_s14_session3_natural,5,158,10.266666666666667,0.4058716595172882,0.018355703465640423
COHFACE_s14_session3_natural,5,159,10.3,0.1937447488307953,0.044208879155512595
COHFACE_s14_session3_natural,5,160,10.333333333333334,-0.0991794764995575,0.06975677990270251
COHFACE_s14_session3_natural,5,161,10.366666666666667,-0.34500595927238464,0.08830987009845526
COHFACE_s14_session3_natural,5,162,10.4,-0.513231635093689,0.09385307520784159
COHFACE_s14_session3_natural,5,163,10.433333333333334,-0.6244979500770569,0.0838185821041748
COHFACE_s14_session3_natural,5,164,10.466666666666667,-0.7141707539558411,0.06068290016395846
COHFACE_s14_session3_natural,5,165,10.5,-0.8012250661849976,0.03142771840425789
COHFACE_s14_session3_natural,5,166,10.533333333333333,-0.9055202007293701,0.004884463334681878
COHFACE_s14_session3_natural,5,167,10.566666666666666,-1.0279403924942017,-0.011917563783866552
COHFACE_s14_session3_natural,5,168,10.6,-1.0936051607131958,-0.01663945906463141
COHFACE_s14_session3_natural,5,169,10.633333333333333,-0.9944108724594116,-0.012308969189889985
COHFACE_s14_session3_natural,5,170,10.666666666666666,-0.344699889421463,-0.0055510946103429415
COHFACE_s14_session3_natural,5,171,10.7,0.787482500076294,-0.0033958606507887993
COHFACE_s14_session3_natural,5,172,10.733333333333333,1.6006243228912354,-0.010164890601757796
COHFACE_s14_session3_natural,5,173,10.766666666666667,1.7064497470855713,-0.025690080625889098
COHFACE_s14_session3_natural,5,174,10.8,1.4833390712738037,-0.04553719529172982
COHFACE_s14_session3_natural,5,175,10.833333333333334,1.1248520612716675,-0.06310820667154068
COHFACE_s14_session3_natural,5,176,10.866666666666667,0.6691769957542419,-0.07261966920279157
COHFACE_s14_session3_natural,5,177,10.9,0.42777127027511597,-0.0714886961872273
COHFACE_s14_session3_natural,5,178,10.933333333333334,0.46973419189453125,-0.060993002377453136
COHFACE_s14_session3_natural,5,179,10.966666666666667,0.5095887780189514,-0.04505762552995527
COHFACE_s14_session3_natural,5,180,11.0,0.3683975040912628,-0.028085213533788466
COHFACE_s14_session3_natural,5,181,11.033333333333333,0.0846547856926918,-0.013159929936463631
COHFACE_s14_session3_natural,5,182,11.066666666666666,-0.19531330466270447,-0.0014209944942329253
COHFACE_s14_session3_natural,5,183,11.1,-0.43916743993759155,0.007511478690819632
COHFACE_s14_session3_natural,5,184,11.133333333333333,-0.5787944197654724,0.014704943503386435
COHFACE_s14_session3_natural,5,185,11.166666666666666,-0.6714937090873718,0.021239281292411916
COHFACE_s14_session3_natural,5,186,11.2,-0.7624586820602417,0.027809353923770798
COHFACE_s14_session3_natural,5,187,11.233333333333333,-0.8591706156730652,0.03443525703128675
COHFACE_s14_session3_natural,5,188,11.266666666666667,-0.9750276803970337,0.040249452892375956
COHFACE_s14_session3_natural,5,189,11.3,-1.0867700576782227,0.0435868981470731
COHFACE_s14_session3_natural,5,190,11.333333333333334,-1.1326096057891846,0.04256317343318035
COHFACE_s14_session3_natural,5,191,11.366666666666667,-0.9475171566009521,0.03600053839116085
COHFACE_s14_session3_natural,5,192,11.4,-0.1568869799375534,0.02424246508868552
COHFACE_s14_session3_natural,5,193,11.433333333333334,0.9901218414306641,0.00937853019141347
COHFACE_s14_session3_natural,5,194,11.466666666666667,1.6522449254989624,-0.005249958370802327
COHFACE_s14_session3_natural,5,195,11.5,1.6420772075653076,-0.015985419373066034
COHFACE_s14_session3_natural,5,196,11.533333333333333,1.3652715682983398,-0.01981950254792586
COHFACE_s14_session3_natural,5,197,11.566666666666666,0.9337745904922485,-0.01512511491773556
COHFACE_s14_session3_natural,5,198,11.6,0.49000152945518494,-0.0021096493339218766
COHFACE_s14_session3_natural,5,199,11.633333333333333,0.3365342617034912,0.016994939314169857
COHFACE_s14_session3_natural,5,200,11.666666666666666,0.41379496455192566,0.03812604125389396
COHFACE_s14_session3_natural,5,201,11.7,0.4357285797595978,0.056153235732825046
COHFACE_s14_session3_natural,5,202,11.733333333333333,0.25896748900413513,0.06616693642998289
COHFACE_s14_session3_natural,5,203,11.766666666666667,-0.033004581928253174,0.06490093900362605
COHFACE_s14_session3_natural,5,204,11.8,-0.3257247805595398,0.05173837843101705
COHFACE_s14_session3_natural,5,205,11.833333333333334,-0.5492435693740845,0.028918413353309958
COHFACE_s14_session3_natural,5,206,11.866666666666667,-0.6684672236442566,0.0009406382238886346
COHFACE_s14_session3_natural,5,207,11.9,-0.7338939905166626,-0.026589048279150363
COHFACE_s14_session3_natural,5,208,11.933333333333334,-0.8117327690124512,-0.04846010505414026
COHFACE_s14_session3_natural,5,209,11.966666666666667,-0.9153138399124146,-0.06141870416975529
COHFACE_s14_session3_natural,5,210,12.0,-1.035353660583496,-0.0651316892531452
COHFACE_s14_session3_natural,5,211,12.033333333333333,-1.1561074256896973,-0.06189993212274552
COHFACE_s14_session3_natural,5,212,12.066666666666666,-1.1982064247131348,-0.05526504741302726
COHFACE_s14_session3_natural,5,213,12.1,-0.9947509169578552,-0.0484131397000686
COHFACE_s14_session3_natural,5,214,12.133333333333333,-0.21490052342414856,-0.043160950381119764
COHFACE_s14_session3_natural,5,215,12.166666666666666,0.8987148404121399,-0.03971376607056655
COHFACE_s14_session3_natural,5,216,12.2,1.5097614526748657,-0.03703812443225094
COHFACE_s14_session3_natural,5,217,12.233333333333333,1.4901741743087769,-0.033615835100381034
COHFACE_s14_session3_natural,5,218,12.266666666666667,1.2122464179992676,-0.028275208642741592
COHFACE_s14_session3_natural,5,219,12.3,0.7768727540969849,-0.02072813990371969
COHFACE_s14_session3_natural,5,220,12.333333333333334,0.36006614565849304,-0.011524327303325572
COHFACE_s14_session3_natural,5,221,12.366666666666667,0.23587769269943237,-0.001468782660401736
COHFACE_s14_session3_natural,5,222,12.4,0.3423832058906555,0.009001914167062286
COHFACE_s14_session3_natural,5,223,12.433333333333334,0.3552713394165039,0.01989946113733036
COHFACE_s14_session3_natural,5,224,12.466666666666667,0.17629987001419067,0.031138179261782785
COHFACE_s14_session3_natural,5,225,12.5,-0.09322849661111832,0.041883946435547326
COHFACE_s14_session3_natural,5,226,12.533333333333333,-0.3750669062137604,0.050419775170159255
COHFACE_s14_session3_natural,5,227,12.566666666666666,-0.5917165875434875,0.054721756517243716
COHFACE_s14_session3_natural,5,228,12.6,-0.7045131325721741,0.053362958302377854
COHFACE_s14_session3_natural,5,229,12.633333333333333,-0.7705519795417786,0.04611871659996359
COHFACE_s14_session3_natural,5,230,12.666666666666666,-0.8345505595207214,0.033942807166118076
COHFACE_s14_session3_natural,5,231,12.7,-0.9353771209716797,0.018495968205270597
COHFACE_s14_session3_natural,5,232,12.733333333333333,-1.0634422302246094,0.0016743802779714005
COHFACE_s14_session3_natural,5,233,12.766666666666667,-1.1474360227584839,-0.014549292182526636
COHFACE_s14_session3_natural,5,234,12.8,-1.184400200843811,-0.028042515094589944
COHFACE_s14_session3_natural,5,235,12.833333333333334,-0.9717631340026855,-0.03654422841875094
COHFACE_s14_session3_natural,5,236,12.866666666666667,-0.13648362457752228,-0.03809969621848977
COHFACE_s14_session3_natural,5,237,12.9,0.9141873717308044,-0.03182993259099313
COHFACE_s14_session3_natural,5,238,12.933333333333334,1.4481772184371948,-0.0186035737508824
COHFACE_s14_session3_natural,5,239,12.966666666666667,1.3594906330108643,-0.0011210542253921594
COHFACE_s14_session3_natural,6,0,6.0,0.25107818841934204,0.0013801842537707384
COHFACE_s14_session3_natural,6,1,6.033333333333333,-0.0699346587061882,2.691560117357159
COHFACE_s14_session3_natural,6,2,6.066666666666666,-0.320147842168808,4.959341712502664
COHFACE_s14_session3_natural,6,3,6.1,-0.4789539873600006,6.485749727541083
COHFACE_s14_session3_natural,6,4,6.133333333333334,-0.6046386957168579,7.129670702014424
COHFACE_s14_session3_natural,6,5,6.166666666666667,-0.7225021123886108,6.946478288011952
COHFACE_s14_session3_natural,6,6,6.2,-0.8539677262306213,6.144932097396762
COHFACE_s14_session3_natural,6,7,6.233333333333333,-0.9916223883628845,5.005812611308076
COHFACE_s14_session3_natural,6,8,6.266666666666667,-1.1092817783355713,3.7973690040313297
COHFACE_s14_session3_natural,6,9,6.3,-1.178279161453247,2.714790524004994
COHFACE_s14_session3_natural,6,10,6.333333333333333,-0.9561205506324768,1.8556114945683913
COHFACE_s14_session3_natural,6,11,6.366666666666666,-0.09118816256523132,1.2284869555625952
COHFACE_s14_session3_natural,6,12,6.4,0.9994733929634094,0.783206081028883
COHFACE_s14_session3_natural,6,13,6.433333333333334,1.5641703605651855,0.4468341108694101
COHFACE_s14_session3_natural,6,14,6.466666666666667,1.5324091911315918,0.1536958624221546
COHFACE_s14_session3_natural,6,15,6.5,1.2523729801177979,-0.13725674358528528
COHFACE_s14_session3_natural,6,16,6.533333333333333,0.7979562282562256,-0.43835727237323246
COHFACE_s14_session3_natural,6,17,6.566666666666666,0.3739404082298279,-0.7391088730860536
COHFACE_s14_session3_natural,6,18,6.6,0.260769784450531,-1.0170522983690102
COHFACE_s14_session3_natural,6,19,6.633333333333334,0.32157179713249207,-1.24886990302676
COHFACE_s14_session3_natural,6,20,6.666666666666667,0.27913281321525574,-1.4183823382980596
COHFACE_s14_session3_natural,6,21,6.7,0.08244442194700241,-1.5199849347633005
COHFACE_s14_session3_natural,6,22,6.733333333333333,-0.20422276854515076,-1.5578872497365028
COHFACE_s14_session3_natural,6,23,6.766666666666667,-0.4749753475189209,-1.5427384698412565
COHFACE_s14_session3_natural,6,24,6.8,-0.6755403876304626,-1.4875621946992195
COHFACE_s14_session3_natural,6,25,6.833333333333333,-0.7883029580116272,-1.4044872143945897
COHFACE_s14_session3_natural,6,26,6.866666666666666,-0.8542057871818542,-1.3029254671883113
COHFACE_s14_session3_natural,6,27,6.9,-0.947313129901886,-1.1891097152264793
COHFACE_s14_session3_natural,6,28,6.933333333333334,-1.0790847539901733,-1.0665716628778261
COHFACE_s14_session3_natural,6,29,6.966666666666667,-1.2027971744537354,-0.9371314036862493
COHFACE_s14_session3_natural,6,30,7.0,-1.2786636352539062,-0.8020387319293194
COHFACE_s14_session3_natural,6,31,7.033333333333333,-1.2448620796203613,-0.6629421049723493
COHFACE_s14_session3_natural,6,32,7.066666666666666,-0.8066999316215515,-0.5223888655265572
COHFACE_s14_session3_natural,6,33,7.1,0.22098323702812195,-0.38368809540343407
COHFACE_s14_session3_natural,6,34,7.133333333333334,1.1639244556427002,-0.25024703967299616
COHFACE_s14_session3_natural,6,35,7.166666666666667,1.4271618127822876,-0.12480145464271997
COHFACE_s14_session3_natural,6,36,7.2,1.2659412622451782,-0.009077458351792952
COHFACE_s14_session3_natural,6,37,7.233333333333333,0.9184720516204834,0.09585052900975019
COHFACE_s14_session3_natural,6,38,7.266666666666667,0.4519832730293274,0.18882557112460885
COHFACE_s14_session3_natural,6,39,7.3,0.16446593403816223,0.26820902161202936
COHFACE_s14_session3_natural,6,40,7.333333333333333,0.17252525687217712,0.3323079245307386
COHFACE_s14_session3_natural,6,41,7.366666666666666,0.22295555472373962,0.3804447234035676
COHFACE_s14_session3_natural,6,42,7.4,0.1355951726436615,0.413869666342997
COHFACE_s14_session3_natural,6,43,7.433333333333334,-0.09778524935245514,0.43568554132959697
COHFACE_s14_session3_natural,6,44,7.466666666666667,-0.37068018317222595,0.4496294752408742
COHFACE_s14_session3_natural,6,45,7.5,-0.6191250681877136,0.45839551950714325
COHFACE_s14_session3_natural,6,46,7.533333333333333,-0.7858885526657104,0.46251661771867986
COHFACE_s14_session3_natural,6,47,7.566666666666666,-0.8736569881439209,0.4604477609677509
COHFACE_s14_session3_natural,6,48,7.6,-0.9378255605697632,0.44968874550159843
COHFACE_s14_session3_natural,6,49,7.633333333333334,-1.0446711778640747,0.42818166092809506
COHFACE_s14_session3_natural,6,50,7.666666666666667,-1.1817476749420166,0.3952530447381971
COHFACE_s14_session3_natural,6,51,7.7,-1.2640752792358398,0.3518411298977229
COHFACE_s14_session3_natural,6,52,7.733333333333333,-1.2916878461837769,0.30019083637188215
COHFACE_s14_session3_natural,6,53,7.766666666666667,-1.1337658166885376,0.24335678085421025
COHFACE_s14_session3_natural,6,54,7.8,-0.40121719241142273,0.18472919224204762
COHFACE_s14_session3_natural,6,55,7.833333333333333,0.6588053107261658,0.12759235225375049
COHFACE_s14_session3_natural,6,56,7.866666666666666,1.2857325077056885,0.07466132838536182
COHFACE_s14_session3_natural,6,57,7.9,1.2936898469924927,0.027676019510865416
COHFACE_s14_session3_natural,6,58,7.933333333333334,1.0173943042755127,-0.012692744377722848
COHFACE_s14_session3_natural,6,59,7.966666666666667,0.585523247718811,-0.04647073084608412
COHFACE_s14_session3_natural,6,60,8.0,0.18935802578926086,-0.07381626094839007
COHFACE_s14_session3_natural,6,61,8.033333333333333,0.09543456137180328,-0.09476500870454412
COHFACE_s14_session3_natural,6,62,8.066666666666666,0.18021051585674286,-0.1094298154830732
COHFACE_s14_session3_natural,6,63,8.1,0.18823584914207458,-0.11832719592902358
COHFACE_s14_session3_natural,6,64,8.133333333333333,0.015351379290223122,-0.12247052033331571
COHFACE_s14_session3_natural,6,65,8.166666666666666,-0.27260804176330566,-0.12317316529270893
COHFACE_s14_session3_natural,6,66,8.2,-0.5382257699966431,-0.12175058362679445
COHFACE_s14_session3_natural,6,67,8.233333333333333,-0.7212439179420471,-0.119321685570746
COHFACE_s14_session3_natural,6,68,8.266666666666667,-0.8341764807701111,-0.11673928199841088
COHFACE_s14_session3_natural,6,69,8.3,-0.9057922959327698,-0.11452385542068007
COHFACE_s14_session3_natural,6,70,8.333333333333334,-0.9729533195495605,-0.11270051213947808
COHFACE_s14_session3_natural,6,71,8.366666666666667,-1.082417368888855,-0.11061902903617649
COHFACE_s14_session3_natural,6,72,8.4,-1.1930716037750244,-0.10699668002932208
COHFACE_s14_session3_natural,6,73,8.433333333333334,-1.2745150327682495,-0.10034664325766329
COHFACE_s14_session3_natural,6,74,8.466666666666667,-1.2826082706451416,-0.08962082320710553
COHFACE_s14_session3_natural,6,75,8.5,-0.9557805061340332,-0.0746395015464928
COHFACE_s14_session3_natural,6,76,8.533333333333333,-0.055108219385147095,-0.05600437680156954
COHFACE_s14_session3_natural,6,77,8.566666666666666,0.9078963398933411,-0.034588936015305896
COHFACE_s14_session3_natural,6,78,8.6,1.2882829904556274,-0.011050427708010254
COHFACE_s14_session3_natural,6,79,8.633333333333333,1.1551849842071533,0.014141612268596818
COHFACE_s14_session3_natural,6,80,8.666666666666666,0.8063896298408508,0.0399888206018165
COHFACE_s14_session3_natural,6,81,8.7,0.3624805212020874,0.06393334728045798
COHFACE_s14_session3_natural,6,82,8.733333333333333,0.08808935433626175,0.08132525816633929
COHFACE_s14_session3_natural,6,83,8.766666666666667,0.11308346688747406,0.08614604593854895
COHFACE_s14_session3_natural,6,84,8.8,0.21588239073753357,0.07309421845941376
COHFACE_s14_session3_natural,6,85,8.833333333333334,0.16011321544647217,0.04030538863226048
COHFACE_s14_session3_natural,6,86,8.866666666666667,-0.05636642873287201,-0.008516707166416448
COHFACE_s14_session3_natural,6,87,8.9,-0.3322538435459137,-0.06377364949070059
COHFACE_s14_session3_natural,6,88,8.933333333333334,-0.5579149723052979,-0.11214681210816972
COHFACE_s14_session3_natural,6,89,8.966666666666667,-0.7117903232574463,-0.14087437883419734
COHFACE_s14_session3_natural,6,90,9.0,-0.7894931435585022,-0.14239152711818454
COHFACE_s14_session3_natural,6,91,9.033333333333333,-0.8604288101196289,-0.11704188727946513
COHFACE_s14_session3_natural,6,92,9.066666666666666,-0.9421782493591309,-0.072493389999014
COHFACE_s14_session3_natural,6,93,9.1,-1.0414745807647705,-0.020282786357182007
COHFACE_s14_session3_natural,6,94,9.133333333333333,-1.1387306451797485,0.02862817783179938
COHFACE_s14_session3_natural,6,95,9.166666666666666,-1.2052115201950073,0.0671328083619194
COHFACE_s14_session3_natural,6,96,9.2,-1.14828622341156,0.09293821234404265
COHFACE_s14_session3_natural,6,97,9.233333333333333,-0.6303129196166992,0.10743726422813572
COHFACE_s14_session3_natural,6,98,9.266666666666667,0.3954319655895233,0.11356493436826641
COHFACE_s14_session3_natural,6,99,9.3,1.1720857620239258,0.11380525010570995
COHFACE_s14_session3_natural,6,100,9.333333333333334,1.2727763652801514,0.1091460041597149
COHFACE_s14_session3_natural,6,101,9.366666666666667,1.0370495319366455,0.09921755147042924
COHFACE_s14_session3_natural,6,102,9.4,0.6352734565734863,0.08331828081208778
COHFACE_s14_session3_natural,6,103,9.433333333333334,0.20074990391731262,0.06168989411478238
COHFACE_s14_session3_natural,6,104,9.466666666666667,0.07207271456718445,0.036348847179842145
COHFACE_s14_session3_natural,6,105,9.5,0.19802945852279663,0.011008683579289103
COHFACE_s14_session3_natural,6,106,9.533333333333333,0.26243606209754944,-0.00994667266429165
COHFACE_s14_session3_natural,6,107,9.566666666666666,0.13263669610023499,-0.02302438793425745
COHFACE_s14_session3_natural,6,108,9.6,-0.10751084983348846,-0.02701853866277059
COHFACE_s14_session3_natural,6,109,9.633333333333333,-0.3646951913833618,-0.023584387968719644
COHFACE_s14_session3_natural,6,110,9.666666666666666,-0.5754278898239136,-0.01671324212059109
COHFACE_s14_session3_natural,6,111,9.7,-0.7032889127731323,-0.011306535544680602
COHFACE_s14_session3_natural,6,112,9.733333333333333,-0.769497811794281,-0.011373142501137854
COHFACE_s14_session3_natural,6,113,9.766666666666667,-0.8211183547973633,-0.018503185577124368
COHFACE_s14_session3_natural,6,114,9.8,-0.9098729491233826,-0.031228874604583845
COHFACE_s14_session3_natural,6,115,9.833333333333334,-1.0322930812835693,-0.04561158667886714
COHFACE_s14_session3_natural,6,116,9.866666666666667,-1.1323375701904297,-0.0568922803923523
COHFACE_s14_session3_natural,6,117,9.9,-1.1310453414916992,-0.06149428657475255
COHFACE_s14_session3_natural,6,118,9.933333333333334,-0.8149633407592773,-0.05838680309224066
COHFACE_s14_session3_natural,6,119,9.966666666666667,0.10587428510189056,-0.049122903034545674
COHFACE_s14_session3_natural,6,120,10.0,1.1416847705841064,-0.03670259464151254
COHFACE_s14_session3_natural,6,121,10.033333333333333,1.5746440887451172,-0.02410437506106559
COHFACE_s14_session3_natural,6,122,10.066666666666666,1.4676624536514282,-0.013293867138711663
COHFACE_s14_session3_natural,6,123,10.1,1.1435210704803467,-0.0049411191922877845
COHFACE_s14_session3_natural,6,124,10.133333333333333,0.7126021981239319,0.0014585731356831929
COHFACE_s14_session3_natural,6,125,10.166666666666666,0.39033111929893494,0.007406061101329644
COHFACE_s14_session3_natural,6,126,10.2,0.3568696081638336,0.015072302025530641
COHFACE_s14_session3_natural,6,127,10.233333333333333,0.4431418180465698,0.026469386113537868
COHFACE_s14_session3_natural,6,128,10.266666666666667,0.4058716595172882,0.04214897128132661
COHFACE_s14_session3_natural,6,129,10.3,0.1937447488307953,0.06009476781166291
COHFACE_s14_session3_natural,6,130,10.333333333333334,-0.0991794764995575,0.07568362201651174
COHFACE_s14_session3_natural,6,131,10.366666666666667,-0.34500595927238464,0.08314012796974016
COHFACE_s14_session3_natural,6,132,10.4,-0.513231635093689,0.07804340876204356
COHFACE_s14_session3_natural,6,133,10.433333333333334,-0.6244979500770569,0.05971539463213146
COHFACE_s14_session3_natural,6,134,10.466666666666667,-0.7141707539558411,0.03220981083584245
COHFACE_s14_session3_natural,6,135,10.5,-0.8012250661849976,0.0031783559305744026
COHFACE_s14_session3_natural,6,136,10.533333333333333,-0.9055202007293701,-0.01914176861284838
COHFACE_s14_session3_natural,6,137,10.566666666666666,-1.0279403924942017,-0.02954291617124804
COHFACE_s14_session3_natural,6,138,10.6,-1.0936051607131958,-0.02819409668941711
COHFACE_s14_session3_natural,6,139,10.633333333333333,-0.9944108724594116,-0.02033871385648582
COHFACE_s14_session3_natural,6,140,10.666666666666666,-0.344699889421463,-0.013530806349279617
COHFACE_s14_session3_natural,6,141,10.7,0.787482500076294,-0.014023709626194413
COHFACE_s14_session3_natural,6,142,10.733333333333333,1.6006243228912354,-0.0240978000694097
COHFACE_s14_session3_natural,6,143,10.766666666666667,1.7064497470855713,-0.041325414024334595
COHFACE_s14_session3_natural,6,144,10.8,1.4833390712738037,-0.05984741367035167
COHFACE_s14_session3_natural,6,145,10.833333333333334,1.1248520612716675,-0.07299414672720515
COHFACE_s14_session3_natural,6,146,10.866666666666667,0.6691769957542419,-0.07608733514266115
COHFACE_s14_session3_natural,6,147,10.9,0.42777127027511597,-0.06819105865883447
COHFACE_s14_session3_natural,6,148,10.933333333333334,0.46973419189453125,-0.052062681018918144
COHFACE_s14_session3_natural,6,149,10.966666666666667,0.5095887780189514,-0.03245630256411632
COHFACE_s14_session3_natural,6,150,11.0,0.3683975040912628,-0.013828143016591101
COHFACE_s14_session3_natural,6,151,11.033333333333333,0.0846547856926918,0.0012595187675334936
COHFACE_s14_session3_natural,6,152,11.066666666666666,-0.19531330466270447,0.012394559482897907
COHFACE_s14_session3_natural,6,153,11.1,-0.43916743993759155,0.020532752370132693
COHFACE_s14_session3_natural,6,154,11.133333333333333,-0.5787944197654724,0.026944184417856887
COHFACE_s14_session3_natural,6,155,11.166666666666666,-0.6714937090873718,0.03249675884644672
COHFACE_s14_session3_natural,6,156,11.2,-0.7624586820602417,0.03741751228822209
COHFACE_s14_session3_natural,6,157,11.233333333333333,-0.8591706156730652,0.0413434753462076
COHFACE_s14_session3_natural,6,158,11.266666666666667,-0.9750276803970337,0.043509407813030344
COHFACE_s14_session3_natural,6,159,11.3,-1.0867700576782227,0.043074392233370735
COHFACE_s14_session3_natural,6,160,11.333333333333334,-1.1326096057891846,0.03955606541286824
COHFACE_s14_session3_natural,6,161,11.366666666666667,-0.9475171566009521,0.033181684216220614
COHFACE_s14_session3_natural,6,162,11.4,-0.1568869799375534,0.024912678437895023
COHFACE_s14_session3_natural,6,163,11.433333333333334,0.9901218414306641,0.016084459281425528
COHFACE_s14_session3_natural,6,164,11.466666666666667,1.6522449254989624,0.007930690595630202
COHFACE_s14_session3_natural,6,165,11.5,1.6420772075653076,0.0013807130288209584
COHFACE_s14_session3_natural,6,166,11.533333333333333,1.3652715682983398,-0.002770391855118722
COHFACE_s14_session3_natural,6,167,11.566666666666666,0.9337745904922485,-0.003620825434802684
COHFACE_s14_session3_natural,6,168,11.6,0.49000152945518494,-0.0002604992642593366
COHFACE_s14_session3_natural,6,169,11.633333333333333,0.3365342617034912,0.007642847251788367
COHFACE_s14_session3_natural,6,170,11.666666666666666,0.41379496455192566,0.019052491842882626
COHFACE_s14_session3_natural,6,171,11.7,0.4357285797595978,0.03112293121881585
COHFACE_s14_session3_natural,6,172,11.733333333333333,0.25896748900413513,0.03956333198644991
COHFACE_s14_session3_natural,6,173,11.766666666666667,-0.033004581928253174,0.039848688101610956
COHFACE_s14_session3_natural,6,174,11.8,-0.3257247805595398,0.02887305197370498
COHFACE_s14_session3_natural,6,175,11.833333333333334,-0.5492435693740845,0.006415399703837566
COHFACE_s14_session3_natural,6,176,11.866666666666667,-0.6684672236442566,-0.024129010744262942
COHFACE_s14_session3_natural,6,177,11.9,-0.7338939905166626,-0.05614269744302077
COHFACE_s14_session3_natural,6,178,11.933333333333334,-0.8117327690124512,-0.08155551296803513
COHFACE_s14_session3_natural,6,179,11.966666666666667,-0.9153138399124146,-0.09369203725142695
COHFACE_s14_session3_natural,6,180,12.0,-1.035353660583496,-0.0899203808085901
COHFACE_s14_session3_natural,6,181,12.033333333333333,-1.1561074256896973,-0.07253202691906382
COHFACE_s14_session3_natural,6,182,12.066666666666666,-1.1982064247131348,-0.047391117491668
COHFACE_s14_session3_natural,6,183,12.1,-0.9947509169578552,-0.02131956720422181
COHFACE_s14_session3_natural,6,184,12.133333333333333,-0.21490052342414856,0.0003800879764141228
COHFACE_s14_session3_natural,6,185,12.166666666666666,0.8987148404121399,0.01529979506562556
COHFACE_s14_session3_natural,6,186,12.2,1.5097614526748657,0.02385471612102197
COHFACE_s14_session3_natural,6,187,12.233333333333333,1.4901741743087769,0.028027576061934265
COHFACE_s14_session3_natural,6,188,12.266666666666667,1.2122464179992676,0.029736448004594167
COHFACE_s14_session3_natural,6,189,12.3,0.7768727540969849,0.029796651737036974
COHFACE_s14_session3_natural,6,190,12.333333333333334,0.36006614565849304,0.028009771501617618
COHFACE_s14_session3_natural,6,191,12.366666666666667,0.23587769269943237,0.024130149263470763
COHFACE_s14_session3_natural,6,192,12.4,0.3423832058906555,0.018845752131447888
COHFACE_s14_session3_natural,6,193,12.433333333333334,0.3552713394165039,0.013925313237544982
COHFACE_s14_session3_natural,6,194,12.466666666666667,0.17629987001419067,0.011373945663712044
COHFACE_s14_session3_natural,6,195,12.5,-0.09322849661111832,0.012231996068148364
COHFACE_s14_session3_natural,6,196,12.533333333333333,-0.3750669062137604,0.015904879163934238
COHFACE_s14_session3_natural,6,197,12.566666666666666,-0.5917165875434875,0.020490681574933278
COHFACE_s14_session3_natural,6,198,12.6,-0.7045131325721741,0.023819906308570477
COHFACE_s14_session3_natural,6,199,12.633333333333333,-0.7705519795417786,0.024447106957044034
COHFACE_s14_session3_natural,6,200,12.666666666666666,-0.8345505595207214,0.022011652561073573
COHFACE_s14_session3_natural,6,201,12.7,-0.9353771209716797,0.016946709900709442
COHFACE_s14_session3_natural,6,202,12.733333333333333,-1.0634422302246094,0.009947815186811856
COHFACE_s14_session3_natural,6,203,12.766666666666667,-1.1474360227584839,0.0016391559562884477
COHFACE_s14_session3_natural,6,204,12.8,-1.184400200843811,-0.0074465105619759475
COHFACE_s14_session3_natural,6,205,12.833333333333334,-0.9717631340026855,-0.01677841978926429
COHFACE_s14_session3_natural,6,206,12.866666666666667,-0.13648362457752228,-0.02584755698925343
COHFACE_s14_session3_natural,6,207,12.9,0.9141873717308044,-0.03428461813494059
COHFACE_s14_session3_natural,6,208,12.933333333333334,1.4481772184371948,-0.04185786125048791
COHFACE_s14_session3_natural,6,209,12.966666666666667,1.3594906330108643,-0.04817811182523823
COHFACE_s14_session3_natural,6,210,13.0,1.011613368988037,-0.05224904979042271
COHFACE_s14_session3_natural,6,211,13.033333333333333,0.5261494517326355,-0.052277952127228466
COHFACE_s14_session3_natural,6,212,13.066666666666666,0.17851024866104126,-0.046100626215532466
COHFACE_s14_session3_natural,6,213,13.1,0.17048491537570953,-0.03217708937493421
COHFACE_s14_session3_natural,6,214,13.133333333333333,0.3000122308731079,-0.010656814231533635
COHFACE_s14_session3_natural,6,215,13.166666666666666,0.29834598302841187,0.016101614582432297
COHFACE_s14_session3_natural,6,216,13.2,0.1055002212524414,0.0438001097696852
COHFACE_s14_session3_natural,6,217,13.233333333333333,-0.1656264215707779,0.06705798297009537
COHFACE_s14_session3_natural,6,218,13.266666666666667,-0.40424370765686035,0.08055686234435966
COHFACE_s14_session3_natural,6,219,13.3,-0.5620976686477661,0.08032021144993648
COHFACE_s14_session3_natural,6,220,13.333333333333334,-0.6703035235404968,0.06502379185951654
COHFACE_s14_session3_natural,6,221,13.366666666666667,-0.750352680683136,0.037004821203325856
COHFACE_s14_session3_natural,6,222,13.4,-0.8046936392784119,0.002302557237338264
COHFACE_s14_session3_natural,6,223,13.433333333333334,-0.9099409580230713,-0.030815022935889835
COHFACE_s14_session3_natural,6,224,13.466666666666667,-1.009271264076233,-0.05454431859781399
COHFACE_s14_session3_natural,6,225,13.5,-1.0761603116989136,-0.06423403182891767
COHFACE_s14_session3_natural,6,226,13.533333333333333,-1.0317490100860596,-0.05965324036004284
COHFACE_s14_session3_natural,6,227,13.566666666666666,-0.5126195549964905,-0.04423291131821941
COHFACE_s14_session3_natural,6,228,13.6,0.566412091255188,-0.022993351540228357
COHFACE_s14_session3_natural,6,229,13.633333333333333,1.4557604789733887,-0.0005879722959042489
COHFACE_s14_session3_natural,6,230,13.666666666666666,1.648368239402771,0.01962698798014213
COHFACE_s14_session3_natural,6,231,13.7,1.4089688062667847,0.035594083021399665
COHFACE_s14_session3_natural,6,232,13.733333333333333,1.0070565938949585,0.046199956867855045
COHFACE_s14_session3_natural,6,233,13.766666666666667,0.5513136386871338,0.05100637338380646
COHFACE_s14_session3_natural,6,234,13.8,0.3498304486274719,0.05018871382109329
COHFACE_s14_session3_natural,6,235,13.833333333333334,0.4483106732368469,0.04454698827565413
COHFACE_s14_session3_natural,6,236,13.866666666666667,0.5424041748046875,0.03536841832959454
COHFACE_s14_session3_natural,6,237,13.9,0.40777599811553955,0.02405257118522962
COHFACE_s14_session3_natural,6,238,13.933333333333334,0.1487213373184204,0.0116702427219904
COHFACE_s14_session3_natural,6,239,13.966666666666667,-0.12771017849445343,-0.001238487203988961
COHFACE_s14_session3_natural,7,0,7.0,-1.2786636352539062,0.0005832103950968257
COHFACE_s14_session3_natural,7,1,7.033333333333333,-1.2448620796203613,2.7213871745294687
COHFACE_s14_session3_natural,7,2,7.066666666666666,-0.8066999316215515,5.018338199114539
COHFACE_s14_session3_natural,7,3,7.1,0.22098323702812195,6.57164494037699
COHFACE_s14_session3_natural,7,4,7.133333333333334,1.1639244556427002,7.240276245149758
COHFACE_s14_session3_natural,7,5,7.166666666666667,1.4271618127822876,7.07988714813049
COHFACE_s14_session3_natural,7,6,7.2,1.2659412622451782,6.298576931504889
COHFACE_s14_session3_natural,7,7,7.233333333333333,0.9184720516204834,5.174845769877546
COHFACE_s14_session3_natural,7,8,7.266666666666667,0.4519832730293274,3.973420052831918
COHFACE_s14_session3_natural,7,9,7.3,0.16446593403816223,2.8860150604801476
COHFACE_s14_session3_natural,7,10,7.333333333333333,0.17252525687217712,2.0083231992408135
COHFACE_s14_session3_natural,7,11,7.366666666666666,0.22295555472373962,1.3499789666722914
COHFACE_s14_session3_natural,7,12,7.4,0.1355951726436615,0.8648746007660515
COHFACE_s14_session3_natural,7,13,7.433333333333334,-0.09778524935245514,0.48651745155302856
COHFACE_s14_session3_natural,7,14,7.466666666666667,-0.37068018317222595,0.15626694124443652
COHFACE_s14_session3_natural,7,15,7.5,-0.6191250681877136,-0.1614854811667502
COHFACE_s14_session3_natural,7,16,7.533333333333333,-0.7858885526657104,-0.4769598524751718
COHFACE_s14_session3_natural,7,17,7.566666666666666,-0.8736569881439209,-0.7812931042403959
COHFACE_s14_session3_natural,7,18,7.6,-0.9378255605697632,-1.0563305683024522
COHFACE_s14_session3_natural,7,19,7.633333333333334,-1.0446711778640747,-1.283793527712035
COHFACE_s14_session3_natural,7,20,7.666666666666667,-1.1817476749420166,-1.451494126668065
COHFACE_s14_session3_natural,7,21,7.7,-1.2640752792358398,-1.5558920770292872
COHFACE_s14_session3_natural,7,22,7.733333333333333,-1.2916878461837769,-1.6014298117049781
COHFACE_s14_session3_natural,7,23,7.766666666666667,-1.1337658166885376,-1.5977459369697853
COHFACE_s14_session3_natural,7,24,7.8,-0.40121719241142273,-1.5561598363482243
COHFACE_s14_session3_natural,7,25,7.833333333333333,0.6588053107261658,-1.4867342773965073
COHFACE_s14_session3_natural,7,26,7.866666666666666,1.2857325077056885,-1.3967426514526127
COHFACE_s14_session3_natural,7,27,7.9,1.2936898469924927,-1.2906308687093269
COHFACE_s14_session3_natural,7,28,7.933333333333334,1.0173943042755127,-1.1708822109880763
COHFACE_s14_session3_natural,7,29,7.966666666666667,0.585523247718811,-1.039010247647641
COHFACE_s14_session3_natural,7,30,8.0,0.18935802578926086,-0.8963266672686043
COHFACE_s14_session3_natural,7,31,8.033333333333333,0.09543456137180328,-0.7445822456814613
COHFACE_s14_session3_natural,7,32,8.066666666666666,0.18021051585674286,-0.5865425695666269
COHFACE_s14_session3_natural,7,33,8.1,0.18823584914207458,-0.4262798747516353
COHFACE_s14_session3_natural,7,34,8.133333333333333,0.015351379290223122,-0.26891646819886583
COHFACE_s14_session3_natural,7,35,8.166666666666666,-0.27260804176330566,-0.119828499172441
COHFACE_s14_session3_natural,7,36,8.2,-0.5382257699966431,0.016321151556844386
COHFACE_s14_session3_natural,7,37,8.233333333333333,-0.7212439179420471,0.13624520547932342
COHFACE_s14_session3_natural,7,38,8.266666666666667,-0.8341764807701111,0.23819399801827162
COHFACE_s14_session3_natural,7,39,8.3,-0.9057922959327698,0.3217847827802136
COHFACE_s14_session3_natural,7,40,8.333333333333334,-0.9729533195495605,0.387758931365461
COHFACE_s14_session3_natural,7,41,8.366666666666667,-1.082417368888855,0.4377530905482987
COHFACE_s14_session3_natural,7,42,8.4,-1.1930716037750244,0.47396620507270587
COHFACE_s14_session3_natural,7,43,8.433333333333334,-1.2745150327682495,0.4986271108603122
COHFACE_s14_session3_natural,7,44,8.466666666666667,-1.2826082706451416,0.5134443746538342
COHFACE_s14_session3_natural,7,45,8.5,-0.9557805061340332,0.519398831494914
COHFACE_s14_session3_natural,7,46,8.533333333333333,-0.055108219385147095,0.5170326855291592
COHFACE_s14_session3_natural,7,47,8.566666666666666,0.9078963398933411,0.5069963884040741
COHFACE_s14_session3_natural,7,48,8.6,1.2882829904556274,0.49039672093755676
COHFACE_s14_session3_natural,7,49,8.633333333333333,1.1551849842071533,0.46857856306629225
COHFACE_s14_session3_natural,7,50,8.666666666666666,0.8063896298408508,0.4423116890060916
COHFACE_s14_session3_natural,7,51,8.7,0.3624805212020874,0.41080294325322514
COHFACE_s14_session3_natural,7,52,8.733333333333333,0.08808935433626175,0.3712741293672988
COHFACE_s14_session3_natural,7,53,8.766666666666667,0.11308346688747406,0.31972238204455966
COHFACE_s14_session3_natural,7,54,8.8,0.21588239073753357,0.2528463692579489
COHFACE_s14_session3_natural,7,55,8.833333333333334,0.16011321544647217,0.17040105841822056
COHFACE_s14_session3_natural,7,56,8.866666666666667,-0.05636642873287201,0.07690462151599725
COHFACE_s14_session3_natural,7,57,8.9,-0.3322538435459137,-0.01828076768370845
COHFACE_s14_session3_natural,7,58,8.933333333333334,-0.5579149723052979,-0.1030053274561364
COHFACE_s14_session3_natural,7,59,8.966666666666667,-0.7117903232574463,-0.16608852786735923
COHFACE_s14_session3_natural,7,60,9.0,-0.7894931435585022,-0.2011727887657542
COHFACE_s14_session3_natural,7,61,9.033333333333333,-0.8604288101196289,-0.2087261332688885
COHFACE_s14_session3_natural,7,62,9.066666666666666,-0.9421782493591309,-0.19531557473441502
COHFACE_s14_session3_natural,7,63,9.1,-1.0414745807647705,-0.17081301496147602
COHFACE_s14_session3_natural,7,64,9.133333333333333,-1.1387306451797485,-0.14498515233228365
COHFACE_s14_session3_natural,7,65,9.166666666666666,-1.2052115201950073,-0.12481266923258319
COHFACE_s14_session3_natural,7,66,9.2,-1.14828622341156,-0.11331514249435966
COHFACE_s14_session3_natural,7,67,9.233333333333333,-0.6303129196166992,-0.10993533677762592
COHFACE_s14_session3_natural,7,68,9.266666666666667,0.3954319655895233,-0.11190589734823521
COHFACE_s14_session3_natural,7,69,9.3,1.1720857620239258,-0.11578170008930144
COHFACE_s14_session3_natural,7,70,9.333333333333334,1.2727763652801514,-0.11856351450953055
COHFACE_s14_session3_natural,7,71,9.366666666666667,1.0370495319366455,-0.1182541340123883
COHFACE_s14_session3_natural,7,72,9.4,0.6352734565734863,-0.11393491685771626
COHFACE_s14_session3_natural,7,73,9.433333333333334,0.20074990391731262,-0.10551856118543172
COHFACE_s14_session3_natural,7,74,9.466666666666667,0.07207271456718445,-0.09335725597639746
COHFACE_s14_session3_natural,7,75,9.5,0.19802945852279663,-0.07789790423196255
COHFACE_s14_session3_natural,7,76,9.533333333333333,0.26243606209754944,-0.05954694452476404
COHFACE_s14_session3_natural,7,77,9.566666666666666,0.13263669610023499,-0.0388126076014227
COHFACE_s14_session3_natural,7,78,9.6,-0.10751084983348846,-0.01664411760148838
COHFACE_s14_session3_natural,7,79,9.633333333333333,-0.3646951913833618,0.0052499929856457805
COHFACE_s14_session3_natural,7,80,9.666666666666666,-0.5754278898239136,0.024371783637989544
COHFACE_s14_session3_natural,7,81,9.7,-0.7032889127731323,0.03788036148003733
COHFACE_s14_session3_natural,7,82,9.733333333333333,-0.769497811794281,0.043497300256296924
COHFACE_s14_session3_natural,7,83,9.766666666666667,-0.8211183547973633,0.040562271735346794
COHFACE_s14_session3_natural,7,84,9.8,-0.9098729491233826,0.03068735368820449
COHFACE_s14_session3_natural,7,85,9.833333333333334,-1.0322930812835693,0.017501135858069485
COHFACE_s14_session3_natural,7,86,9.866666666666667,-1.1323375701904297,0.005407419148103703
COHFACE_s14_session3_natural,7,87,9.9,-1.1310453414916992,-0.0021151677942834535
COHFACE_s14_session3_natural,7,88,9.933333333333334,-0.8149633407592773,-0.0037757264654709726
COHFACE_s14_session3_natural,7,89,9.966666666666667,0.10587428510189056,-0.0006050371353179436
COHFACE_s14_session3_natural,7,90,10.0,1.1416847705841064,0.004991845668989494
COHFACE_s14_session3_natural,7,91,10.033333333333333,1.5746440887451172,0.010576595667191905
COHFACE_s14_session3_natural,7,92,10.066666666666666,1.4676624536514282,0.014712941249047033
COHFACE_s14_session3_natural,7,93,10.1,1.1435210704803467,0.01740697995601344
COHFACE_s14_session3_natural,7,94,10.133333333333333,0.7126021981239319,0.020011068301487443
COHFACE_s14_session3_natural,7,95,10.166666666666666,0.39033111929893494,0.02473897032174101
COHFACE_s14_session3_natural,7,96,10.2,0.3568696081638336,0.03385550837284483
COHFACE_s14_session3_natural,7,97,10.233333333333333,0.4431418180465698,0.04858613410004492
COHFACE_s14_session3_natural,7,98,10.266666666666667,0.4058716595172882,0.06799409667522431
COHFACE_s14_session3_natural,7,99,10.3,0.1937447488307953,0.08835995655113454
COHFACE_s14_session3_natural,7,100,10.333333333333334,-0.0991794764995575,0.10367689825137846
COHFACE_s14_session3_natural,7,101,10.366666666666667,-0.34500595927238464,0.10750159376497997
COHFACE_s14_session3_natural,7,102,10.4,-0.513231635093689,0.09562917884485471
COHFACE_s14_session3_natural,7,103,10.433333333333334,-0.6244979500770569,0.06838675167965344
COHFACE_s14_session3_natural,7,104,10.466666666666667,-0.7141707539558411,0.03127992991034386
COHFACE_s14_session3_natural,7,105,10.5,-0.8012250661849976,-0.006620227143688082
COHFACE_s14_session3_natural,7,106,10.533333333333333,-0.9055202007293701,-0.036081199817026864
COHFACE_s14_session3_natural,7,107,10.566666666666666,-1.0279403924942017,-0.05143151286949355
COHFACE_s14_session3_natural,7,108,10.6,-1.0936051607131958,-0.052764248826834365
COHFACE_s14_session3_natural,7,109,10.633333333333333,-0.9944108724594116,-0.04546515541804271
COHFACE_s14_session3_natural,7,110,10.666666666666666,-0.344699889421463,-0.03741558852979533
COHFACE_s14_session3_natural,7,111,10.7,0.787482500076294,-0.035444956166864224
COHFACE_s14_session3_natural,7,112,10.733333333333333,1.6006243228912354,-0.04266468031180277
COHFACE_s14_session3_natural,7,113,10.766666666666667,1.7064497470855713,-0.05756661633640905
COHFACE_s14_session3_natural,7,114,10.8,1.4833390712738037,-0.07498105638264883
COHFACE_s14_session3_natural,7,115,10.833333333333334,1.1248520612716675,-0.08837422681255491
COHFACE_s14_session3_natural,7,116,10.866666666666667,0.6691769957542419,-0.09250052838239098
COHFACE_s14_session3_natural,7,117,10.9,0.42777127027511597,-0.08528480579837888
COHFACE_s14_session3_natural,7,118,10.933333333333334,0.46973419189453125,-0.06816416035260843
COHFACE_s14_session3_natural,7,119,10.966666666666667,0.5095887780189514,-0.04489556893223323
COHFACE_s14_session3_natural,7,120,11.0,0.3683975040912628,-0.01967005182224455
COHFACE_s14_session3_natural,7,121,11.033333333333333,0.0846547856926918,0.00433540777606222
COHFACE_s14_session3_natural,7,122,11.066666666666666,-0.19531330466270447,0.025361245086023488
COHFACE_s14_session3_natural,7,123,11.1,-0.43916743993759155,0.04264333281025739
COHFACE_s14_session3_natural,7,124,11.133333333333333,-0.5787944197654724,0.055821535985561783
COHFACE_s14_session3_natural,7,125,11.166666666666666,-0.6714937090873718,0.06467595703527539
COHFACE_s14_session3_natural,7,126,11.2,-0.7624586820602417,0.06918712872959294
COHFACE_s14_session3_natural,7,127,11.233333333333333,-0.8591706156730652,0.06957880094665916
COHFACE_s14_session3_natural,7,128,11.266666666666667,-0.9750276803970337,0.06613633070868703
COHFACE_s14_session3_natural,7,129,11.3,-1.0867700576782227,0.05895039493770735
COHFACE_s14_session3_natural,7,130,11.333333333333334,-1.1326096057891846,0.0478949533851142
COHFACE_s14_session3_natural,7,131,11.366666666666667,-0.9475171566009521,0.032974554210118336
COHFACE_s14_session3_natural,7,132,11.4,-0.1568869799375534,0.014833872084022119
COHFACE_s14_session3_natural,7,133,11.433333333333334,0.9901218414306641,-0.004930853766462019
COHFACE_s14_session3_natural,7,134,11.466666666666667,1.6522449254989624,-0.02381299790399707
COHFACE_s14_session3_natural,7,135,11.5,1.6420772075653076,-0.03869733934042198
COHFACE_s14_session3_natural,7,136,11.533333333333333,1.3652715682983398,-0.04635488386777198
COHFACE_s14_session3_natural,7,137,11.566666666666666,0.9337745904922485,-0.0441768208119436
COHFACE_s14_session3_natural,7,138,11.6,0.49000152945518494,-0.031108187056783608
COHFACE_s14_session3_natural,7,139,11.633333333333333,0.3365342617034912,-0.00849533453920123
COHFACE_s14_session3_natural,7,140,11.666666666666666,0.41379496455192566,0.019611606119940353
COHFACE_s14_session3_natural,7,141,11.7,0.4357285797595978,0.04704695332648406
COHFACE_s14_session3_natural,7,142,11.733333333333333,0.25896748900413513,0.06694527990753255
COHFACE_s14_session3_natural,7,143,11.766666666666667,-0.033004581928253174,0.07351513579800198
COHFACE_s14_session3_natural,7,144,11.8,-0.3257247805595398,0.06359832600940249
COHFACE_s14_session3_natural,7,145,11.833333333333334,-0.5492435693740845,0.03764214273850141
COHFACE_s14_session3_natural,7,146,11.866666666666667,-0.6684672236442566,-2.5057600937914543e-05
COHFACE_s14_session3_natural,7,147,11.9,-0.7338939905166626,-0.04171825809272626
COHFACE_s14_session3_natural,7,148,11.933333333333334,-0.8117327690124512,-0.078028247169438
COHFACE_s14_session3_natural,7,149,11.966666666666667,-0.9153138399124146,-0.1005964753088992
COHFACE_s14_session3_natural,7,150,12.0,-1.035353660583496,-0.10506460141108255
COHFACE_s14_session3_natural,7,151,12.033333333333333,-1.1561074256896973,-0.09259167895296386
COHFACE_s14_session3_natural,7,152,12.066666666666666,-1.1982064247131348,-0.06901725046435682
COHFACE_s14_session3_natural,7,153,12.1,-0.9947509169578552,-0.042148110897802175
COHFACE_s14_session3_natural,7,154,12.133333333333333,-0.21490052342414856,-0.018604469771128052
COHFACE_s14_session3_natural,7,155,12.166666666666666,0.8987148404121399,-0.0017151837669455298
COHFACE_s14_session3_natural,7,156,12.2,1.5097614526748657,0.008749502693701889
COHFACE_s14_session3_natural,7,157,12.233333333333333,1.4901741743087769,0.015221548262324086
COHFACE_s14_session3_natural,7,158,12.266666666666667,1.2122464179992676,0.02034329192728333
COHFACE_s14_session3_natural,7,159,12.3,0.7768727540969849,0.02550656242665393
COHFACE_s14_session3_natural,7,160,12.333333333333334,0.36006614565849304,0.03061118801505701
COHFACE_s14_session3_natural,7,161,12.366666666666667,0.23587769269943237,0.03489725840333411
COHFACE_s14_session3_natural,7,162,12.4,0.3423832058906555,0.03801773423685976
COHFACE_s14_session3_natural,7,163,12.433333333333334,0.3552713394165039,0.040457961895085506
COHFACE_s14_session3_natural,7,164,12.466666666666667,0.17629987001419067,0.04304819841111204
COHFACE_s14_session3_natural,7,165,12.5,-0.09322849661111832,0.04607723812047455
COHFACE_s14_session3_natural,7,166,12.533333333333333,-0.3750669062137604,0.04876312449112198
COHFACE_s14_session3_natural,7,167,12.566666666666666,-0.5917165875434875,0.04948218898547921
COHFACE_s14_session3_natural,7,168,12.6,-0.7045131325721741,0.046545738538252286
COHFACE_s14_session3_natural,7,169,12.633333333333333,-0.7705519795417786,0.03894549440623029
COHFACE_s14_session3_natural,7,170,12.666666666666666,-0.8345505595207214,0.02663953542105291
COHFACE_s14_session3_natural,7,171,12.7,-0.9353771209716797,0.010381880072317731
COHFACE_s14_session3_natural,7,172,12.733333333333333,-1.0634422302246094,-0.008600090204283426
COHFACE_s14_session3_natural,7,173,12.766666666666667,-1.1474360227584839,-0.028788250575685466
COHFACE_s14_session3_natural,7,174,12.8,-1.184400200843811,-0.048376764405343435
COHFACE_s14_session3_natural,7,175,12.833333333333334,-0.9717631340026855,-0.06529492642560959
COHFACE_s14_session3_natural,7,176,12.866666666666667,-0.13648362457752228,-0.07745482487374296
COHFACE_s14_session3_natural,7,177,12.9,0.9141873717308044,-0.08321313005258107
COHFACE_s14_session3_natural,7,178,12.933333333333334,1.4481772184371948,-0.08178764381567705
COHFACE_s14_session3_natural,7,179,12.966666666666667,1.3594906330108643,-0.07332653623883043
COHFACE_s14_session3_natural,7,180,13.0,1.011613368988037,-0.058575783955453715
COHFACE_s14_session3_natural,7,181,13.033333333333333,0.5261494517326355,-0.03841221666625228
COHFACE_s14_session3_natural,7,182,13.066666666666666,0.17851024866104126,-0.013622443810859025
COHFACE_s14_session3_natural,7,183,13.1,0.17048491537570953,0.014878150982920845
COHFACE_s14_session3_natural,7,184,13.133333333333333,0.3000122308731079,0.04554137013945346
COHFACE_s14_session3_natural,7,185,13.166666666666666,0.29834598302841187,0.07575774814159002
COHFACE_s14_session3_natural,7,186,13.2,0.1055002212524414,0.10176173644274417
COHFACE_s14_session3_natural,7,187,13.233333333333333,-0.1656264215707779,0.11894856658456668
COHFACE_s14_session3_natural,7,188,13.266666666666667,-0.40424370765686035,0.12265968902500622
COHFACE_s14_session3_natural,7,189,13.3,-0.5620976686477661,0.10948962356060682
COHFACE_s14_session3_natural,7,190,13.333333333333334,-0.6703035235404968,0.07893942060253342
COHFACE_s14_session3_natural,7,191,13.366666666666667,-0.750352680683136,0.034781158610870826
COHFACE_s14_session3_natural,7,192,13.4,-0.8046936392784119,-0.014878117899187263
COHFACE_s14_session3_natural,7,193,13.433333333333334,-0.9099409580230713,-0.05954477634470251
COHFACE_s14_session3_natural,7,194,13.466666666666667,-1.009271264076233,-0.08986366728709784
COHFACE_s14_session3_natural,7,195,13.5,-1.0761603116989136,-0.10108157623226528
COHFACE_s14_session3_natural,7,196,13.533333333333333,-1.0317490100860596,-0.09455172429129224
COHFACE_s14_session3_natural,7,197,13.566666666666666,-0.5126195549964905,-0.07640894615487617
COHFACE_s14_session3_natural,7,198,13.6,0.566412091255188,-0.05429983269683105
COHFACE_s14_session3_natural,7,199,13.633333333333333,1.4557604789733887,-0.03416771224695422
COHFACE_s14_session3_natural,7,200,13.666666666666666,1.648368239402771,-0.018668007210638028
COHFACE_s14_session3_natural,7,201,13.7,1.4089688062667847,-0.0074876009384511515
COHFACE_s14_session3_natural,7,202,13.733333333333333,1.0070565938949585,0.0011755000568457654
COHFACE_s14_session3_natural,7,203,13.766666666666667,0.5513136386871338,0.009017356944079426
COHFACE_s14_session3_natural,7,204,13.8,0.3498304486274719,0.016682992884340157
COHFACE_s14_session3_natural,7,205,13.833333333333334,0.4483106732368469,0.023685465219924765
COHFACE_s14_session3_natural,7,206,13.866666666666667,0.5424041748046875,0.02892174109864621
COHFACE_s14_session3_natural,7,207,13.9,0.40777599811553955,0.03133679530368033
COHFACE_s14_session3_natural,7,208,13.933333333333334,0.1487213373184204,0.030420702313054132
COHFACE_s14_session3_natural,7,209,13.966666666666667,-0.12771017849445343,0.02643898700599321
COHFACE_s14_session3_natural,7,210,14.0,-0.33602845668792725,0.020385641455718417
COHFACE_s14_session3_natural,7,211,14.033333333333333,-0.479804128408432,0.01367416445662141
COHFACE_s14_session3_natural,7,212,14.066666666666666,-0.5594112277030945,0.007668158760031611
COHFACE_s14_session3_natural,7,213,14.1,-0.6348356604576111,0.003246239812382911
COHFACE_s14_session3_natural,7,214,14.133333333333333,-0.7481083273887634,0.0005879150329784641
COHFACE_s14_session3_natural,7,215,14.166666666666666,-0.8593746423721313,-0.000755380103680821
COHFACE_s14_session3_natural,7,216,14.2,-0.934561014175415,-0.0016000867409595974
COHFACE_s14_session3_natural,7,217,14.233333333333333,-0.9186803698539734,-0.002849117911551789
COHFACE_s14_session3_natural,7,218,14.266666666666667,-0.4753153920173645,-0.0052835450312867195
COHFACE_s14_session3_natural,7,219,14.3,0.6219092607498169,-0.00940463782393803
COHFACE_s14_session3_natural,7,220,14.333333333333334,1.6861144304275513,-0.015270847585900313
COHFACE_s14_session3_natural,7,221,14.366666666666667,2.0680654048919678,-0.022336689663252036
COHFACE_s14_session3_natural,7,222,14.4,1.9227254390716553,-0.029384408555257445
COHFACE_s14_session3_natural,7,223,14.433333333333334,1.5639663934707642,-0.03465474771375513
COHFACE_s14_session3_natural,7,224,14.466666666666667,1.0378997325897217,-0.03619852957884138
COHFACE_s14_session3_natural,7,225,14.5,0.6596554517745972,-0.0323645311566691
COHFACE_s14_session3_natural,7,226,14.533333333333333,0.6542485356330872,-0.02230167284971897
COHFACE_s14_session3_natural,7,227,14.566666666666666,0.7619103193283081,-0.006384898090643053
COHFACE_s14_session3_natural,7,228,14.6,0.6803648471832275,0.013495939563087462
COHFACE_s14_session3_natural,7,229,14.633333333333333,0.4190318286418915,0.03390744391962037
COHFACE_s14_session3_natural,7,230,14.666666666666666,0.08887148648500443,0.05034955867118121
COHFACE_s14_session3_natural,7,231,14.7,-0.1880020946264267,0.058418934426346596
COHFACE_s14_session3_natural,7,232,14.733333333333333,-0.3471482992172241,0.05544773542546079
COHFACE_s14_session3_natural,7,233,14.766666666666667,-0.4341006278991699,0.041931731882730125
COHFACE_s14_session3_natural,7,234,14.8,-0.5193526744842529,0.021897831079719637
COHFACE_s14_session3_natural,7,235,14.833333333333334,-0.6281365752220154,0.0017450559350180017
COHFACE_s14_session3_natural,7,236,14.866666666666667,-0.7653831839561462,-0.012096967808140633
COHFACE_s14_session3_natural,7,237,14.9,-0.8624351620674133,-0.015660456810914082
COHFACE_s14_session3_natural,7,238,14.933333333333334,-0.8678420186042786,-0.008973574371057972
COHFACE_s14_session3_natural,7,239,14.966666666666667,-0.6329313516616821,0.0039860116643554
COHFACE_s14_session3_natural,8,0,8.0,0.18935802578926086,-0.0089048751256382
COHFACE_s14_session3_natural,8,1,8.033333333333333,0.09543456137180328,2.7132439341828056
COHFACE_s14_session3_natural,8,2,8.066666666666666,0.18021051585674286,5.013013165667316
COHFACE_s14_session3_natural,8,3,8.1,0.18823584914207458,6.571400427190219
COHFACE_s14_session3_natural,8,4,8.133333333333333,0.015351379290223122,7.247163981849695
COHFACE_s14_session3_natural,8,5,8.166666666666666,-0.27260804176330566,7.0946694933892145
COHFACE_s14_session3_natural,8,6,8.2,-0.5382257699966431,6.320060927447841
COHFACE_s14_session3_natural,8,7,8.233333333333333,-0.7212439179420471,5.200106613687621
COHFACE_s14_session3_natural,8,8,8.266666666666667,-0.8341764807701111,3.999021436605511
COHFACE_s14_session3_natural,8,9,8.3,-0.9057922959327698,2.909720354043422
COHFACE_s14_session3_natural,8,10,8.333333333333334,-0.9729533195495605,2.0303448764039635
COHFACE_s14_session3_natural,8,11,8.366666666666667,-1.082417368888855,1.3729108321427619
COHFACE_s14_session3_natural,8,12,8.4,-1.1930716037750244,0.8921523787949807
COHFACE_s14_session3_natural,8,13,8.433333333333334,-1.2745150327682495,0.5201822031771102
COHFACE_s14_session3_natural,8,14,8.466666666666667,-1.2826082706451416,0.19534698246740245
COHFACE_s14_session3_natural,8,15,8.5,-0.9557805061340332,-0.12091022666785461
COHFACE_s14_session3_natural,8,16,8.533333333333333,-0.055108219385147095,-0.439906262343439
COHFACE_s14_session3_natural,8,17,8.566666666666666,0.9078963398933411,-0.7512149971408478
COHFACE_s14_session3_natural,8,18,8.6,1.2882829904556274,-1.0331187585998929
COHFACE_s14_session3_natural,8,19,8.633333333333333,1.1551849842071533,-1.2635440895623657
COHFACE_s14_session3_natural,8,20,8.666666666666666,0.8063896298408508,-1.4282704791094236
COHFACE_s14_session3_natural,8,21,8.7,0.3624805212020874,-1.5248063269190837
COHFACE_s14_session3_natural,8,22,8.733333333333333,0.08808935433626175,-1.5618198560394665
COHFACE_s14_session3_natural,8,23,8.766666666666667,0.11308346688747406,-1.5551411296138637
COHFACE_s14_session3_natural,8,24,8.8,0.21588239073753357,-1.5220321821977387
COHFACE_s14_session3_natural,8,25,8.833333333333334,0.16011321544647217,-1.4756523775747081
COHFACE_s14_session3_natural,8,26,8.866666666666667,-0.05636642873287201,-1.4214522973718795
COHFACE_s14_session3_natural,8,27,8.9,-0.3322538435459137,-1.356657153284527
COHFACE_s14_session3_natural,8,28,8.933333333333334,-0.5579149723052979,-1.2730686228161026
COHFACE_s14_session3_natural,8,29,8.966666666666667,-0.7117903232574463,-1.1621305362068337
COHFACE_s14_session3_natural,8,30,9.0,-0.7894931435585022,-1.0199749252391928
COHFACE_s14_session3_natural,8,31,9.033333333333333,-0.8604288101196289,-0.8500285744696914
COHFACE_s14_session3_natural,8,32,9.066666666666666,-0.9421782493591309,-0.6621953771967813
COHFACE_s14_session3_natural,8,33,9.1,-1.0414745807647705,-0.4695383710553495
COHFACE_s14_session3_natural,8,34,9.133333333333333,-1.1387306451797485,-0.28437967735710223
COHFACE_s14_session3_natural,8,35,9.166666666666666,-1.2052115201950073,-0.11552696054594007
COHFACE_s14_session3_natural,8,36,9.2,-1.14828622341156,0.032599023223677526
COHFACE_s14_session3_natural,8,37,9.233333333333333,-0.6303129196166992,0.15917453990936123
COHFACE_s14_session3_natural,8,38,9.266666666666667,0.3954319655895233,0.2653583494490916
COHFACE_s14_session3_natural,8,39,9.3,1.1720857620239258,0.3527573899669437
COHFACE_s14_session3_natural,8,40,9.333333333333334,1.2727763652801514,0.4225647363247306
COHFACE_s14_session3_natural,8,41,9.366666666666667,1.0370495319366455,0.4754989076742478
COHFACE_s14_session3_natural,8,42,9.4,0.6352734565734863,0.5122774705734044
COHFACE_s14_session3_natural,8,43,9.433333333333334,0.20074990391731262,0.5341673190651127
COHFACE_s14_session3_natural,8,44,9.466666666666667,0.07207271456718445,0.5432066843782739
COHFACE_s14_session3_natural,8,45,9.5,0.19802945852279663,0.5419351164779731
COHFACE_s14_session3_natural,8,46,9.533333333333333,0.26243606209754944,0.5327675306698433
COHFACE_s14_session3_natural,8,47,9.566666666666666,0.13263669610023499,0.5173378561064214
COHFACE_s14_session3_natural,8,48,9.6,-0.10751084983348846,0.49611870898534116
COHFACE_s14_session3_natural,8,49,9.633333333333333,-0.3646951913833618,0.46845319568839516
COHFACE_s14_session3_natural,8,50,9.666666666666666,-0.5754278898239136,0.43295252906519693
COHFACE_s14_session3_natural,8,51,9.7,-0.7032889127731323,0.38813933508238585
COHFACE_s14_session3_natural,8,52,9.733333333333333,-0.769497811794281,0.3332483693067449
COHFACE_s14_session3_natural,8,53,9.766666666666667,-0.8211183547973633,0.269055982523761
COHFACE_s14_session3_natural,8,54,9.8,-0.9098729491233826,0.19841793122658424
COHFACE_s14_session3_natural,8,55,9.833333333333334,-1.0322930812835693,0.1260997885821166
COHFACE_s14_session3_natural,8,56,9.866666666666667,-1.1323375701904297,0.05773222789324454
COHFACE_s14_session3_natural,8,57,9.9,-1.1310453414916992,-0.001777818699037096
COHFACE_s14_session3_natural,8,58,9.933333333333334,-0.8149633407592773,-0.04963111511933444
COHFACE_s14_session3_natural,8,59,9.966666666666667,0.10587428510189056,-0.08559823025123273
COHFACE_s14_session3_natural,8,60,10.0,1.1416847705841064,-0.11140489033115789
COHFACE_s14_session3_natural,8,61,10.033333333333333,1.5746440887451172,-0.12954440777293552
COHFACE_s14_session3_natural,8,62,10.066666666666666,1.4676624536514282,-0.1422572961295682
COHFACE_s14_session3_natural,8,63,10.1,1.1435210704803467,-0.15108912992612183
COHFACE_s14_session3_natural,8,64,10.133333333333333,0.7126021981239319,-0.15684465205317416
COHFACE_s14_session3_natural,8,65,10.166666666666666,0.39033111929893494,-0.1595386506909767
COHFACE_s14_session3_natural,8,66,10.2,0.3568696081638336,-0.15836393062496354
COHFACE_s14_session3_natural,8,67,10.233333333333333,0.4431418180465698,-0.15208244007864472
COHFACE_s14_session3_natural,8,68,10.266666666666667,0.4058716595172882,-0.1399631556310138
COHFACE_s14_session3_natural,8,69,10.3,0.1937447488307953,-0.12279692867492263
COHFACE_s14_session3_natural,8,70,10.333333333333334,-0.0991794764995575,-0.10328268851605023
COHFACE_s14_session3_natural,8,71,10.366666666666667,-0.34500595927238464,-0.08536837538287645
COHFACE_s14_session3_natural,8,72,10.4,-0.513231635093689,-0.072718948662541
COHFACE_s14_session3_natural,8,73,10.433333333333334,-0.6244979500770569,-0.06701587139715212
COHFACE_s14_session3_natural,8,74,10.466666666666667,-0.7141707539558411,-0.06696777236941759
COHFACE_s14_session3_natural,8,75,10.5,-0.8012250661849976,-0.06865340629300742
COHFACE_s14_session3_natural,8,76,10.533333333333333,-0.9055202007293701,-0.06722788966297796
COHFACE_s14_session3_natural,8,77,10.566666666666666,-1.0279403924942017,-0.059293658211995434
COHFACE_s14_session3_natural,8,78,10.6,-1.0936051607131958,-0.04471176896961072
COHFACE_s14_session3_natural,8,79,10.633333333333333,-0.9944108724594116,-0.026796527979427193
COHFACE_s14_session3_natural,8,80,10.666666666666666,-0.344699889421463,-0.010780934626603003
COHFACE_s14_session3_natural,8,81,10.7,0.787482500076294,-0.0014265183084181073
COHFACE_s14_session3_natural,8,82,10.733333333333333,1.6006243228912354,-0.0009449025643271914
COHFACE_s14_session3_natural,8,83,10.766666666666667,1.7064497470855713,-0.00808318492586486
COHFACE_s14_session3_natural,8,84,10.8,1.4833390712738037,-0.018703947494001165
COHFACE_s14_session3_natural,8,85,10.833333333333334,1.1248520612716675,-0.027587271596341934
COHFACE_s14_session3_natural,8,86,10.866666666666667,0.6691769957542419,-0.030595330112619386
COHFACE_s14_session3_natural,8,87,10.9,0.42777127027511597,-0.026121185175421377
COHFACE_s14_session3_natural,8,88,10.933333333333334,0.46973419189453125,-0.015145900658545557
COHFACE_s14_session3_natural,8,89,10.966666666666667,0.5095887780189514,-6.768671780208867e-05
COHFACE_s14_session3_natural,8,90,11.0,0.3683975040912628,0.016770946715633905
COHFACE_s14_session3_natural,8,91,11.033333333333333,0.0846547856926918,0.033857302207049356
COHFACE_s14_session3_natural,8,92,11.066666666666666,-0.19531330466270447,0.0503255626131773
COHFACE_s14_session3_natural,8,93,11.1,-0.43916743993759155,0.06537076221739062
COHFACE_s14_session3_natural,8,94,11.133333333333333,-0.5787944197654724,0.0779372724882417
COHFACE_s14_session3_natural,8,95,11.166666666666666,-0.6714937090873718,0.08688822775953575
COHFACE_s14_session3_natural,8,96,11.2,-0.7624586820602417,0.0913535440776168
COHFACE_s14_session3_natural,8,97,11.233333333333333,-0.8591706156730652,0.09085848324433539
COHFACE_s14_session3_natural,8,98,11.266666666666667,-0.9750276803970337,0.08520117493768761
COHFACE_s14_session3_natural,8,99,11.3,-1.0867700576782227,0.07439762576893218
COHFACE_s14_session3_natural,8,100,11.333333333333334,-1.1326096057891846,0.05891589339197042
COHFACE_s14_session3_natural,8,101,11.366666666666667,-0.9475171566009521,0.04004614669962054
COHFACE_s14_session3_natural,8,102,11.4,-0.1568869799375534,0.020020612377623988
COHFACE_s14_session3_natural,8,103,11.433333333333334,0.9901218414306641,0.00162706723650466
COHFACE_s14_session3_natural,8,104,11.466666666666667,1.6522449254989624,-0.012537064493862432
COHFACE_s14_session3_natural,8,105,11.5,1.6420772075653076,-0.020727176123144522
COHFACE_s14_session3_natural,8,106,11.533333333333333,1.3652715682983398,-0.022294883676563005
COHFACE_s14_session3_natural,8,107,11.566666666666666,0.9337745904922485,-0.017551310761681677
COHFACE_s14_session3_natural,8,108,11.6,0.49000152945518494,-0.007581591595334988
COHFACE_s14_session3_natural,8,109,11.633333333333333,0.3365342617034912,0.0057099198753964445
COHFACE_s14_session3_natural,8,110,11.666666666666666,0.41379496455192566,0.019419660852872698
COHFACE_s14_session3_natural,8,111,11.7,0.4357285797595978,0.02973919415463447
COHFACE_s14_session3_natural,8,112,11.733333333333333,0.25896748900413513,0.03264102932230233
COHFACE_s14_session3_natural,8,113,11.766666666666667,-0.033004581928253174,0.025068134159624344
COHFACE_s14_session3_natural,8,114,11.8,-0.3257247805595398,0.006156169082789284
COHFACE_s14_session3_natural,8,115,11.833333333333334,-0.5492435693740845,-0.022053854424648262
COHFACE_s14_session3_natural,8,116,11.866666666666667,-0.6684672236442566,-0.05469208917632759
COHFACE_s14_session3_natural,8,117,11.9,-0.7338939905166626,-0.0849696125769272
COHFACE_s14_session3_natural,8,118,11.933333333333334,-0.8117327690124512,-0.10593259250847953
COHFACE_s14_session3_natural,8,119,11.966666666666667,-0.9153138399124146,-0.11275925208640589
COHFACE_s14_session3_natural,8,120,12.0,-1.035353660583496,-0.1045583797070983
COHFACE_s14_session3_natural,8,121,12.033333333333333,-1.1561074256896973,-0.08449416095559611
COHFACE_s14_session3_natural,8,122,12.066666666666666,-1.1982064247131348,-0.05817534208192098
COHFACE_s14_session3_natural,8,123,12.1,-0.9947509169578552,-0.0314269525978137
COHFACE_s14_session3_natural,8,124,12.133333333333333,-0.21490052342414856,-0.008566581062816148
COHFACE_s14_session3_natural,8,125,12.166666666666666,0.8987148404121399,0.008387317269816431
COHFACE_s14_session3_natural,8,126,12.2,1.5097614526748657,0.019588385498985953
COHFACE_s14_session3_natural,8,127,12.233333333333333,1.4901741743087769,0.026512824858855245
COHFACE_s14_session3_natural,8,128,12.266666666666667,1.2122464179992676,0.030824928558544018
COHFACE_s14_session3_natural,8,129,12.3,0.7768727540969849,0.033560850083295235
COHFACE_s14_session3_natural,8,130,12.333333333333334,0.36006614565849304,0.03505982304542766
COHFACE_s14_session3_natural,8,131,12.366666666666667,0.23587769269943237,0.0355647723654533
COHFACE_s14_session3_natural,8,132,12.4,0.3423832058906555,0.03587195338692431
COHFACE_s14_session3_natural,8,133,12.433333333333334,0.3552713394165039,0.03732603069085745
COHFACE_s14_session3_natural,8,134,12.466666666666667,0.17629987001419067,0.04102540639250688
COHFACE_s14_session3_natural,8,135,12.5,-0.09322849661111832,0.04682612653966929
COHFACE_s14_session3_natural,8,136,12.533333333333333,-0.3750669062137604,0.05297113033105752
COHFACE_s14_session3_natural,8,137,12.566666666666666,-0.5917165875434875,0.056746059052101
COHFACE_s14_session3_natural,8,138,12.6,-0.7045131325721741,0.055783605201794886
COHFACE_s14_session3_natural,8,139,12.633333333333333,-0.7705519795417786,0.04914565683748764
COHFACE_s14_session3_natural,8,140,12.666666666666666,-0.8345505595207214,0.037528147828532483
COHFACE_s14_session3_natural,8,141,12.7,-0.9353771209716797,0.02259730284160285
COHFACE_s14_session3_natural,8,142,12.733333333333333,-1.0634422302246094,0.006022370588533693
COHFACE_s14_session3_natural,8,143,12.766666666666667,-1.1474360227584839,-0.011137589557858263
COHFACE_s14_session3_natural,8,144,12.8,-1.184400200843811,-0.028410747495697827
COHFACE_s14_session3_natural,8,145,12.833333333333334,-0.9717631340026855,-0.04544894437750182
COHFACE_s14_session3_natural,8,146,12.866666666666667,-0.13648362457752228,-0.061522716297004024
COHFACE_s14_session3_natural,8,147,12.9,0.9141873717308044,-0.07526935698245243
COHFACE_s14_session3_natural,8,148,12.933333333333334,1.4481772184371948,-0.08476143271641659
COHFACE_s14_session3_natural,8,149,12.966666666666667,1.3594906330108643,-0.0878149842871296
COHFACE_s14_session3_natural,8,150,13.0,1.011613368988037,-0.08246436528484893
COHFACE_s14_session3_natural,8,151,13.033333333333333,0.5261494517326355,-0.06756577272855638
COHFACE_s14_session3_natural,8,152,13.066666666666666,0.17851024866104126,-0.043415463176110725
COHFACE_s14_session3_natural,8,153,13.1,0.17048491537570953,-0.012130350502465415
COHFACE_s14_session3_natural,8,154,13.133333333333333,0.3000122308731079,0.0224995201900095
COHFACE_s14_session3_natural,8,155,13.166666666666666,0.29834598302841187,0.055767949974114
COHFACE_s14_session3_natural,8,156,13.2,0.1055002212524414,0.08310370589825097
COHFACE_s14_session3_natural,8,157,13.233333333333333,-0.1656264215707779,0.10089263890248572
COHFACE_s14_session3_natural,8,158,13.266666666666667,-0.40424370765686035,0.10679558292175388
COHFACE_s14_session3_natural,8,159,13.3,-0.5620976686477661,0.09975944629313922
COHFACE_s14_session3_natural,8,160,13.333333333333334,-0.6703035235404968,0.08016640154785877
COHFACE_s14_session3_natural,8,161,13.366666666666667,-0.750352680683136,0.05029047255197297
COHFACE_s14_session3_natural,8,162,13.4,-0.8046936392784119,0.014595047828701227
COHFACE_s14_session3_natural,8,163,13.433333333333334,-0.9099409580230713,-0.020846778273601405
COHFACE_s14_session3_natural,8,164,13.466666666666667,-1.009271264076233,-0.049935592808759394
COHFACE_s14_session3_natural,8,165,13.5,-1.0761603116989136,-0.06840793093207351
COHFACE_s14_session3_natural,8,166,13.533333333333333,-1.0317490100860596,-0.07497021690152766
COHFACE_s14_session3_natural,8,167,13.566666666666666,-0.5126195549964905,-0.07115856452916859
COHFACE_s14_session3_natural,8,168,13.6,0.566412091255188,-0.06019486100983316
COHFACE_s14_session3_natural,8,169,13.633333333333333,1.4557604789733887,-0.04563613027576979
COHFACE_s14_session3_natural,8,170,13.666666666666666,1.648368239402771,-0.03047343161121979
COHFACE_s14_session3_natural,8,171,13.7,1.4089688062667847,-0.016829729851986896
COHFACE_s14_session3_natural,8,172,13.733333333333333,1.0070565938949585,-0.006034400128377608
COHFACE_s14_session3_natural,8,173,13.766666666666667,0.5513136386871338,0.0012277753815483712
COHFACE_s14_session3_natural,8,174,13.8,0.3498304486274719,0.004869572526206826
COHFACE_s14_session3_natural,8,175,13.833333333333334,0.4483106732368469,0.005432461290165195
COHFACE_s14_session3_natural,8,176,13.866666666666667,0.5424041748046875,0.004034474309266011
COHFACE_s14_session3_natural,8,177,13.9,0.40777599811553955,0.002108546711210989
COHFACE_s14_session3_natural,8,178,13.933333333333334,0.1487213373184204,0.0009938749680169004
COHFACE_s14_session3_natural,8,179,13.966666666666667,-0.12771017849445343,0.001584264491647805
COHFACE_s14_session3_natural,8,180,14.0,-0.33602845668792725,0.004178356921100563
COHFACE_s14_session3_natural,8,181,14.033333333333333,-0.479804128408432,0.008521431309143027
COHFACE_s14_session3_natural,8,182,14.066666666666666,-0.5594112277030945,0.013949022618409336
COHFACE_s14_session3_natural,8,183,14.1,-0.6348356604576111,0.019563089629594417
COHFACE_s14_session3_natural,8,184,14.133333333333333,-0.7481083273887634,0.024421414025263176
COHFACE_s14_session3_natural,8,185,14.166666666666666,-0.8593746423721313,0.02772768261022766
COHFACE_s14_session3_natural,8,186,14.2,-0.934561014175415,0.028963235712410447
COHFACE_s14_session3_natural,8,187,14.233333333333333,-0.9186803698539734,0.02789016664672811
COHFACE_s14_session3_natural,8,188,14.266666666666667,-0.4753153920173645,0.024444949952654234
COHFACE_s14_session3_natural,8,189,14.3,0.6219092607498169,0.018661762932347097
COHFACE_s14_session3_natural,8,190,14.333333333333334,1.6861144304275513,0.010788968330634289
COHFACE_s14_session3_natural,8,191,14.366666666666667,2.0680654048919678,0.0016153448255843445
COHFACE_s14_session3_natural,8,192,14.4,1.9227254390716553,-0.00723008269592333
COHFACE_s14_session3_natural,8,193,14.433333333333334,1.5639663934707642,-0.01335934052701544
COHFACE_s14_session3_natural,8,194,14.466666666666667,1.0378997325897217,-0.014259724251443381
COHFACE_s14_session3_natural,8,195,14.5,0.6596554517745972,-0.008297244205122699
COHFACE_s14_session3_natural,8,196,14.533333333333333,0.6542485356330872,0.004362741146509593
COHFACE_s14_session3_natural,8,197,14.566666666666666,0.7619103193283081,0.021376986925465104
COHFACE_s14_session3_natural,8,198,14.6,0.6803648471832275,0.03859277059632765
COHFACE_s14_session3_natural,8,199,14.633333333333333,0.4190318286418915,0.05104962310773604
COHFACE_s14_session3_natural,8,200,14.666666666666666,0.08887148648500443,0.05431290530942312
COHFACE_s14_session3_natural,8,201,14.7,-0.1880020946264267,0.04578014966328802
COHFACE_s14_session3_natural,8,202,14.733333333333333,-0.3471482992172241,0.02559450189370302
COHFACE_s14_session3_natural,8,203,14.766666666666667,-0.4341006278991699,-0.0031710552241895613
COHFACE_s14_session3_natural,8,204,14.8,-0.5193526744842529,-0.03526575195504018
COHFACE_s14_session3_natural,8,205,14.833333333333334,-0.6281365752220154,-0.06481677149881533
COHFACE_s14_session3_natural,8,206,14.866666666666667,-0.7653831839561462,-0.08708231919542998
COHFACE_s14_session3_natural,8,207,14.9,-0.8624351620674133,-0.09960750632435665
COHFACE_s14_session3_natural,8,208,14.933333333333334,-0.8678420186042786,-0.10235188867271176
COHFACE_s14_session3_natural,8,209,14.966666666666667,-0.6329313516616821,-0.09693618280243606
COHFACE_s14_session3_natural,8,210,15.0,0.2939252555370331,-0.08549722333625556
COHFACE_s14_session3_natural,8,211,15.033333333333333,1.5470315217971802,-0.0696989452144098
COHFACE_s14_session3_natural,8,212,15.066666666666666,2.214153289794922,-0.0503379391371137
COHFACE_s14_session3_natural,8,213,15.1,2.2048017978668213,-0.02768031527771957
COHFACE_s14_session3_natural,8,214,15.133333333333333,1.8794702291488647,-0.002222455050066324
COHFACE_s14_session3_natural,8,215,15.166666666666666,1.3489489555358887,0.024696588193540706
COHFACE_s14_session3_natural,8,216,15.2,0.8772572875022888,0.05084626910091744
COHFACE_s14_session3_natural,8,217,15.233333333333333,0.7469818592071533,0.07362086837961798
COHFACE_s14_session3_natural,8,218,15.266666666666667,0.8226442933082581,0.09077810507259351
COHFACE_s14_session3_natural,8,219,15.3,0.805437445640564,0.10096495626394919
COHFACE_s14_session3_natural,8,220,15.333333333333334,0.5613792538642883,0.10377536094237147
COHFACE_s14_session3_natural,8,221,15.366666666666667,0.23842810094356537,0.09943192048096847
COHFACE_s14_session3_natural,8,222,15.4,-0.0422201007604599,0.08847788953445604
COHFACE_s14_session3_natural,8,223,15.433333333333334,-0.2607400715351105,0.07182006465512451
COHFACE_s14_session3_natural,8,224,15.466666666666667,-0.39070945978164673,0.051043526500624534
COHFACE_s14_session3_natural,8,225,15.5,-0.47273096442222595,0.028565065131340765
COHFACE_s14_session3_natural,8,226,15.533333333333333,-0.5711771845817566,0.007290424737386341
COHFACE_s14_session3_natural,8,227,15.566666666666666,-0.7120283842086792,-0.010179795422171189
COHFACE_s14_session3_natural,8,228,15.6,-0.8315240740776062,-0.0224512061682341
COHFACE_s14_session3_natural,8,229,15.633333333333333,-0.8799139857292175,-0.029893952669618966
COHFACE_s14_session3_natural,8,230,15.666666666666666,-0.7889830470085144,-0.03448720363732859
COHFACE_s14_session3_natural,8,231,15.7,-0.1459711790084839,-0.038874096383665326
COHFACE_s14_session3_natural,8,232,15.733333333333333,1.0931588411331177,-0.04499667899808726
COHFACE_s14_session3_natural,8,233,15.766666666666667,2.0502803325653076,-0.05299486971592057
COHFACE_s14_session3_natural,8,234,15.8,2.2220427989959717,-0.060980519113002854
COHFACE_s14_session3_natural,8,235,15.833333333333334,1.964110255241394,-0.06584494939665857
COHFACE_s14_session3_natural,8,236,15.866666666666667,1.4773200750350952,-0.06467955594220165
COHFACE_s14_session3_natural,8,237,15.9,0.9159216284751892,-0.056077255977544746
COHFACE_s14_session3_natural,8,238,15.933333333333334,0.6541465520858765,-0.040751356803862146
COHFACE_s14_session3_natural,8,239,15.966666666666667,0.7150845527648926,-0.02133873446395744
COHFACE_s14_session3_natural,9,0,9.0,-0.7894931435585022,-0.001624076343241721
COHFACE_s14_session3_natural,9,1,9.033333333333333,-0.8604288101196289,2.685429379050405
COHFACE_s14_session3_natural,9,2,9.066666666666666,-0.9421782493591309,4.957565539693148
COHFACE_s14_session3_natural,9,3,9.1,-1.0414745807647705,6.5009415647254
COHFACE_s14_session3_natural,9,4,9.133333333333333,-1.1387306451797485,7.175449885352582
COHFACE_s14_session3_natural,9,5,9.166666666666666,-1.2052115201950073,7.032605606315341
COHFACE_s14_session3_natural,9,6,9.2,-1.14828622341156,6.273230453635325
COHFACE_s14_session3_natural,9,7,9.233333333333333,-0.6303129196166992,5.168439147066851
COHFACE_s14_session3_natural,9,8,9.266666666666667,0.3954319655895233,3.9782747017471
COHFACE_s14_session3_natural,9,9,9.3,1.1720857620239258,2.893869320848688
COHFACE_s14_session3_natural,9,10,9.333333333333334,1.2727763652801514,2.0138456185038573
COHFACE_s14_session3_natural,9,11,9.366666666666667,1.0370495319366455,1.3520830166665248
COHFACE_s14_session3_natural,9,12,9.4,0.6352734565734863,0.8655058103676031
COHFACE_s14_session3_natural,9,13,9.433333333333334,0.20074990391731262,0.48807784380004554
COHFACE_s14_session3_natural,9,14,9.466666666666667,0.07207271456718445,0.15953409485202213
COHFACE_s14_session3_natural,9,15,9.5,0.19802945852279663,-0.15764910062254983
COHFACE_s14_session3_natural,9,16,9.533333333333333,0.26243606209754944,-0.47418990515547116
COHFACE_s14_session3_natural,9,17,9.566666666666666,0.13263669610023499,-0.779889175392191
COHFACE_s14_session3_natural,9,18,9.6,-0.10751084983348846,-1.0544623547774659
COHFACE_s14_session3_natural,9,19,9.633333333333333,-0.3646951913833618,-1.2783245577410611
COHFACE_s14_session3_natural,9,20,9.666666666666666,-0.5754278898239136,-1.439865768583027
COHFACE_s14_session3_natural,9,21,9.7,-0.7032889127731323,-1.5378793647330982
COHFACE_s14_session3_natural,9,22,9.733333333333333,-0.769497811794281,-1.5797089887279956
COHFACE_s14_session3_natural,9,23,9.766666666666667,-0.8211183547973633,-1.576929262789431
COHFACE_s14_session3_natural,9,24,9.8,-0.9098729491233826,-1.5408263187210742
COHFACE_s14_session3_natural,9,25,9.833333333333334,-1.0322930812835693,-1.47952665578096
COHFACE_s14_session3_natural,9,26,9.866666666666667,-1.1323375701904297,-1.397506272942856
COHFACE_s14_session3_natural,9,27,9.9,-1.1310453414916992,-1.296931827225331
COHFACE_s14_session3_natural,9,28,9.933333333333334,-0.8149633407592773,-1.1794851185632846
COHFACE_s14_session3_natural,9,29,9.966666666666667,0.10587428510189056,-1.0474572869520562
COHFACE_s14_session3_natural,9,30,10.0,1.1416847705841064,-0.9038409582009086
COHFACE_s14_session3_natural,9,31,10.033333333333333,1.5746440887451172,-0.7519944998050683
COHFACE_s14_session3_natural,9,32,10.066666666666666,1.4676624536514282,-0.5954610656774745
COHFACE_s14_session3_natural,9,33,10.1,1.1435210704803467,-0.43797419635889406
COHFACE_s14_session3_natural,9,34,10.133333333333333,0.7126021981239319,-0.2832871063989294
COHFACE_s14_session3_natural,9,35,10.166666666666666,0.39033111929893494,-0.13462419982058188
COHFACE_s14_session3_natural,9,36,10.2,0.3568696081638336,0.005871494578976625
COHFACE_s14_session3_natural,9,37,10.233333333333333,0.4431418180465698,0.1370145089865401
COHFACE_s14_session3_natural,9,38,10.266666666666667,0.4058716595172882,0.2575441065141373
COHFACE_s14_session3_natural,9,39,10.3,0.1937447488307953,0.36478130332178604
COHFACE_s14_session3_natural,9,40,10.333333333333334,-0.0991794764995575,0.45406219335517406
COHFACE_s14_session3_natural,9,41,10.366666666666667,-0.34500595927238464,0.5197423058220325
COHFACE_s14_session3_natural,9,42,10.4,-0.513231635093689,0.5575844766947441
COHFACE_s14_session3_natural,9,43,10.433333333333334,-0.6244979500770569,0.5673220585938928
COHFACE_s14_session3_natural,9,44,10.466666666666667,-0.7141707539558411,0.5538450536648678
COHFACE_s14_session3_natural,9,45,10.5,-0.8012250661849976,0.5260355102745217
COHFACE_s14_session3_natural,9,46,10.533333333333333,-0.9055202007293701,0.49351516961648406
COHFACE_s14_session3_natural,9,47,10.566666666666666,-1.0279403924942017,0.46281165197185686
COHFACE_s14_session3_natural,9,48,10.6,-1.0936051607131958,0.4349648612244611
COHFACE_s14_session3_natural,9,49,10.633333333333333,-0.9944108724594116,0.4059125337075065
COHFACE_s14_session3_natural,9,50,10.666666666666666,-0.344699889421463,0.3693674052282834
COHFACE_s14_session3_natural,9,51,10.7,0.787482500076294,0.32051646624243724
COHFACE_s14_session3_natural,9,52,10.733333333333333,1.6006243228912354,0.25872010133969425
COHFACE_s14_session3_natural,9,53,10.766666666666667,1.7064497470855713,0.18819143573133518
COHFACE_s14_session3_natural,9,54,10.8,1.4833390712738037,0.1166120121313525
COHFACE_s14_session3_natural,9,55,10.833333333333334,1.1248520612716675,0.05241269693033503
COHFACE_s14_session3_natural,9,56,10.866666666666667,0.6691769957542419,0.0019003711548578866
COHFACE_s14_session3_natural,9,57,10.9,0.42777127027511597,-0.03258212564465288
COHFACE_s14_session3_natural,9,58,10.933333333333334,0.46973419189453125,-0.052757955240391854
COHFACE_s14_session3_natural,9,59,10.966666666666667,0.5095887780189514,-0.06291941358496858
COHFACE_s14_session3_natural,9,60,11.0,0.3683975040912628,-0.06780384744079514
COHFACE_s14_session3_natural,9,61,11.033333333333333,0.0846547856926918,-0.07103302116719573
COHFACE_s14_session3_natural,9,62,11.066666666666666,-0.19531330466270447,-0.07467888342911017
COHFACE_s14_session3_natural,9,63,11.1,-0.43916743993759155,-0.07964752279142993
COHFACE_s14_session3_natural,9,64,11.133333333333333,-0.5787944197654724,-0.08619654047648505
COHFACE_s14_session3_natural,9,65,11.166666666666666,-0.6714937090873718,-0.09414618464022079
COHFACE_s14_session3_natural,9,66,11.2,-0.7624586820602417,-0.1028596941035849
COHFACE_s14_session3_natural,9,67,11.233333333333333,-0.8591706156730652,-0.11134195652427294
COHFACE_s14_session3_natural,9,68,11.266666666666667,-0.9750276803970337,-0.11859140025768121
COHFACE_s14_session3_natural,9,69,11.3,-1.0867700576782227,-0.12396614231490005
COHFACE_s14_session3_natural,9,70,11.333333333333334,-1.1326096057891846,-0.12723841155739682
COHFACE_s14_session3_natural,9,71,11.366666666666667,-0.9475171566009521,-0.1282743661876533
COHFACE_s14_session3_natural,9,72,11.4,-0.1568869799375534,-0.12663695912910405
COHFACE_s14_session3_natural,9,73,11.433333333333334,0.9901218414306641,-0.12149629796673903
COHFACE_s14_session3_natural,9,74,11.466666666666667,1.6522449254989624,-0.11191383077715296
COHFACE_s14_session3_natural,9,75,11.5,1.6420772075653076,-0.09721331299207936
COHFACE_s14_session3_natural,9,76,11.533333333333333,1.3652715682983398,-0.07715454881600743
COHFACE_s14_session3_natural,9,77,11.566666666666666,0.9337745904922485,-0.05191250954017506
COHFACE_s14_session3_natural,9,78,11.6,0.49000152945518494,-0.02211473545635731
COHFACE_s14_session3_natural,9,79,11.633333333333333,0.3365342617034912,0.010845093657950321
COHFACE_s14_session3_natural,9,80,11.666666666666666,0.41379496455192566,0.04432603083363891
COHFACE_s14_session3_natural,9,81,11.7,0.4357285797595978,0.07420731855461395
COHFACE_s14_session3_natural,9,82,11.733333333333333,0.25896748900413513,0.09530608964206178
COHFACE_s14_session3_natural,9,83,11.766666666666667,-0.033004581928253174,0.10253733821963126
COHFACE_s14_session3_natural,9,84,11.8,-0.3257247805595398,0.09253024363717971
COHFACE_s14_session3_natural,9,85,11.833333333333334,-0.5492435693740845,0.0651916143219951
COHFACE_s14_session3_natural,9,86,11.866666666666667,-0.6684672236442566,0.02469120186785973
COHFACE_s14_session3_natural,9,87,11.9,-0.7338939905166626,-0.0206762306016783
COHFACE_s14_session3_natural,9,88,11.933333333333334,-0.8117327690124512,-0.06030250854288086
COHFACE_s14_session3_natural,9,89,11.966666666666667,-0.9153138399124146,-0.0846749949340521
COHFACE_s14_session3_natural,9,90,12.0,-1.035353660583496,-0.08897140190348671
COHFACE_s14_session3_natural,9,91,12.033333333333333,-1.1561074256896973,-0.07477081462556467
COHFACE_s14_session3_natural,9,92,12.066666666666666,-1.1982064247131348,-0.04887804747974358
COHFACE_s14_session3_natural,9,93,12.1,-0.9947509169578552,-0.02006362695498624
COHFACE_s14_session3_natural,9,94,12.133333333333333,-0.21490052342414856,0.004469458436922051
COHFACE_s14_session3_natural,9,95,12.166666666666666,0.8987148404121399,0.021255414682902832
COHFACE_s14_session3_natural,9,96,12.2,1.5097614526748657,0.03067104872240218
COHFACE_s14_session3_natural,9,97,12.233333333333333,1.4901741743087769,0.035382691135824186
COHFACE_s14_session3_natural,9,98,12.266666666666667,1.2122464179992676,0.03827403867547526
COHFACE_s14_session3_natural,9,99,12.3,0.7768727540969849,0.041032715829930885
COHFACE_s14_session3_natural,9,100,12.333333333333334,0.36006614565849304,0.043955021561836206
COHFACE_s14_session3_natural,9,101,12.366666666666667,0.23587769269943237,0.04667854456797433
COHFACE_s14_session3_natural,9,102,12.4,0.3423832058906555,0.049011624436167515
COHFACE_s14_session3_natural,9,103,12.433333333333334,0.3552713394165039,0.051146679463450605
COHFACE_s14_session3_natural,9,104,12.466666666666667,0.17629987001419067,0.0532213892738144
COHFACE_s14_session3_natural,9,105,12.5,-0.09322849661111832,0.054786432872005325
COHFACE_s14_session3_natural,9,106,12.533333333333333,-0.3750669062137604,0.0547187944893317
COHFACE_s14_session3_natural,9,107,12.566666666666666,-0.5917165875434875,0.051663379105555476
COHFACE_s14_session3_natural,9,108,12.6,-0.7045131325721741,0.04467459408680486
COHFACE_s14_session3_natural,9,109,12.633333333333333,-0.7705519795417786,0.0336296112356406
COHFACE_s14_session3_natural,9,110,12.666666666666666,-0.8345505595207214,0.019200424841843533
COHFACE_s14_session3_natural,9,111,12.7,-0.9353771209716797,0.0025042124110402743
COHFACE_s14_session3_natural,9,112,12.733333333333333,-1.0634422302246094,-0.015250253328692035
COHFACE_s14_session3_natural,9,113,12.766666666666667,-1.1474360227584839,-0.03287754994790154
COHFACE_s14_session3_natural,9,114,12.8,-1.184400200843811,-0.04913203125551304
COHFACE_s14_session3_natural,9,115,12.833333333333334,-0.9717631340026855,-0.06267109758669952
COHFACE_s14_session3_natural,9,116,12.866666666666667,-0.13648362457752228,-0.07222636428468385
COHFACE_s14_session3_natural,9,117,12.9,0.9141873717308044,-0.07689239193033245
COHFACE_s14_session3_natural,9,118,12.933333333333334,1.4481772184371948,-0.07628435950255237
COHFACE_s14_session3_natural,9,119,12.966666666666667,1.3594906330108643,-0.07039685770927796
COHFACE_s14_session3_natural,9,120,13.0,1.011613368988037,-0.059269368713300595
COHFACE_s14_session3_natural,9,121,13.033333333333333,0.5261494517326355,-0.04278903399872229
COHFACE_s14_session3_natural,9,122,13.066666666666666,0.17851024866104126,-0.020914381639678264
COHFACE_s14_session3_natural,9,123,13.1,0.17048491537570953,0.005713453197004611
COHFACE_s14_session3_natural,9,124,13.133333333333333,0.3000122308731079,0.035168555241499116
COHFACE_s14_session3_natural,9,125,13.166666666666666,0.29834598302841187,0.06409763680194881
COHFACE_s14_session3_natural,9,126,13.2,0.1055002212524414,0.08813156871047513
COHFACE_s14_session3_natural,9,127,13.233333333333333,-0.1656264215707779,0.10261664161270616
COHFACE_s14_session3_natural,9,128,13.266666666666667,-0.40424370765686035,0.10350105912297242
COHFACE_s14_session3_natural,9,129,13.3,-0.5620976686477661,0.0884163417767673
COHFACE_s14_session3_natural,9,130,13.333333333333334,-0.6703035235404968,0.05790804536248381
COHFACE_s14_session3_natural,9,131,13.366666666666667,-0.750352680683136,0.016359277180632483
COHFACE_s14_session3_natural,9,132,13.4,-0.8046936392784119,-0.028226332601555014
COHFACE_s14_session3_natural,9,133,13.433333333333334,-0.9099409580230713,-0.06617098916349062
COHFACE_s14_session3_natural,9,134,13.466666666666667,-1.009271264076233,-0.0893557452135202
COHFACE_s14_session3_natural,9,135,13.5,-1.0761603116989136,-0.09422884208726326
COHFACE_s14_session3_natural,9,136,13.533333333333333,-1.0317490100860596,-0.08290503688712453
COHFACE_s14_session3_natural,9,137,13.566666666666666,-0.5126195549964905,-0.061682362442826974
COHFACE_s14_session3_natural,9,138,13.6,0.566412091255188,-0.037930161604759885
COHFACE_s14_session3_natural,9,139,13.633333333333333,1.4557604789733887,-0.0172365020203052
COHFACE_s14_session3_natural,9,140,13.666666666666666,1.648368239402771,-0.0021448317469873785
COHFACE_s14_session3_natural,9,141,13.7,1.4089688062667847,0.007471914236321205
COHFACE_s14_session3_natural,9,142,13.733333333333333,1.0070565938949585,0.01317746811639073
COHFACE_s14_session3_natural,9,143,13.766666666666667,0.5513136386871338,0.016732330482340567
COHFACE_s14_session3_natural,9,144,13.8,0.3498304486274719,0.019332640926925566
COHFACE_s14_session3_natural,9,145,13.833333333333334,0.4483106732368469,0.021380660236876802
COHFACE_s14_session3_natural,9,146,13.866666666666667,0.5424041748046875,0.02261029916149376
COHFACE_s14_session3_natural,9,147,13.9,0.40777599811553955,0.022391587433299737
COHFACE_s14_session3_natural,9,148,13.933333333333334,0.1487213373184204,0.020129198295436006
COHFACE_s14_session3_natural,9,149,13.966666666666667,-0.12771017849445343,0.015682454249264448
COHFACE_s14_session3_natural,9,150,14.0,-0.33602845668792725,0.009630825140771524
COHFACE_s14_session3_natural,9,151,14.033333333333333,-0.479804128408432,0.0031866163823909034
COHFACE_s14_session3_natural,9,152,14.066666666666666,-0.5594112277030945,-0.002243690414440477
COHFACE_s14_session3_natural,9,153,14.1,-0.6348356604576111,-0.005610063408533997
COHFACE_s14_session3_natural,9,154,14.133333333333333,-0.7481083273887634,-0.00659715010650373
COHFACE_s14_session3_natural,9,155,14.166666666666666,-0.8593746423721313,-0.005673146068147755
COHFACE_s14_session3_natural,9,156,14.2,-0.934561014175415,-0.0038190541582132516
COHFACE_s14_session3_natural,9,157,14.233333333333333,-0.9186803698539734,-0.002088244977911688
COHFACE_s14_session3_natural,9,158,14.266666666666667,-0.4753153920173645,-0.001219031359826172
COHFACE_s14_session3_natural,9,159,14.3,0.6219092607498169,-0.0014600532669586039
COHFACE_s14_session3_natural,9,160,14.333333333333334,1.6861144304275513,-0.002587763532465363
COHFACE_s14_session3_natural,9,161,14.366666666666667,2.0680654048919678,-0.003985073235888251
COHFACE_s14_session3_natural,9,162,14.4,1.9227254390716553,-0.0047305305148986135
COHFACE_s14_session3_natural,9,163,14.433333333333334,1.5639663934707642,-0.0037621716130980397
COHFACE_s14_session3_natural,9,164,14.466666666666667,1.0378997325897217,-0.0001509550160572014
COHFACE_s14_session3_natural,9,165,14.5,0.6596554517745972,0.006593231757867062
COHFACE_s14_session3_natural,9,166,14.533333333333333,0.6542485356330872,0.016306048140558325
COHFACE_s14_session3_natural,9,167,14.566666666666666,0.7619103193283081,0.028101179298973194
COHFACE_s14_session3_natural,9,168,14.6,0.6803648471832275,0.04039854245967398
COHFACE_s14_session3_natural,9,169,14.633333333333333,0.4190318286418915,0.05098460186045284
COHFACE_s14_session3_natural,9,170,14.666666666666666,0.08887148648500443,0.057174869254157934
COHFACE_s14_session3_natural,9,171,14.7,-0.1880020946264267,0.05624695267610726
COHFACE_s14_session3_natural,9,172,14.733333333333333,-0.3471482992172241,0.046196839911432905
COHFACE_s14_session3_natural,9,173,14.766666666666667,-0.4341006278991699,0.026596625633306108
COHFACE_s14_session3_natural,9,174,14.8,-0.5193526744842529,-0.0008812668265070415
COHFACE_s14_session3_natural,9,175,14.833333333333334,-0.6281365752220154,-0.032614853918870236
COHFACE_s14_session3_natural,9,176,14.866666666666667,-0.7653831839561462,-0.06379503958276986
COHFACE_s14_session3_natural,9,177,14.9,-0.8624351620674133,-0.0894280746275421
COHFACE_s14_session3_natural,9,178,14.933333333333334,-0.8678420186042786,-0.10529062620771007
COHFACE_s14_session3_natural,9,179,14.966666666666667,-0.6329313516616821,-0.10873636076447209
COHFACE_s14_session3_natural,9,180,15.0,0.2939252555370331,-0.0992166323031843
COHFACE_s14_session3_natural,9,181,15.033333333333333,1.5470315217971802,-0.07831893382998206
COHFACE_s14_session3_natural,9,182,15.066666666666666,2.214153289794922,-0.049301309824895556
COHFACE_s14_session3_natural,9,183,15.1,2.2048017978668213,-0.016324360669761832
COHFACE_s14_session3_natural,9,184,15.133333333333333,1.8794702291488647,0.016392047042837702
COHFACE_s14_session3_natural,9,185,15.166666666666666,1.3489489555358887,0.04533554914082099
COHFACE_s14_session3_natural,9,186,15.2,0.8772572875022888,0.06824366191610015
COHFACE_s14_session3_natural,9,187,15.233333333333333,0.7469818592071533,0.08425663356584484
COHFACE_s14_session3_natural,9,188,15.266666666666667,0.8226442933082581,0.09359741024670086
COHFACE_s14_session3_natural,9,189,15.3,0.805437445640564,0.09687855657645156
COHFACE_s14_session3_natural,9,190,15.333333333333334,0.5613792538642883,0.09434017740003293
COHFACE_s14_session3_natural,9,191,15.366666666666667,0.23842810094356537,0.08545297804790955
COHFACE_s14_session3_natural,9,192,15.4,-0.0422201007604599,0.06925877081537563
COHFACE_s14_session3_natural,9,193,15.433333333333334,-0.2607400715351105,0.04543959556587202
COHFACE_s14_session3_natural,9,194,15.466666666666667,-0.39070945978164673,0.01551811761885551
COHFACE_s14_session3_natural,9,195,15.5,-0.47273096442222595,-0.016695987867429863
COHFACE_s14_session3_natural,9,196,15.533333333333333,-0.5711771845817566,-0.04592063083286182
COHFACE_s14_session3_natural,9,197,15.566666666666666,-0.7120283842086792,-0.06721216586739066
COHFACE_s14_session3_natural,9,198,15.6,-0.8315240740776062,-0.07788686659687698
COHFACE_s14_session3_natural,9,199,15.633333333333333,-0.8799139857292175,-0.07854396160295979
COHFACE_s14_session3_natural,9,200,15.666666666666666,-0.7889830470085144,-0.07261404966054312
COHFACE_s14_session3_natural,9,201,15.7,-0.1459711790084839,-0.06462308976707262
COHFACE_s14_session3_natural,9,202,15.733333333333333,1.0931588411331177,-0.0580627185608583
COHFACE_s14_session3_natural,9,203,15.766666666666667,2.0502803325653076,-0.0539780083351814
COHFACE_s14_session3_natural,9,204,15.8,2.2220427989959717,-0.05095367162198669
COHFACE_s14_session3_natural,9,205,15.833333333333334,1.964110255241394,-0.04635639596755843
COHFACE_s14_session3_natural,9,206,15.866666666666667,1.4773200750350952,-0.03797521322386886
COHFACE_s14_session3_natural,9,207,15.9,0.9159216284751892,-0.02506847387491775
COHFACE_s14_session3_natural,9,208,15.933333333333334,0.6541465520858765,-0.008377502492521206
COHFACE_s14_session3_natural,9,209,15.966666666666667,0.7150845527648926,0.010579858551620747
COHFACE_s14_session3_natural,9,210,16.0,0.7519806623458862,0.030249688599674977
COHFACE_s14_session3_natural,9,211,16.033333333333335,0.568758487701416,0.049301647188588774
COHFACE_s14_session3_natural,9,212,16.066666666666666,0.23461948335170746,0.06639634010034244
COHFACE_s14_session3_natural,9,213,16.1,-0.07996631413698196,0.07987688625389158
COHFACE_s14_session3_natural,9,214,16.133333333333333,-0.3196377754211426,0.08783568214710952
COHFACE_s14_session3_natural,9,215,16.166666666666668,-0.4785119295120239,0.08866316307508601
COHFACE_s14_session3_natural,9,216,16.2,-0.5573028922080994,0.08174216353602837
COHFACE_s14_session3_natural,9,217,16.233333333333334,-0.6405826210975647,0.06778628396126081
COHFACE_s14_session3_natural,9,218,16.266666666666666,-0.7808557152748108,0.04860014356402816
COHFACE_s14_session3_natural,9,219,16.3,-0.9271137714385986,0.026493476034563118
COHFACE_s14_session3_natural,9,220,16.333333333333332,-1.0209012031555176,0.0038001619505321554
COHFACE_s14_session3_natural,9,221,16.366666666666667,-1.040114402770996,-0.01725935144124869
COHFACE_s14_session3_natural,9,222,16.4,-0.7888810038566589,-0.03459784326903684
COHFACE_s14_session3_natural,9,223,16.433333333333334,0.119918592274189,-0.046535689030180336
COHFACE_s14_session3_natural,9,224,16.466666666666665,1.3309259414672852,-0.052272093429315936
COHFACE_s14_session3_natural,9,225,16.5,1.9925048351287842,-0.052105301723571966
COHFACE_s14_session3_natural,9,226,16.533333333333335,1.9373477697372437,-0.04717539034205536
COHFACE_s14_session3_natural,9,227,16.566666666666666,1.5479837656021118,-0.038961226374429316
COHFACE_s14_session3_natural,9,228,16.6,1.0002895593643188,-0.028875546459333656
COHFACE_s14_session3_natural,9,229,16.633333333333333,0.5331546068191528,-0.01810397271242824
COHFACE_s14_session3_natural,9,230,16.666666666666668,0.4512011408805847,-0.007632538460650381
COHFACE_s14_session3_natural,9,231,16.7,0.5471309423446655,0.0016721912119112509
COHFACE_s14_session3_natural,9,232,16.733333333333334,0.4915317893028259,0.009043858285970673
COHFACE_s14_session3_natural,9,233,16.766666666666666,0.22122126817703247,0.013901095479423028
COHFACE_s14_session3_natural,9,234,16.8,-0.11526412516832352,0.01600752068904081
COHFACE_s14_session3_natural,9,235,16.833333333333332,-0.4055699110031128,0.015605128389898778
COHFACE_s14_session3_natural,9,236,16.866666666666667,-0.5970554351806641,0.013370386607594036
COHFACE_s14_session3_natural,9,237,16.9,-0.6986981630325317,0.010123521881479377
COHFACE_s14_session3_natural,9,238,16.933333333333334,-0.7937778234481812,0.0064417645593946
COHFACE_s14_session3_natural,9,239,16.966666666666665,-0.8933802247047424,0.002458442446017511
COHFACE_s14_session3_natural,10,0,10.0,1.1416847705841064,-0.002811121302042679
COHFACE_s14_session3_natural,10,1,10.033333333333333,1.5746440887451172,2.7103229482559468
COHFACE_s14_session3_natural,10,2,10.066666666666666,1.4676624536514282,5.002384208652707
COHFACE_s14_session3_natural,10,3,10.1,1.1435210704803467,6.555347348802897
COHFACE_s14_session3_natural,10,4,10.133333333333333,0.7126021981239319,7.228676526018767
COHFACE_s14_session3_natural,10,5,10.166666666666666,0.39033111929893494,7.077378494319406
COHFACE_s14_session3_natural,10,6,10.2,0.3568696081638336,6.30835608156671
COHFACE_s14_session3_natural,10,7,10.233333333333333,0.4431418180465698,5.199006940772071
COHFACE_s14_session3_natural,10,8,10.266666666666667,0.4058716595172882,4.01327401775621
COHFACE_s14_session3_natural,10,9,10.3,0.1937447488307953,2.942028971876267
COHFACE_s14_session3_natural,10,10,10.333333333333334,-0.0991794764995575,2.079337556862979
COHFACE_s14_session3_natural,10,11,10.366666666666667,-0.34500595927238464,1.4319774379071786
COHFACE_s14_session3_natural,10,12,10.4,-0.513231635093689,0.9502052436050752
COHFACE_s14_session3_natural,10,13,10.433333333333334,-0.6244979500770569,0.5645908203298565
COHFACE_s14_session3_natural,10,14,10.466666666666667,-0.7141707539558411,0.2160743533086898
COHFACE_s14_session3_natural,10,15,10.5,-0.8012250661849976,-0.12788905352839813
COHFACE_s14_session3_natural,10,16,10.533333333333333,-0.9055202007293701,-0.47176478946773837
COHFACE_s14_session3_natural,10,17,10.566666666666666,-1.0279403924942017,-0.8006354708438226
COHFACE_s14_session3_natural,10,18,10.6,-1.0936051607131958,-1.0926429624756415
COHFACE_s14_session3_natural,10,19,10.633333333333333,-0.9944108724594116,-1.3294127637828723
COHFACE_s14_session3_natural,10,20,10.666666666666666,-0.344699889421463,-1.5014558171913066
COHFACE_s14_session3_natural,10,21,10.7,0.787482500076294,-1.608546468758074
COHFACE_s14_session3_natural,10,22,10.733333333333333,1.6006243228912354,-1.6568941069372287
COHFACE_s14_session3_natural,10,23,10.766666666666667,1.7064497470855713,-1.6553860279873764
COHFACE_s14_session3_natural,10,24,10.8,1.4833390712738037,-1.6127534452778265
COHFACE_s14_session3_natural,10,25,10.833333333333334,1.1248520612716675,-1.5365155441483966
COHFACE_s14_session3_natural,10,26,10.866666666666667,0.6691769957542419,-1.4333505233518093
COHFACE_s14_session3_natural,10,27,10.9,0.42777127027511597,-1.309786604430519
COHFACE_s14_session3_natural,10,28,10.933333333333334,0.46973419189453125,-1.1722424298304783
COHFACE_s14_session3_natural,10,29,10.966666666666667,0.5095887780189514,-1.026255004356009
COHFACE_s14_session3_natural,10,30,11.0,0.3683975040912628,-0.8755759952454901
COHFACE_s14_session3_natural,10,31,11.033333333333333,0.0846547856926918,-0.7220297992434968
COHFACE_s14_session3_natural,10,32,11.066666666666666,-0.19531330466270447,-0.5664178400459343
COHFACE_s14_session3_natural,10,33,11.1,-0.43916743993759155,-0.40991983471396354
COHFACE_s14_session3_natural,10,34,11.133333333333333,-0.5787944197654724,-0.25511367882882874
COHFACE_s14_session3_natural,10,35,11.166666666666666,-0.6714937090873718,-0.10607162299205815
COHFACE_s14_session3_natural,10,36,11.2,-0.7624586820602417,0.03234349943206491
COHFACE_s14_session3_natural,10,37,11.233333333333333,-0.8591706156730652,0.15542922347658839
COHFACE_s14_session3_natural,10,38,11.266666666666667,-0.9750276803970337,0.25941271600318716
COHFACE_s14_session3_natural,10,39,11.3,-1.0867700576782227,0.34197571515252195
COHFACE_s14_session3_natural,10,40,11.333333333333334,-1.1326096057891846,0.4026287746501179
COHFACE_s14_session3_natural,10,41,11.366666666666667,-0.9475171566009521,0.4429135297050394
COHFACE_s14_session3_natural,10,42,11.4,-0.1568869799375534,0.46624196125333117
COHFACE_s14_session3_natural,10,43,11.433333333333334,0.9901218414306641,0.4772185037647181
COHFACE_s14_session3_natural,10,44,11.466666666666667,1.6522449254989624,0.4805937438170332
COHFACE_s14_session3_natural,10,45,11.5,1.6420772075653076,0.48026262668492364
COHFACE_s14_session3_natural,10,46,11.533333333333333,1.3652715682983398,0.47865430853755375
COHFACE_s14_session3_natural,10,47,11.566666666666666,0.9337745904922485,0.47656275840518036
COHFACE_s14_session3_natural,10,48,11.6,0.49000152945518494,0.4732202989635523
COHFACE_s14_session3_natural,10,49,11.633333333333333,0.3365342617034912,0.46641357866398414
COHFACE_s14_session3_natural,10,50,11.666666666666666,0.41379496455192566,0.4526701002380192
COHFACE_s14_session3_natural,10,51,11.7,0.4357285797595978,0.4277520551451275
COHFACE_s14_session3_natural,10,52,11.733333333333333,0.25896748900413513,0.3876435342448376
COHFACE_s14_session3_natural,10,53,11.766666666666667,-0.033004581928253174,0.32992612665608506
COHFACE_s14_session3_natural,10,54,11.8,-0.3257247805595398,0.25511545591549595
COHFACE_s14_session3_natural,10,55,11.833333333333334,-0.5492435693740845,0.16743272757823602
COHFACE_s14_session3_natural,10,56,11.866666666666667,-0.6684672236442566,0.07467280114871346
COHFACE_s14_session3_natural,10,57,11.9,-0.7338939905166626,-0.012990470363658826
COHFACE_s14_session3_natural,10,58,11.933333333333334,-0.8117327690124512,-0.08535222927355929
COHFACE_s14_session3_natural,10,59,11.966666666666667,-0.9153138399124146,-0.1352756218863739
COHFACE_s14_session3_natural,10,60,12.0,-1.035353660583496,-0.16115408875557716
COHFACE_s14_session3_natural,10,61,12.033333333333333,-1.1561074256896973,-0.16716958978333585
COHFACE_s14_session3_natural,10,62,12.066666666666666,-1.1982064247131348,-0.16118032145953406
COHFACE_s14_session3_natural,10,63,12.1,-0.9947509169578552,-0.15160156022234456
COHFACE_s14_session3_natural,10,64,12.133333333333333,-0.21490052342414856,-0.14475842745188747
COHFACE_s14_session3_natural,10,65,12.166666666666666,0.8987148404121399,-0.1434211454226505
COHFACE_s14_session3_natural,10,66,12.2,1.5097614526748657,-0.14670169651507617
COHFACE_s14_session3_natural,10,67,12.233333333333333,1.4901741743087769,-0.1512030113127189
COHFACE_s14_session3_natural,10,68,12.266666666666667,1.2122464179992676,-0.1529049115225113
COHFACE_s14_session3_natural,10,69,12.3,0.7768727540969849,-0.14892648508331952
COHFACE_s14_session3_natural,10,70,12.333333333333334,0.36006614565849304,-0.13837865020695542
COHFACE_s14_session3_natural,10,71,12.366666666666667,0.23587769269943237,-0.1220733141873234
COHFACE_s14_session3_natural,10,72,12.4,0.3423832058906555,-0.10158815328774994
COHFACE_s14_session3_natural,10,73,12.433333333333334,0.3552713394165039,-0.07851629640135756
COHFACE_s14_session3_natural,10,74,12.466666666666667,0.17629987001419067,-0.05435103008620235
COHFACE_s14_session3_natural,10,75,12.5,-0.09322849661111832,-0.030791898571239054
COHFACE_s14_session3_natural,10,76,12.533333333333333,-0.3750669062137604,-0.009924994164165805
COHFACE_s14_session3_natural,10,77,12.566666666666666,-0.5917165875434875,0.006079846098980302
COHFACE_s14_session3_natural,10,78,12.6,-0.7045131325721741,0.015620244822139183
COHFACE_s14_session3_natural,10,79,12.633333333333333,-0.7705519795417786,0.018198166705648493
COHFACE_s14_session3_natural,10,80,12.666666666666666,-0.8345505595207214,0.01450888942445508
COHFACE_s14_session3_natural,10,81,12.7,-0.9353771209716797,0.006111854070529476
COHFACE_s14_session3_natural,10,82,12.733333333333333,-1.0634422302246094,-0.005058053391852212
COHFACE_s14_session3_natural,10,83,12.766666666666667,-1.1474360227584839,-0.01707908267728621
COHFACE_s14_session3_natural,10,84,12.8,-1.184400200843811,-0.02821087713417554
COHFACE_s14_session3_natural,10,85,12.833333333333334,-0.9717631340026855,-0.0369022874742813
COHFACE_s14_session3_natural,10,86,12.866666666666667,-0.13648362457752228,-0.04181151655120096
COHFACE_s14_session3_natural,10,87,12.9,0.9141873717308044,-0.04194668555087725
COHFACE_s14_session3_natural,10,88,12.933333333333334,1.4481772184371948,-0.036824692702403315
COHFACE_s14_session3_natural,10,89,12.966666666666667,1.3594906330108643,-0.026453657294962466
COHFACE_s14_session3_natural,10,90,13.0,1.011613368988037,-0.01112954924920101
COHFACE_s14_session3_natural,10,91,13.033333333333333,0.5261494517326355,0.008734002207498535
COHFACE_s14_session3_natural,10,92,13.066666666666666,0.17851024866104126,0.03253599019065378
COHFACE_s14_session3_natural,10,93,13.1,0.17048491537570953,0.059189721770201535
COHFACE_s14_session3_natural,10,94,13.133333333333333,0.3000122308731079,0.08681536706312082
COHFACE_s14_session3_natural,10,95,13.166666666666666,0.29834598302841187,0.1126560069796801
COHFACE_s14_session3_natural,10,96,13.2,0.1055002212524414,0.13326209291255958
COHFACE_s14_session3_natural,10,97,13.233333333333333,-0.1656264215707779,0.14484812267595604
COHFACE_s14_session3_natural,10,98,13.266666666666667,-0.40424370765686035,0.14381518406897162
COHFACE_s14_session3_natural,10,99,13.3,-0.5620976686477661,0.12758704547537983
COHFACE_s14_session3_natural,10,100,13.333333333333334,-0.6703035235404968,0.0958328403900667
COHFACE_s14_session3_natural,10,101,13.366666666666667,-0.750352680683136,0.05171225172954116
COHFACE_s14_session3_natural,10,102,13.4,-0.8046936392784119,0.0022314960770007347
COHFACE_s14_session3_natural,10,103,13.433333333333334,-0.9099409580230713,-0.04316191413943639
COHFACE_s14_session3_natural,10,104,13.466666666666667,-1.009271264076233,-0.07563664332131309
COHFACE_s14_session3_natural,10,105,13.5,-1.0761603116989136,-0.0903173833318335
COHFACE_s14_session3_natural,10,106,13.533333333333333,-1.0317490100860596,-0.08802073239252711
COHFACE_s14_session3_natural,10,107,13.566666666666666,-0.5126195549964905,-0.07429856158794937
COHFACE_s14_session3_natural,10,108,13.6,0.566412091255188,-0.05644328858418393
COHFACE_s14_session3_natural,10,109,13.633333333333333,1.4557604789733887,-0.04035817703622546
COHFACE_s14_session3_natural,10,110,13.666666666666666,1.648368239402771,-0.028887498806335937
COHFACE_s14_session3_natural,10,111,13.7,1.4089688062667847,-0.021951277652498644
COHFACE_s14_session3_natural,10,112,13.733333333333333,1.0070565938949585,-0.017823801725634397
COHFACE_s14_session3_natural,10,113,13.766666666666667,0.5513136386871338,-0.014586994390860855
COHFACE_s14_session3_natural,10,114,13.8,0.3498304486274719,-0.011052304013086664
COHFACE_s14_session3_natural,10,115,13.833333333333334,0.4483106732368469,-0.006958228595570462
COHFACE_s14_session3_natural,10,116,13.866666666666667,0.5424041748046875,-0.0026771135502473378
COHFACE_s14_session3_natural,10,117,13.9,0.40777599811553955,0.0011959750445406224
COHFACE_s14_session3_natural,10,118,13.933333333333334,0.1487213373184204,0.004137899397634962
COHFACE_s14_session3_natural,10,119,13.966666666666667,-0.12771017849445343,0.005845219652743926
COHFACE_s14_session3_natural,10,120,14.0,-0.33602845668792725,0.0062803912934890635
COHFACE_s14_session3_natural,10,121,14.033333333333333,-0.479804128408432,0.005636184271961347
COHFACE_s14_session3_natural,10,122,14.066666666666666,-0.5594112277030945,0.004225069677468155
COHFACE_s14_session3_natural,10,123,14.1,-0.6348356604576111,0.0023303933791148663
COHFACE_s14_session3_natural,10,124,14.133333333333333,-0.7481083273887634,9.417797998802105e-05
COHFACE_s14_session3_natural,10,125,14.166666666666666,-0.8593746423721313,-0.0024909730641889277
COHFACE_s14_session3_natural,10,126,14.2,-0.934561014175415,-0.005486796910126265
COHFACE_s14_session3_natural,10,127,14.233333333333333,-0.9186803698539734,-0.00887855133829801
COHFACE_s14_session3_natural,10,128,14.266666666666667,-0.4753153920173645,-0.012477487299985067
COHFACE_s14_session3_natural,10,129,14.3,0.6219092607498169,-0.01587800115933588
COHFACE_s14_session3_natural,10,130,14.333333333333334,1.6861144304275513,-0.018451347190164263
COHFACE_s14_session3_natural,10,131,14.366666666666667,2.0680654048919678,-0.01937188565365059
COHFACE_s14_session3_natural,10,132,14.4,1.9227254390716553,-0.017723785596836968
COHFACE_s14_session3_natural,10,133,14.433333333333334,1.5639663934707642,-0.012726500050747042
COHFACE_s14_session3_natural,10,134,14.466666666666667,1.0378997325897217,-0.00400491781220585
COHFACE_s14_session3_natural,10,135,14.5,0.6596554517745972,0.008250782568413464
COHFACE_s14_session3_natural,10,136,14.533333333333333,0.6542485356330872,0.02331457808124879
COHFACE_s14_session3_natural,10,137,14.566666666666666,0.7619103193283081,0.04005673792966592
COHFACE_s14_session3_natural,10,138,14.6,0.6803648471832275,0.05699992148874267
COHFACE_s14_session3_natural,10,139,14.633333333333333,0.4190318286418915,0.07222307229169853
COHFACE_s14_session3_natural,10,140,14.666666666666666,0.08887148648500443,0.08328658084889543
COHFACE_s14_session3_natural,10,141,14.7,-0.1880020946264267,0.08747421870132514
COHFACE_s14_session3_natural,10,142,14.733333333333333,-0.3471482992172241,0.08244652321983346
COHFACE_s14_session3_natural,10,143,14.766666666666667,-0.4341006278991699,0.06703910624457633
COHFACE_s14_session3_natural,10,144,14.8,-0.5193526744842529,0.04174704687717938
COHFACE_s14_session3_natural,10,145,14.833333333333334,-0.6281365752220154,0.008646664971127543
COHFACE_s14_session3_natural,10,146,14.866666666666667,-0.7653831839561462,-0.02900003612514656
COHFACE_s14_session3_natural,10,147,14.9,-0.8624351620674133,-0.06701926298743263
COHFACE_s14_session3_natural,10,148,14.933333333333334,-0.8678420186042786,-0.10046437024117268
COHFACE_s14_session3_natural,10,149,14.966666666666667,-0.6329313516616821,-0.1240836692404564
COHFACE_s14_session3_natural,10,150,15.0,0.2939252555370331,-0.13345406939008747
COHFACE_s14_session3_natural,10,151,15.033333333333333,1.5470315217971802,-0.12648443798849948
COHFACE_s14_session3_natural,10,152,15.066666666666666,2.214153289794922,-0.10443068129989727
COHFACE_s14_session3_natural,10,153,15.1,2.2048017978668213,-0.07165651439883924
COHFACE_s14_session3_natural,10,154,15.133333333333333,1.8794702291488647,-0.034187506375991744
COHFACE_s14_session3_natural,10,155,15.166666666666666,1.3489489555358887,0.0021243370042993838
COHFACE_s14_session3_natural,10,156,15.2,0.8772572875022888,0.03298178466288695
COHFACE_s14_session3_natural,10,157,15.233333333333333,0.7469818592071533,0.05620629253329167
COHFACE_s14_session3_natural,10,158,15.266666666666667,0.8226442933082581,0.07154253542102612
COHFACE_s14_session3_natural,10,159,15.3,0.805437445640564,0.07995025890764706
COHFACE_s14_session3_natural,10,160,15.333333333333334,0.5613792538642883,0.08268481342330977
COHFACE_s14_session3_natural,10,161,15.366666666666667,0.23842810094356537,0.08051449055268065
COHFACE_s14_session3_natural,10,162,15.4,-0.0422201007604599,0.07345798008838882
COHFACE_s14_session3_natural,10,163,15.433333333333334,-0.2607400715351105,0.06122845567144729
COHFACE_s14_session3_natural,10,164,15.466666666666667,-0.39070945978164673,0.04408797389896209
COHFACE_s14_session3_natural,10,165,15.5,-0.47273096442222595,0.02348018116935812
COHFACE_s14_session3_natural,10,166,15.533333333333333,-0.5711771845817566,0.0019871158707319226
COHFACE_s14_session3_natural,10,167,15.566666666666666,-0.7120283842086792,-0.017388246418185923
COHFACE_s14_session3_natural,10,168,15.6,-0.8315240740776062,-0.03227571941711146
COHFACE_s14_session3_natural,10,169,15.633333333333333,-0.8799139857292175,-0.04183796905201456
COHFACE_s14_session3_natural,10,170,15.666666666666666,-0.7889830470085144,-0.04701911671114381
COHFACE_s14_session3_natural,10,171,15.7,-0.1459711790084839,-0.04989757559756778
COHFACE_s14_session3_natural,10,172,15.733333333333333,1.0931588411331177,-0.052419638741387754
COHFACE_s14_session3_natural,10,173,15.766666666666667,2.0502803325653076,-0.05523413316682398
COHFACE_s14_session3_natural,10,174,15.8,2.2220427989959717,-0.05734315030860263
COHFACE_s14_session3_natural,10,175,15.833333333333334,1.964110255241394,-0.05677629398787168
COHFACE_s14_session3_natural,10,176,15.866666666666667,1.4773200750350952,-0.05179018775095503
COHFACE_s14_session3_natural,10,177,15.9,0.9159216284751892,-0.041756620546198345
COHFACE_s14_session3_natural,10,178,15.933333333333334,0.6541465520858765,-0.027244330842538748
COHFACE_s14_session3_natural,10,179,15.966666666666667,0.7150845527648926,-0.009460619736433543
COHFACE_s14_session3_natural,10,180,16.0,0.7519806623458862,0.010372380410986355
COHFACE_s14_session3_natural,10,181,16.033333333333335,0.568758487701416,0.031221361252944016
COHFACE_s14_session3_natural,10,182,16.066666666666666,0.23461948335170746,0.05199300950180216
COHFACE_s14_session3_natural,10,183,16.1,-0.07996631413698196,0.07119679710353494
COHFACE_s14_session3_natural,10,184,16.133333333333333,-0.3196377754211426,0.0868919347362568
COHFACE_s14_session3_natural,10,185,16.166666666666668,-0.4785119295120239,0.09700130382953252
COHFACE_s14_session3_natural,10,186,16.2,-0.5573028922080994,0.09978483879059666
COHFACE_s14_session3_natural,10,187,16.233333333333334,-0.6405826210975647,0.09418755859815806
COHFACE_s14_session3_natural,10,188,16.266666666666666,-0.7808557152748108,0.07994898495721416
COHFACE_s14_session3_natural,10,189,16.3,-0.9271137714385986,0.057616100283985935
COHFACE_s14_session3_natural,10,190,16.333333333333332,-1.0209012031555176,0.02869688381793456
COHFACE_s14_session3_natural,10,191,16.366666666666667,-1.040114402770996,-0.0040439731986595595
COHFACE_s14_session3_natural,10,192,16.4,-0.7888810038566589,-0.03656706717867177
COHFACE_s14_session3_natural,10,193,16.433333333333334,0.119918592274189,-0.06427911520218965
COHFACE_s14_session3_natural,10,194,16.466666666666665,1.3309259414672852,-0.08334992790183622
COHFACE_s14_session3_natural,10,195,16.5,1.9925048351287842,-0.09187553797609581
COHFACE_s14_session3_natural,10,196,16.533333333333335,1.9373477697372437,-0.09020929285948738
COHFACE_s14_session3_natural,10,197,16.566666666666666,1.5479837656021118,-0.08036965298122034
COHFACE_s14_session3_natural,10,198,16.6,1.0002895593643188,-0.06498202245549801
COHFACE_s14_session3_natural,10,199,16.633333333333333,0.5331546068191528,-0.046386345567482355
COHFACE_s14_session3_natural,10,200,16.666666666666668,0.4512011408805847,-0.026308151986385545
COHFACE_s14_session3_natural,10,201,16.7,0.5471309423446655,-0.006080146177415422
COHFACE_s14_session3_natural,10,202,16.733333333333334,0.4915317893028259,0.012900405716977313
COHFACE_s14_session3_natural,10,203,16.766666666666666,0.22122126817703247,0.028868705165351623
COHFACE_s14_session3_natural,10,204,16.8,-0.11526412516832352,0.03980367316107228
COHFACE_s14_session3_natural,10,205,16.833333333333332,-0.4055699110031128,0.04395749940411944
COHFACE_s14_session3_natural,10,206,16.866666666666667,-0.5970554351806641,0.040555095090113
COHFACE_s14_session3_natural,10,207,16.9,-0.6986981630325317,0.030319007278924084
COHFACE_s14_session3_natural,10,208,16.933333333333334,-0.7937778234481812,0.015580730998388302
COHFACE_s14_session3_natural,10,209,16.966666666666665,-0.8933802247047424,-0.00010966894171892912
COHFACE_s14_session3_natural,10,210,17.0,-1.0169905424118042,-0.012878928731929648
COHFACE_s14_session3_natural,10,211,17.033333333333335,-1.1420972347259521,-0.019767651188577616
COHFACE_s14_session3_natural,10,212,17.066666666666666,-1.214699149131775,-0.019831736758870233
COHFACE_s14_session3_natural,10,213,17.1,-1.1777690649032593,-0.01449297695426865
COHFACE_s14_session3_natural,10,214,17.133333333333333,-0.703594982624054,-0.006844663958121322
COHFACE_s14_session3_natural,10,215,17.166666666666668,0.38216978311538696,-0.00021115033475893743
COHFACE_s14_session3_natural,10,216,17.2,1.3589805364608765,0.0032876812302004795
COHFACE_s14_session3_natural,10,217,17.233333333333334,1.6065073013305664,0.003410318689879628
COHFACE_s14_session3_natural,10,218,17.266666666666666,1.3594226837158203,0.0014224366069675684
COHFACE_s14_session3_natural,10,219,17.3,0.9070461988449097,-0.0009599025472000641
COHFACE_s14_session3_natural,10,220,17.333333333333332,0.36380675435066223,-0.0025675381681790313
COHFACE_s14_session3_natural,10,221,17.366666666666667,0.12927013635635376,-0.003118985075463949
COHFACE_s14_session3_natural,10,222,17.4,0.21455617249011993,-0.0028966344305061367
COHFACE_s14_session3_natural,10,223,17.433333333333334,0.27784058451652527,-0.0022362088889429713
COHFACE_s14_session3_natural,10,224,17.466666666666665,0.1267877221107483,-0.001261214953708988
COHFACE_s14_session3_natural,10,225,17.5,-0.15851925313472748,8.228838429664423e-05
COHFACE_s14_session3_natural,10,226,17.533333333333335,-0.45025327801704407,0.0019041238667393337
COHFACE_s14_session3_natural,10,227,17.566666666666666,-0.6581634879112244,0.0043457174260633
COHFACE_s14_session3_natural,10,228,17.6,-0.793573796749115,0.007603382257188722
COHFACE_s14_session3_natural,10,229,17.633333333333333,-0.8857289552688599,0.011807914170668858
COHFACE_s14_session3_natural,10,230,17.666666666666668,-0.9838351011276245,0.016716335941314414
COHFACE_s14_session3_natural,10,231,17.7,-1.0910547971725464,0.02144372458142111
COHFACE_s14_session3_natural,10,232,17.733333333333334,-1.2001787424087524,0.024565684225314157
COHFACE_s14_session3_natural,10,233,17.766666666666666,-1.2801599502563477,0.024715219666945225
COHFACE_s14_session3_natural,10,234,17.8,-1.263565182685852,0.021387563788559823
COHFACE_s14_session3_natural,10,235,17.833333333333332,-0.8658356666564941,0.015399411341110364
COHFACE_s14_session3_natural,10,236,17.866666666666667,0.14861932396888733,0.008600610562445475
COHFACE_s14_session3_natural,10,237,17.9,1.1546409130096436,0.0029215143617754348
COHFACE_s14_session3_natural,10,238,17.933333333333334,1.4666422605514526,-0.0006756286439670937
COHFACE_s14_session3_natural,10,239,17.966666666666665,1.2542093992233276,-0.0026616964548238586
COHFACE_s14_session3_natural,11,0,11.0,0.3683975040912628,-0.0038647104592200643
COHFACE_s14_session3_natural,11,1,11.033333333333333,0.0846547856926918,2.7333057176943183
COHFACE_s14_session3_natural,11,2,11.066666666666666,-0.19531330466270447,5.043884076949726
COHFACE_s14_session3_natural,11,3,11.1,-0.43916743993759155,6.606088863967092
COHFACE_s14_session3_natural,11,4,11.133333333333333,-0.5787944197654724,7.278022846958032
COHFACE_s14_session3_natural,11,5,11.166666666666666,-0.6714937090873718,7.115621903058642
COHFACE_s14_session3_natural,11,6,11.2,-0.7624586820602417,6.3281135174809435
COHFACE_s14_session3_natural,11,7,11.233333333333333,-0.8591706156730652,5.1956179258741
COHFACE_s14_session3_natural,11,8,11.266666666666667,-0.9750276803970337,3.984739493698698
COHFACE_s14_session3_natural,11,9,11.3,-1.0867700576782227,2.8891446412047066
COHFACE_s14_session3_natural,11,10,11.333333333333334,-1.1326096057891846,2.006202974632095
COHFACE_s14_session3_natural,11,11,11.366666666666667,-0.9475171566009521,1.3463713713225613
COHFACE_s14_session3_natural,11,12,11.4,-0.1568869799375534,0.8629729141034346
COHFACE_s14_session3_natural,11,13,11.433333333333334,0.9901218414306641,0.4875507063284783
COHFACE_s14_session3_natural,11,14,11.466666666666667,1.6522449254989624,0.15891285427004542
COHFACE_s14_session3_natural,11,15,11.5,1.6420772075653076,-0.1603176449619005
COHFACE_s14_session3_natural,11,16,11.533333333333333,1.3652715682983398,-0.48015046007943873
COHFACE_s14_session3_natural,11,17,11.566666666666666,0.9337745904922485,-0.7893105194329868
COHFACE_s14_session3_natural,11,18,11.6,0.49000152945518494,-1.066083865858532
COHFACE_s14_session3_natural,11,19,11.633333333333333,0.3365342617034912,-1.2893614344204871
COHFACE_s14_session3_natural,11,20,11.666666666666666,0.41379496455192566,-1.44655873534398
COHFACE_s14_session3_natural,11,21,11.7,0.4357285797595978,-1.5367610744371072
COHFACE_s14_session3_natural,11,22,11.733333333333333,0.25896748900413513,-1.5692242558141825
COHFACE_s14_session3_natural,11,23,11.766666666666667,-0.033004581928253174,-1.5587771179792012
COHFACE_s14_session3_natural,11,24,11.8,-0.3257247805595398,-1.5203293836429874
COHFACE_s14_session3_natural,11,25,11.833333333333334,-0.5492435693740845,-1.4644937551029038
COHFACE_s14_session3_natural,11,26,11.866666666666667,-0.6684672236442566,-1.395525300724594
COHFACE_s14_session3_natural,11,27,11.9,-0.7338939905166626,-1.3118878163299708
COHFACE_s14_session3_natural,11,28,11.933333333333334,-0.8117327690124512,-1.209079936583994
COHFACE_s14_session3_natural,11,29,11.966666666666667,-0.9153138399124146,-1.0836054318975963
COHFACE_s14_session3_natural,11,30,12.0,-1.035353660583496,-0.9361671298111308
COHFACE_s14_session3_natural,11,31,12.033333333333333,-1.1561074256896973,-0.7723595186660254
COHFACE_s14_session3_natural,11,32,12.066666666666666,-1.1982064247131348,-0.6008116065098057
COHFACE_s14_session3_natural,11,33,12.1,-0.9947509169578552,-0.4303666085211643
COHFACE_s14_session3_natural,11,34,12.133333333333333,-0.21490052342414856,-0.2679623470221079
COHFACE_s14_session3_natural,11,35,12.166666666666666,0.8987148404121399,-0.11789535793343414
COHFACE_s14_session3_natural,11,36,12.2,1.5097614526748657,0.01770002161431512
COHFACE_s14_session3_natural,11,37,12.233333333333333,1.4901741743087769,0.13774942084256098
COHFACE_s14_session3_natural,11,38,12.266666666666667,1.2122464179992676,0.24125520089613003
COHFACE_s14_session3_natural,11,39,12.3,0.7768727540969849,0.32703353690218806
COHFACE_s14_session3_natural,11,40,12.333333333333334,0.36006614565849304,0.39431605495857397
COHFACE_s14_session3_natural,11,41,12.366666666666667,0.23587769269943237,0.4437592505154852
COHFACE_s14_session3_natural,11,42,12.4,0.3423832058906555,0.47799457061566614
COHFACE_s14_session3_natural,11,43,12.433333333333334,0.3552713394165039,0.5010235093182056
COHFACE_s14_session3_natural,11,44,12.466666666666667,0.17629987001419067,0.516560853379143
COHFACE_s14_session3_natural,11,45,12.5,-0.09322849661111832,0.5262724666314319
COHFACE_s14_session3_natural,11,46,12.533333333333333,-0.3750669062137604,0.52906247934788
COHFACE_s14_session3_natural,11,47,12.566666666666666,-0.5917165875434875,0.521941953901115
COHFACE_s14_session3_natural,11,48,12.6,-0.7045131325721741,0.5019406572136911
COHFACE_s14_session3_natural,11,49,12.633333333333333,-0.7705519795417786,0.46785002800118564
COHFACE_s14_session3_natural,11,50,12.666666666666666,-0.8345505595207214,0.4208635783408079
COHFACE_s14_session3_natural,11,51,12.7,-0.9353771209716797,0.36403536886881344
COHFACE_s14_session3_natural,11,52,12.733333333333333,-1.0634422302246094,0.30117043141013566
COHFACE_s14_session3_natural,11,53,12.766666666666667,-1.1474360227584839,0.23589008132561531
COHFACE_s14_session3_natural,11,54,12.8,-1.184400200843811,0.17122499493567198
COHFACE_s14_session3_natural,11,55,12.833333333333334,-0.9717631340026855,0.10960973040024165
COHFACE_s14_session3_natural,11,56,12.866666666666667,-0.13648362457752228,0.052985520777839086
COHFACE_s14_session3_natural,11,57,12.9,0.9141873717308044,0.002849107019091881
COHFACE_s14_session3_natural,11,58,12.933333333333334,1.4481772184371948,-0.039723341381206714
COHFACE_s14_session3_natural,11,59,12.966666666666667,1.3594906330108643,-0.07397750650260217
COHFACE_s14_session3_natural,11,60,13.0,1.011613368988037,-0.09930466224641088
COHFACE_s14_session3_natural,11,61,13.033333333333333,0.5261494517326355,-0.11514377057704776
COHFACE_s14_session3_natural,11,62,13.066666666666666,0.17851024866104126,-0.12116867572277328
COHFACE_s14_session3_natural,11,63,13.1,0.17048491537570953,-0.11779402459507796
COHFACE_s14_session3_natural,11,64,13.133333333333333,0.3000122308731079,-0.10671932799794799
COHFACE_s14_session3_natural,11,65,13.166666666666666,0.29834598302841187,-0.09112133769622671
COHFACE_s14_session3_natural,11,66,13.2,0.1055002212524414,-0.07537127933939462
COHFACE_s14_session3_natural,11,67,13.233333333333333,-0.1656264215707779,-0.06442256176318324
COHFACE_s14_session3_natural,11,68,13.266666666666667,-0.40424370765686035,-0.06294703682480553
COHFACE_s14_session3_natural,11,69,13.3,-0.5620976686477661,-0.07414644094631061
COHFACE_s14_session3_natural,11,70,13.333333333333334,-0.6703035235404968,-0.09831994268168517
COHFACE_s14_session3_natural,11,71,13.366666666666667,-0.750352680683136,-0.13173673642509648
COHFACE_s14_session3_natural,11,72,13.4,-0.8046936392784119,-0.1667518709988464
COHFACE_s14_session3_natural,11,73,13.433333333333334,-0.9099409580230713,-0.19378277905665842
COHFACE_s14_session3_natural,11,74,13.466666666666667,-1.009271264076233,-0.2046065917742086
COHFACE_s14_session3_natural,11,75,13.5,-1.0761603116989136,-0.19537522616026565
COHFACE_s14_session3_natural,11,76,13.533333333333333,-1.0317490100860596,-0.16776136290240856
COHFACE_s14_session3_natural,11,77,13.566666666666666,-0.5126195549964905,-0.12773793643694142
COHFACE_s14_session3_natural,11,78,13.6,0.566412091255188,-0.08288951282212498
COHFACE_s14_session3_natural,11,79,13.633333333333333,1.4557604789733887,-0.039842534979718354
COHFACE_s14_session3_natural,11,80,13.666666666666666,1.648368239402771,-0.002912822950294989
COHFACE_s14_session3_natural,11,81,13.7,1.4089688062667847,0.025945245495190946
COHFACE_s14_session3_natural,11,82,13.733333333333333,1.0070565938949585,0.046447044815836516
COHFACE_s14_session3_natural,11,83,13.766666666666667,0.5513136386871338,0.059184077655274066
COHFACE_s14_session3_natural,11,84,13.8,0.3498304486274719,0.065127079676135
COHFACE_s14_session3_natural,11,85,13.833333333333334,0.4483106732368469,0.0654875302791761
COHFACE_s14_session3_natural,11,86,13.866666666666667,0.5424041748046875,0.06174554135004025
COHFACE_s14_session3_natural,11,87,13.9,0.40777599811553955,0.05560891088203069
COHFACE_s14_session3_natural,11,88,13.933333333333334,0.1487213373184204,0.048822227111019155
COHFACE_s14_session3_natural,11,89,13.966666666666667,-0.12771017849445343,0.04290522616946205
COHFACE_s14_session3_natural,11,90,14.0,-0.33602845668792725,0.03891370928758206
COHFACE_s14_session3_natural,11,91,14.033333333333333,-0.479804128408432,0.03726551749603477
COHFACE_s14_session3_natural,11,92,14.066666666666666,-0.5594112277030945,0.03767918430341596
COHFACE_s14_session3_natural,11,93,14.1,-0.6348356604576111,0.039286356172705685
COHFACE_s14_session3_natural,11,94,14.133333333333333,-0.7481083273887634,0.04092034161205814
COHFACE_s14_session3_natural,11,95,14.166666666666666,-0.8593746423721313,0.041491027570226394
COHFACE_s14_session3_natural,11,96,14.2,-0.934561014175415,0.040308093266714105
COHFACE_s14_session3_natural,11,97,14.233333333333333,-0.9186803698539734,0.037227664327654716
COHFACE_s14_session3_natural,11,98,14.266666666666667,-0.4753153920173645,0.03256478044425258
COHFACE_s14_session3_natural,11,99,14.3,0.6219092607498169,0.02684319576431039
COHFACE_s14_session3_natural,11,100,14.333333333333334,1.6861144304275513,0.020591686575392665
COHFACE_s14_session3_natural,11,101,14.366666666666667,2.0680654048919678,0.014376593891877008
COHFACE_s14_session3_natural,11,102,14.4,1.9227254390716553,0.009023567133794666
COHFACE_s14_session3_natural,11,103,14.433333333333334,1.5639663934707642,0.005751444865878979
COHFACE_s14_session3_natural,11,104,14.466666666666667,1.0378997325897217,0.005957969206283902
COHFACE_s14_session3_natural,11,105,14.5,0.6596554517745972,0.01063905384103298
COHFACE_s14_session3_natural,11,106,14.533333333333333,0.6542485356330872,0.019699994151932604
COHFACE_s14_session3_natural,11,107,14.566666666666666,0.7619103193283081,0.031526460940364126
COHFACE_s14_session3_natural,11,108,14.6,0.6803648471832275,0.04305582930727978
COHFACE_s14_session3_natural,11,109,14.633333333333333,0.4190318286418915,0.05038006255353547
COHFACE_s14_session3_natural,11,110,14.666666666666666,0.08887148648500443,0.04977135061983059
COHFACE_s14_session3_natural,11,111,14.7,-0.1880020946264267,0.03888273474006059
COHFACE_s14_session3_natural,11,112,14.733333333333333,-0.3471482992172241,0.01769045038257964
COHFACE_s14_session3_natural,11,113,14.766666666666667,-0.4341006278991699,-0.011285653888858247
COHFACE_s14_session3_natural,11,114,14.8,-0.5193526744842529,-0.04365491486125646
COHFACE_s14_session3_natural,11,115,14.833333333333334,-0.6281365752220154,-0.07442793550832257
COHFACE_s14_session3_natural,11,116,14.866666666666667,-0.7653831839561462,-0.09927348821543108
COHFACE_s14_session3_natural,11,117,14.9,-0.8624351620674133,-0.11523523968510009
COHFACE_s14_session3_natural,11,118,14.933333333333334,-0.8678420186042786,-0.12084865348018503
COHFACE_s14_session3_natural,11,119,14.966666666666667,-0.6329313516616821,-0.11597268379130775
COHFACE_s14_session3_natural,11,120,15.0,0.2939252555370331,-0.10158662070909874
COHFACE_s14_session3_natural,11,121,15.033333333333333,1.5470315217971802,-0.07956985007676376
COHFACE_s14_session3_natural,11,122,15.066666666666666,2.214153289794922,-0.05244150754206205
COHFACE_s14_session3_natural,11,123,15.1,2.2048017978668213,-0.023081294523662643
COHFACE_s14_session3_natural,11,124,15.133333333333333,1.8794702291488647,0.005606252726254571
COHFACE_s14_session3_natural,11,125,15.166666666666666,1.3489489555358887,0.031134169864957317
COHFACE_s14_session3_natural,11,126,15.2,0.8772572875022888,0.05186055495499231
COHFACE_s14_session3_natural,11,127,15.233333333333333,0.7469818592071533,0.0671470953462454
COHFACE_s14_session3_natural,11,128,15.266666666666667,0.8226442933082581,0.07712559183243078
COHFACE_s14_session3_natural,11,129,15.3,0.805437445640564,0.08220357200623342
COHFACE_s14_session3_natural,11,130,15.333333333333334,0.5613792538642883,0.08258101380907155
COHFACE_s14_session3_natural,11,131,15.366666666666667,0.23842810094356537,0.07805178488655315
COHFACE_s14_session3_natural,11,132,15.4,-0.0422201007604599,0.0682650986258429
COHFACE_s14_session3_natural,11,133,15.433333333333334,-0.2607400715351105,0.053365403170827184
COHFACE_s14_session3_natural,11,134,15.466666666666667,-0.39070945978164673,0.034580176886748894
COHFACE_s14_session3_natural,11,135,15.5,-0.47273096442222595,0.014249962897715705
COHFACE_s14_session3_natural,11,136,15.533333333333333,-0.5711771845817566,-0.004811265678714604
COHFACE_s14_session3_natural,11,137,15.566666666666666,-0.7120283842086792,-0.02026005127291915
COHFACE_s14_session3_natural,11,138,15.6,-0.8315240740776062,-0.03098141657846751
COHFACE_s14_session3_natural,11,139,15.633333333333333,-0.8799139857292175,-0.037336527063433336
COHFACE_s14_session3_natural,11,140,15.666666666666666,-0.7889830470085144,-0.04079514878848649
COHFACE_s14_session3_natural,11,141,15.7,-0.1459711790084839,-0.04308968548138125
COHFACE_s14_session3_natural,11,142,15.733333333333333,1.0931588411331177,-0.045286961156650554
COHFACE_s14_session3_natural,11,143,15.766666666666667,2.0502803325653076,-0.04727646173471765
COHFACE_s14_session3_natural,11,144,15.8,2.2220427989959717,-0.047969134978767855
COHFACE_s14_session3_natural,11,145,15.833333333333334,1.964110255241394,-0.04606233299743816
COHFACE_s14_session3_natural,11,146,15.866666666666667,1.4773200750350952,-0.04082263917377142
COHFACE_s14_session3_natural,11,147,15.9,0.9159216284751892,-0.03232670536759673
COHFACE_s14_session3_natural,11,148,15.933333333333334,0.6541465520858765,-0.02107498922191651
COHFACE_s14_session3_natural,11,149,15.966666666666667,0.7150845527648926,-0.007429524470290343
COHFACE_s14_session3_natural,11,150,16.0,0.7519806623458862,0.008556799123496748
COHFACE_s14_session3_natural,11,151,16.033333333333335,0.568758487701416,0.026707639271898724
COHFACE_s14_session3_natural,11,152,16.066666666666666,0.23461948335170746,0.04601004328636257
COHFACE_s14_session3_natural,11,153,16.1,-0.07996631413698196,0.06423447740177488
COHFACE_s14_session3_natural,11,154,16.133333333333333,-0.3196377754211426,0.0783012972379005
COHFACE_s14_session3_natural,11,155,16.166666666666668,-0.4785119295120239,0.08527947882631172
COHFACE_s14_session3_natural,11,156,16.2,-0.5573028922080994,0.08344525421420426
COHFACE_s14_session3_natural,11,157,16.233333333333334,-0.6405826210975647,0.07279910575173329
COHFACE_s14_session3_natural,11,158,16.266666666666666,-0.7808557152748108,0.05488408059040778
COHFACE_s14_session3_natural,11,159,16.3,-0.9271137714385986,0.032237821111575964
COHFACE_s14_session3_natural,11,160,16.333333333333332,-1.0209012031555176,0.007898011574446391
COHFACE_s14_session3_natural,11,161,16.366666666666667,-1.040114402770996,-0.014939738063135028
COHFACE_s14_session3_natural,11,162,16.4,-0.7888810038566589,-0.03338004348947164
COHFACE_s14_session3_natural,11,163,16.433333333333334,0.119918592274189,-0.04558130090246319
COHFACE_s14_session3_natural,11,164,16.466666666666665,1.3309259414672852,-0.05139682651395318
COHFACE_s14_session3_natural,11,165,16.5,1.9925048351287842,-0.05223830360829693
COHFACE_s14_session3_natural,11,166,16.533333333333335,1.9373477697372437,-0.05011890752800119
COHFACE_s14_session3_natural,11,167,16.566666666666666,1.5479837656021118,-0.04657361153904121
COHFACE_s14_session3_natural,11,168,16.6,1.0002895593643188,-0.04213278639420834
COHFACE_s14_session3_natural,11,169,16.633333333333333,0.5331546068191528,-0.036492923607600744
COHFACE_s14_session3_natural,11,170,16.666666666666668,0.4512011408805847,-0.029129213482496745
COHFACE_s14_session3_natural,11,171,16.7,0.5471309423446655,-0.019977312410834357
COHFACE_s14_session3_natural,11,172,16.733333333333334,0.4915317893028259,-0.00985290820425736
COHFACE_s14_session3_natural,11,173,16.766666666666666,0.22122126817703247,-0.00042089961748262907
COHFACE_s14_session3_natural,11,174,16.8,-0.11526412516832352,0.006266839264220697
COHFACE_s14_session3_natural,11,175,16.833333333333332,-0.4055699110031128,0.008463800571281748
COHFACE_s14_session3_natural,11,176,16.866666666666667,-0.5970554351806641,0.00537507667642559
COHFACE_s14_session3_natural,11,177,16.9,-0.6986981630325317,-0.0024660800241749574
COHFACE_s14_session3_natural,11,178,16.933333333333334,-0.7937778234481812,-0.013185741317869962
COHFACE_s14_session3_natural,11,179,16.966666666666665,-0.8933802247047424,-0.02391695081660272
COHFACE_s14_session3_natural,11,180,17.0,-1.0169905424118042,-0.031477940534210755
COHFACE_s14_session3_natural,11,181,17.033333333333335,-1.1420972347259521,-0.0332836345536992
COHFACE_s14_session3_natural,11,182,17.066666666666666,-1.214699149131775,-0.028217422350844647
COHFACE_s14_session3_natural,11,183,17.1,-1.1777690649032593,-0.01707171675383939
COHFACE_s14_session3_natural,11,184,17.133333333333333,-0.703594982624054,-0.002290293053230215
COHFACE_s14_session3_natural,11,185,17.166666666666668,0.38216978311538696,0.012910235314477731
COHFACE_s14_session3_natural,11,186,17.2,1.3589805364608765,0.025604532026504156
COHFACE_s14_session3_natural,11,187,17.233333333333334,1.6065073013305664,0.03389231753927017
COHFACE_s14_session3_natural,11,188,17.266666666666666,1.3594226837158203,0.03708762121400258
COHFACE_s14_session3_natural,11,189,17.3,0.9070461988449097,0.035550460159935064
COHFACE_s14_session3_natural,11,190,17.333333333333332,0.36380675435066223,0.030493516590203808
COHFACE_s14_session3_natural,11,191,17.366666666666667,0.12927013635635376,0.023902492299808575
COHFACE_s14_session3_natural,11,192,17.4,0.21455617249011993,0.018372011155327946
COHFACE_s14_session3_natural,11,193,17.433333333333334,0.27784058451652527,0.01655369663249274
COHFACE_s14_session3_natural,11,194,17.466666666666665,0.1267877221107483,0.020233480960211447
COHFACE_s14_session3_natural,11,195,17.5,-0.15851925313472748,0.029527723149986425
COHFACE_s14_session3_natural,11,196,17.533333333333335,-0.45025327801704407,0.04284574782065693
COHFACE_s14_session3_natural,11,197,17.566666666666666,-0.6581634879112244,0.05781196870870564
COHFACE_s14_session3_natural,11,198,17.6,-0.793573796749115,0.07248156201903751
COHFACE_s14_session3_natural,11,199,17.633333333333333,-0.8857289552688599,0.08576835781941217
COHFACE_s14_session3_natural,11,200,17.666666666666668,-0.9838351011276245,0.09661044925147941
COHFACE_s14_session3_natural,11,201,17.7,-1.0910547971725464,0.10251905907530041
COHFACE_s14_session3_natural,11,202,17.733333333333334,-1.2001787424087524,0.09884792220227002
COHFACE_s14_session3_natural,11,203,17.766666666666666,-1.2801599502563477,0.07983849346436134
COHFACE_s14_session3_natural,11,204,17.8,-1.263565182685852,0.041357613676081845
COHFACE_s14_session3_natural,11,205,17.833333333333332,-0.8658356666564941,-0.015950729842088136
COHFACE_s14_session3_natural,11,206,17.866666666666667,0.14861932396888733,-0.08483641614159404
COHFACE_s14_session3_natural,11,207,17.9,1.1546409130096436,-0.15229247481672772
COHFACE_s14_session3_natural,11,208,17.933333333333334,1.4666422605514526,-0.20341269551393332
COHFACE_s14_session3_natural,11,209,17.966666666666665,1.2542093992233276,-0.22695881795977002
COHFACE_s14_session3_natural,11,210,18.0,0.8244125843048096,-0.2197502634181678
COHFACE_s14_session3_natural,11,211,18.033333333333335,0.30725544691085815,-0.18719031507406
COHFACE_s14_session3_natural,11,212,18.066666666666666,0.04871087148785591,-0.1398398984917509
COHFACE_s14_session3_natural,11,213,18.1,0.1285560131072998,-0.0885697310949629
COHFACE_s14_session3_natural,11,214,18.133333333333333,0.24118256568908691,-0.041064595179089156
COHFACE_s14_session3_natural,11,215,18.166666666666668,0.10655439645051956,-0.0008621039821844101
COHFACE_s14_session3_natural,11,216,18.2,-0.17157739400863647,0.03153453056002719
COHFACE_s14_session3_natural,11,217,18.233333333333334,-0.451681524515152,0.056757455245912414
COHFACE_s14_session3_natural,11,218,18.266666666666666,-0.665100634098053,0.07512873952230933
COHFACE_s14_session3_natural,11,219,18.3,-0.8047956228256226,0.08628305364579864
COHFACE_s14_session3_natural,11,220,18.333333333333332,-0.8855589628219604,0.0897223332941511
COHFACE_s14_session3_natural,11,221,18.366666666666667,-0.9699608683586121,0.08567815552423291
COHFACE_s14_session3_natural,11,222,18.4,-1.0875861644744873,0.07561885779397921
COHFACE_s14_session3_natural,11,223,18.433333333333334,-1.188242793083191,0.06207793266496452
COHFACE_s14_session3_natural,11,224,18.466666666666665,-1.2334702014923096,0.04794873010435509
COHFACE_s14_session3_natural,11,225,18.5,-1.1715459823608398,0.03569361003794297
COHFACE_s14_session3_natural,11,226,18.533333333333335,-0.6250080466270447,0.026877798472882398
COHFACE_s14_session3_natural,11,227,18.566666666666666,0.5045559406280518,0.02212128414057259
COHFACE_s14_session3_natural,11,228,18.6,1.432024598121643,0.02122202358253901
COHFACE_s14_session3_natural,11,229,18.633333333333333,1.6743484735488892,0.023174497135777457
COHFACE_s14_session3_natural,11,230,18.666666666666668,1.497213363647461,0.02615248455951499
COHFACE_s14_session3_natural,11,231,18.7,1.1216895580291748,0.02779778080398534
COHFACE_s14_session3_natural,11,232,18.733333333333334,0.6239495873451233,0.025969330436601525
COHFACE_s14_session3_natural,11,233,18.766666666666666,0.33609217405319214,0.019673833404486828
COHFACE_s14_session3_natural,11,234,18.8,0.38074153661727905,0.009651482223923421
COHFACE_s14_session3_natural,11,235,18.833333333333332,0.4563019871711731,-0.0017938583314436483
COHFACE_s14_session3_natural,11,236,18.866666666666667,0.30589520931243896,-0.01173309497740334
COHFACE_s14_session3_natural,11,237,18.9,0.004605610389262438,-0.0178975240792812
COHFACE_s14_session3_natural,11,238,18.933333333333334,-0.28049734234809875,-0.019678730773331418
COHFACE_s14_session3_natural,11,239,18.966666666666665,-0.49170610308647156,-0.018343152442363914
COHFACE_s14_session3_natural,12,0,12.0,-1.035353660583496,-0.004667592314333264
COHFACE_s14_session3_natural,12,1,12.033333333333333,-1.1561074256896973,2.691460538554352
COHFACE_s14_session3_natural,12,2,12.066666666666666,-1.1982064247131348,4.970480253580887
COHFACE_s14_session3_natural,12,3,12.1,-0.9947509169578552,6.516667362405724
COHFACE_s14_session3_natural,12,4,12.133333333333333,-0.21490052342414856,7.188870259357253
COHFACE_s14_session3_natural,12,5,12.166666666666666,0.8987148404121399,7.038772128087281
COHFACE_s14_session3_natural,12,6,12.2,1.5097614526748657,6.268698075246911
COHFACE_s14_session3_natural,12,7,12.233333333333333,1.4901741743087769,5.1522930918649426
COHFACE_s14_session3_natural,12,8,12.266666666666667,1.2122464179992676,3.9524278755595703
COHFACE_s14_session3_natural,12,9,12.3,0.7768727540969849,2.8624993359372097
COHFACE_s14_session3_natural,12,10,12.333333333333334,0.36006614565849304,1.982288831736136
COHFACE_s14_session3_natural,12,11,12.366666666666667,0.23587769269943237,1.3257614028735787
COHFACE_s14_session3_natural,12,12,12.4,0.3423832058906555,0.8492319388641065
COHFACE_s14_session3_natural,12,13,12.433333333333334,0.3552713394165039,0.48557251859799344
COHFACE_s14_session3_natural,12,14,12.466666666666667,0.17629987001419067,0.17277249693856997
COHFACE_s14_session3_natural,12,15,12.5,-0.09322849661111832,-0.12933213318690895
COHFACE_s14_session3_natural,12,16,12.533333333333333,-0.3750669062137604,-0.43476445499090943
COHFACE_s14_session3_natural,12,17,12.566666666666666,-0.5917165875434875,-0.7363388592892228
COHFACE_s14_session3_natural,12,18,12.6,-0.7045131325721741,-1.0151578065351654
COHFACE_s14_session3_natural,12,19,12.633333333333333,-0.7705519795417786,-1.2504572582502187
COHFACE_s14_session3_natural,12,20,12.666666666666666,-0.8345505595207214,-1.4269932257579077
COHFACE_s14_session3_natural,12,21,12.7,-0.9353771209716797,-1.5387323022493853
COHFACE_s14_session3_natural,12,22,12.733333333333333,-1.0634422302246094,-1.5888937507650196
COHFACE_s14_session3_natural,12,23,12.766666666666667,-1.1474360227584839,-1.587292092196149
COHFACE_s14_session3_natural,12,24,12.8,-1.184400200843811,-1.5464651096096036
COHFACE_s14_session3_natural,12,25,12.833333333333334,-0.9717631340026855,-1.4781184225756296
COHFACE_s14_session3_natural,12,26,12.866666666666667,-0.13648362457752228,-1.3909226399785555
COHFACE_s14_session3_natural,12,27,12.9,0.9141873717308044,-1.289916667344311
COHFACE_s14_session3_natural,12,28,12.933333333333334,1.4481772184371948,-1.1770935186100209
COHFACE_s14_session3_natural,12,29,12.966666666666667,1.3594906330108643,-1.0524978200433919
COHFACE_s14_session3_natural,12,30,13.0,1.011613368988037,-0.9153879350491497
COHFACE_s14_session3_natural,12,31,13.033333333333333,0.5261494517326355,-0.7653554701649324
COHFACE_s14_session3_natural,12,32,13.066666666666666,0.17851024866104126,-0.603384964098487
COHFACE_s14_session3_natural,12,33,13.1,0.17048491537570953,-0.43267627729133395
COHFACE_s14_session3_natural,12,34,13.133333333333333,0.3000122308731079,-0.25889406009377863
COHFACE_s14_session3_natural,12,35,13.166666666666666,0.29834598302841187,-0.08963704557178884
COHFACE_s14_session3_natural,12,36,13.2,0.1055002212524414,0.06665734767674428
COHFACE_s14_session3_natural,12,37,13.233333333333333,-0.1656264215707779,0.20190221905871827
COHFACE_s14_session3_natural,12,38,13.266666666666667,-0.40424370765686035,0.3094132254693478
COHFACE_s14_session3_natural,12,39,13.3,-0.5620976686477661,0.38497119088852805
COHFACE_s14_session3_natural,12,40,13.333333333333334,-0.6703035235404968,0.4280387346856935
COHFACE_s14_session3_natural,12,41,13.366666666666667,-0.750352680683136,0.4427911909873618
COHFACE_s14_session3_natural,12,42,13.4,-0.8046936392784119,0.4380529736988078
COHFACE_s14_session3_natural,12,43,13.433333333333334,-0.9099409580230713,0.42531077163520703
COHFACE_s14_session3_natural,12,44,13.466666666666667,-1.009271264076233,0.4150332912187518
COHFACE_s14_session3_natural,12,45,13.5,-1.0761603116989136,0.4128815809213135
COHFACE_s14_session3_natural,12,46,13.533333333333333,-1.0317490100860596,0.4179496533002897
COHFACE_s14_session3_natural,12,47,13.566666666666666,-0.5126195549964905,0.4242131005439147
COHFACE_s14_session3_natural,12,48,13.6,0.566412091255188,0.4242616349810431
COHFACE_s14_session3_natural,12,49,13.633333333333333,1.4557604789733887,0.41293127541049507
COHFACE_s14_session3_natural,12,50,13.666666666666666,1.648368239402771,0.38895400084232695
COHFACE_s14_session3_natural,12,51,13.7,1.4089688062667847,0.3543772430513571
COHFACE_s14_session3_natural,12,52,13.733333333333333,1.0070565938949585,0.31273975067987264
COHFACE_s14_session3_natural,12,53,13.766666666666667,0.5513136386871338,0.2672830574543041
COHFACE_s14_session3_natural,12,54,13.8,0.3498304486274719,0.22004480284022754
COHFACE_s14_session3_natural,12,55,13.833333333333334,0.4483106732368469,0.1719592120421618
COHFACE_s14_session3_natural,12,56,13.866666666666667,0.5424041748046875,0.12352571020292781
COHFACE_s14_session3_natural,12,57,13.9,0.40777599811553955,0.07546518032243633
COHFACE_s14_session3_natural,12,58,13.933333333333334,0.1487213373184204,0.029034269655487485
COHFACE_s14_session3_natural,12,59,13.966666666666667,-0.12771017849445343,-0.014022463610646498
COHFACE_s14_session3_natural,12,60,14.0,-0.33602845668792725,-0.05180352940178319
COHFACE_s14_session3_natural,12,61,14.033333333333333,-0.479804128408432,-0.0827733385378687
COHFACE_s14_session3_natural,12,62,14.066666666666666,-0.5594112277030945,-0.10628188848908837
COHFACE_s14_session3_natural,12,63,14.1,-0.6348356604576111,-0.12281364197613608
COHFACE_s14_session3_natural,12,64,14.133333333333333,-0.7481083273887634,-0.13381807663999998
COHFACE_s14_session3_natural,12,65,14.166666666666666,-0.8593746423721313,-0.14120143814136074
COHFACE_s14_session3_natural,12,66,14.2,-0.934561014175415,-0.14671545921246212
COHFACE_s14_session3_natural,12,67,14.233333333333333,-0.9186803698539734,-0.15148738687989036
COHFACE_s14_session3_natural,12,68,14.266666666666667,-0.4753153920173645,-0.1558200714085802
COHFACE_s14_session3_natural,12,69,14.3,0.6219092607498169,-0.1592374681466158
COHFACE_s14_session3_natural,12,70,14.333333333333334,1.6861144304275513,-0.16065922253028722
COHFACE_s14_session3_natural,12,71,14.366666666666667,2.0680654048919678,-0.15861865168878395
COHFACE_s14_session3_natural,12,72,14.4,1.9227254390716553,-0.15155146275873038
COHFACE_s14_session3_natural,12,73,14.433333333333334,1.5639663934707642,-0.1382160506121173
COHFACE_s14_session3_natural,12,74,14.466666666666667,1.0378997325897217,-0.1181717075888093
COHFACE_s14_session3_natural,12,75,14.5,0.6596554517745972,-0.09208819399870098
COHFACE_s14_session3_natural,12,76,14.533333333333333,0.6542485356330872,-0.06168301098003398
COHFACE_s14_session3_natural,12,77,14.566666666666666,0.7619103193283081,-0.029304273022449034
COHFACE_s14_session3_natural,12,78,14.6,0.6803648471832275,0.0025605037232879152
COHFACE_s14_session3_natural,12,79,14.633333333333333,0.4190318286418915,0.03153966399994952
COHFACE_s14_session3_natural,12,80,14.666666666666666,0.08887148648500443,0.05537719340936258
COHFACE_s14_session3_natural,12,81,14.7,-0.1880020946264267,0.07194121487962737
COHFACE_s14_session3_natural,12,82,14.733333333333333,-0.3471482992172241,0.07945963554921956
COHFACE_s14_session3_natural,12,83,14.766666666666667,-0.4341006278991699,0.07692466288395762
COHFACE_s14_session3_natural,12,84,14.8,-0.5193526744842529,0.06440757566952435
COHFACE_s14_session3_natural,12,85,14.833333333333334,-0.6281365752220154,0.04311877394636649
COHFACE_s14_session3_natural,12,86,14.866666666666667,-0.7653831839561462,0.015357636184580019
COHFACE_s14_session3_natural,12,87,14.9,-0.8624351620674133,-0.015432450589846157
COHFACE_s14_session3_natural,12,88,14.933333333333334,-0.8678420186042786,-0.0446710908963679
COHFACE_s14_session3_natural,12,89,14.966666666666667,-0.6329313516616821,-0.06717372893280794
COHFACE_s14_session3_natural,12,90,15.0,0.2939252555370331,-0.07836856569672222
COHFACE_s14_session3_natural,12,91,15.033333333333333,1.5470315217971802,-0.07572927967112464
COHFACE_s14_session3_natural,12,92,15.066666666666666,2.214153289794922,-0.059619036155324545
COHFACE_s14_session3_natural,12,93,15.1,2.2048017978668213,-0.03302712070526336
COHFACE_s14_session3_natural,12,94,15.133333333333333,1.8794702291488647,-0.0004246749801951077
COHFACE_s14_session3_natural,12,95,15.166666666666666,1.3489489555358887,0.03350808776960008
COHFACE_s14_session3_natural,12,96,15.2,0.8772572875022888,0.06470373840094436
COHFACE_s14_session3_natural,12,97,15.233333333333333,0.7469818592071533,0.09001867658710218
COHFACE_s14_session3_natural,12,98,15.266666666666667,0.8226442933082581,0.10726822837158549
COHFACE_s14_session3_natural,12,99,15.3,0.805437445640564,0.11519007571897581
COHFACE_s14_session3_natural,12,100,15.333333333333334,0.5613792538642883,0.11339014529974292
COHFACE_s14_session3_natural,12,101,15.366666666666667,0.23842810094356537,0.10227472408938632
COHFACE_s14_session3_natural,12,102,15.4,-0.0422201007604599,0.08305934316409995
COHFACE_s14_session3_natural,12,103,15.433333333333334,-0.2607400715351105,0.05791496613820168
COHFACE_s14_session3_natural,12,104,15.466666666666667,-0.39070945978164673,0.03003895902955355
COHFACE_s14_session3_natural,12,105,15.5,-0.47273096442222595,0.0032872166995425904
COHFACE_s14_session3_natural,12,106,15.533333333333333,-0.5711771845817566,-0.018718226332477356
COHFACE_s14_session3_natural,12,107,15.566666666666666,-0.7120283842086792,-0.03366750245700989
COHFACE_s14_session3_natural,12,108,15.6,-0.8315240740776062,-0.041327840147462006
COHFACE_s14_session3_natural,12,109,15.633333333333333,-0.8799139857292175,-0.04362094965916863
COHFACE_s14_session3_natural,12,110,15.666666666666666,-0.7889830470085144,-0.04389148667097662
COHFACE_s14_session3_natural,12,111,15.7,-0.1459711790084839,-0.045558128221177684
COHFACE_s14_session3_natural,12,112,15.733333333333333,1.0931588411331177,-0.05064853326698476
COHFACE_s14_session3_natural,12,113,15.766666666666667,2.0502803325653076,-0.05887159850351233
COHFACE_s14_session3_natural,12,114,15.8,2.2220427989959717,-0.06772516267517593
COHFACE_s14_session3_natural,12,115,15.833333333333334,1.964110255241394,-0.07364150319145418
COHFACE_s14_session3_natural,12,116,15.866666666666667,1.4773200750350952,-0.07355094081291115
COHFACE_s14_session3_natural,12,117,15.9,0.9159216284751892,-0.0659945299099846
COHFACE_s14_session3_natural,12,118,15.933333333333334,0.6541465520858765,-0.051312010434833584
COHFACE_s14_session3_natural,12,119,15.966666666666667,0.7150845527648926,-0.031083162422054722
COHFACE_s14_session3_natural,12,120,16.0,0.7519806623458862,-0.00736517384322435
COHFACE_s14_session3_natural,12,121,16.033333333333335,0.568758487701416,0.01779781246472184
COHFACE_s14_session3_natural,12,122,16.066666666666666,0.23461948335170746,0.04245209047052544
COHFACE_s14_session3_natural,12,123,16.1,-0.07996631413698196,0.06460488316520642
COHFACE_s14_session3_natural,12,124,16.133333333333333,-0.3196377754211426,0.08222578427120575
COHFACE_s14_session3_natural,12,125,16.166666666666668,-0.4785119295120239,0.09354333772964701
COHFACE_s14_session3_natural,12,126,16.2,-0.5573028922080994,0.09745340997638739
COHFACE_s14_session3_natural,12,127,16.233333333333334,-0.6405826210975647,0.0936873831966225
COHFACE_s14_session3_natural,12,128,16.266666666666666,-0.7808557152748108,0.0826126246675955
COHFACE_s14_session3_natural,12,129,16.3,-0.9271137714385986,0.06492487985172077
COHFACE_s14_session3_natural,12,130,16.333333333333332,-1.0209012031555176,0.041646177357952674
COHFACE_s14_session3_natural,12,131,16.366666666666667,-1.040114402770996,0.014549956407364284
COHFACE_s14_session3_natural,12,132,16.4,-0.7888810038566589,-0.013423796893354224
COHFACE_s14_session3_natural,12,133,16.433333333333334,0.119918592274189,-0.03840826635279451
COHFACE_s14_session3_natural,12,134,16.466666666666665,1.3309259414672852,-0.05665018536551896
COHFACE_s14_session3_natural,12,135,16.5,1.9925048351287842,-0.06579959971121714
COHFACE_s14_session3_natural,12,136,16.533333333333335,1.9373477697372437,-0.06568297096839472
COHFACE_s14_session3_natural,12,137,16.566666666666666,1.5479837656021118,-0.058150727187800566
COHFACE_s14_session3_natural,12,138,16.6,1.0002895593643188,-0.04618054248394769
COHFACE_s14_session3_natural,12,139,16.633333333333333,0.5331546068191528,-0.032800415119952527
COHFACE_s14_session3_natural,12,140,16.666666666666668,0.4512011408805847,-0.020335743380392818
COHFACE_s14_session3_natural,12,141,16.7,0.5471309423446655,-0.010172024772933119
COHFACE_s14_session3_natural,12,142,16.733333333333334,0.4915317893028259,-0.002957702991730832
COHFACE_s14_session3_natural,12,143,16.766666666666666,0.22122126817703247,0.000989459571171898
COHFACE_s14_session3_natural,12,144,16.8,-0.11526412516832352,0.0013869909480357593
COHFACE_s14_session3_natural,12,145,16.833333333333332,-0.4055699110031128,-0.001969172131687234
COHFACE_s14_session3_natural,12,146,16.866666666666667,-0.5970554351806641,-0.008860845742829738
COHFACE_s14_session3_natural,12,147,16.9,-0.6986981630325317,-0.018275156750822568
COHFACE_s14_session3_natural,12,148,16.933333333333334,-0.7937778234481812,-0.028291094100224113
COHFACE_s14_session3_natural,12,149,16.966666666666665,-0.8933802247047424,-0.036379135560867186
COHFACE_s14_session3_natural,12,150,17.0,-1.0169905424118042,-0.040113447509293715
COHFACE_s14_session3_natural,12,151,17.033333333333335,-1.1420972347259521,-0.03809267218835223
COHFACE_s14_session3_natural,12,152,17.066666666666666,-1.214699149131775,-0.03062977707606156
COHFACE_s14_session3_natural,12,153,17.1,-1.1777690649032593,-0.019747034390201885
COHFACE_s14_session3_natural,12,154,17.133333333333333,-0.703594982624054,-0.008356111909051797
COHFACE_s14_session3_natural,12,155,17.166666666666668,0.38216978311538696,0.0010039185904231079
COHFACE_s14_session3_natural,12,156,17.2,1.3589805364608765,0.007210351435343113
COHFACE_s14_session3_natural,12,157,17.233333333333334,1.6065073013305664,0.010831595076194127
COHFACE_s14_session3_natural,12,158,17.266666666666666,1.3594226837158203,0.0135386492024982
COHFACE_s14_session3_natural,12,159,17.3,0.9070461988449097,0.017076099478328614
COHFACE_s14_session3_natural,12,160,17.333333333333332,0.36380675435066223,0.02245244804900079
COHFACE_s14_session3_natural,12,161,17.366666666666667,0.12927013635635376,0.02977675759613245
COHFACE_s14_session3_natural,12,162,17.4,0.21455617249011993,0.03860647311670193
COHFACE_s14_session3_natural,12,163,17.433333333333334,0.27784058451652527,0.04830705262901468
COHFACE_s14_session3_natural,12,164,17.466666666666665,0.1267877221107483,0.05812166800156762
COHFACE_s14_session3_natural,12,165,17.5,-0.15851925313472748,0.06712536521427172
COHFACE_s14_session3_natural,12,166,17.533333333333335,-0.45025327801704407,0.07446137236516792
COHFACE_s14_session3_natural,12,167,17.566666666666666,-0.6581634879112244,0.07994921955897706
COHFACE_s14_session3_natural,12,168,17.6,-0.793573796749115,0.08452077311575312
COHFACE_s14_session3_natural,12,169,17.633333333333333,-0.8857289552688599,0.08970250329999174
COHFACE_s14_session3_natural,12,170,17.666666666666668,-0.9838351011276245,0.09598716446880469
COHFACE_s14_session3_natural,12,171,17.7,-1.0910547971725464,0.10095971393867582
COHFACE_s14_session3_natural,12,172,17.733333333333334,-1.2001787424087524,0.09861507218507877
COHFACE_s14_session3_natural,12,173,17.766666666666666,-1.2801599502563477,0.08091651181177296
COHFACE_s14_session3_natural,12,174,17.8,-1.263565182685852,0.04139845864623595
COHFACE_s14_session3_natural,12,175,17.833333333333332,-0.8658356666564941,-0.02069723724567347
COHFACE_s14_session3_natural,12,176,17.866666666666667,0.14861932396888733,-0.09782962034804894
COHFACE_s14_session3_natural,12,177,17.9,1.1546409130096436,-0.17482150550595546
COHFACE_s14_session3_natural,12,178,17.933333333333334,1.4666422605514526,-0.2333067816293854
COHFACE_s14_session3_natural,12,179,17.966666666666665,1.2542093992233276,-0.2585563164875283
COHFACE_s14_session3_natural,12,180,18.0,0.8244125843048096,-0.2453432421137468
COHFACE_s14_session3_natural,12,181,18.033333333333335,0.30725544691085815,-0.1995129650603867
COHFACE_s14_session3_natural,12,182,18.066666666666666,0.04871087148785591,-0.1346270250455727
COHFACE_s14_session3_natural,12,183,18.1,0.1285560131072998,-0.0660946972389172
COHFACE_s14_session3_natural,12,184,18.133333333333333,0.24118256568908691,-0.006014491372482757
COHFACE_s14_session3_natural,12,185,18.166666666666668,0.10655439645051956,0.039299118823915374
COHFACE_s14_session3_natural,12,186,18.2,-0.17157739400863647,0.06890066830144771
COHFACE_s14_session3_natural,12,187,18.233333333333334,-0.451681524515152,0.08502586127057495
COHFACE_s14_session3_natural,12,188,18.266666666666666,-0.665100634098053,0.09072070892581563
COHFACE_s14_session3_natural,12,189,18.3,-0.8047956228256226,0.08847685979179488
COHFACE_s14_session3_natural,12,190,18.333333333333332,-0.8855589628219604,0.08013107089676291
COHFACE_s14_session3_natural,12,191,18.366666666666667,-0.9699608683586121,0.06745725749917762
COHFACE_s14_session3_natural,12,192,18.4,-1.0875861644744873,0.05264156155950268
COHFACE_s14_session3_natural,12,193,18.433333333333334,-1.188242793083191,0.03816699679894057
COHFACE_s14_session3_natural,12,194,18.466666666666665,-1.2334702014923096,0.026194231220012354
COHFACE_s14_session3_natural,12,195,18.5,-1.1715459823608398,0.01791407830633198
COHFACE_s14_session3_natural,12,196,18.533333333333335,-0.6250080466270447,0.013332200165297521
COHFACE_s14_session3_natural,12,197,18.566666666666666,0.5045559406280518,0.01159491309582144
COHFACE_s14_session3_natural,12,198,18.6,1.432024598121643,0.011561072412370048
COHFACE_s14_session3_natural,12,199,18.633333333333333,1.6743484735488892,0.012207752516205594
COHFACE_s14_session3_natural,12,200,18.666666666666668,1.497213363647461,0.01272926526920934
COHFACE_s14_session3_natural,12,201,18.7,1.1216895580291748,0.01251912251959268
COHFACE_s14_session3_natural,12,202,18.733333333333334,0.6239495873451233,0.011256703486394458
COHFACE_s14_session3_natural,12,203,18.766666666666666,0.33609217405319214,0.009087888225317317
COHFACE_s14_session3_natural,12,204,18.8,0.38074153661727905,0.006662175463232087
COHFACE_s14_session3_natural,12,205,18.833333333333332,0.4563019871711731,0.0048256288383847715
COHFACE_s14_session3_natural,12,206,18.866666666666667,0.30589520931243896,0.004093554639776849
COHFACE_s14_session3_natural,12,207,18.9,0.004605610389262438,0.0043042048507906
COHFACE_s14_session3_natural,12,208,18.933333333333334,-0.28049734234809875,0.004766268258946244
COHFACE_s14_session3_natural,12,209,18.966666666666665,-0.49170610308647156,0.004827960435570244
COHFACE_s14_session3_natural,12,210,19.0,-0.630856990814209,0.004430059387310642
COHFACE_s14_session3_natural,12,211,19.033333333333335,-0.722740113735199,0.004181078611383485
COHFACE_s14_session3_natural,12,212,19.066666666666666,-0.8183978796005249,0.004875952820135923
COHFACE_s14_session3_natural,12,213,19.1,-0.9407840371131897,0.006817132701873041
COHFACE_s14_session3_natural,12,214,19.133333333333333,-1.0471535921096802,0.00940310968993328
COHFACE_s14_session3_natural,12,215,19.166666666666668,-1.0992841720581055,0.011203371176839179
COHFACE_s14_session3_natural,12,216,19.2,-1.0310689210891724,0.01038621898015621
COHFACE_s14_session3_natural,12,217,19.233333333333334,-0.39713653922080994,0.005217285572564686
COHFACE_s14_session3_natural,12,218,19.266666666666666,0.7673512101173401,-0.005490749173473871
COHFACE_s14_session3_natural,12,219,19.3,1.6492183208465576,-0.021900790897251214
COHFACE_s14_session3_natural,12,220,19.333333333333332,1.8493412733078003,-0.042636614126980756
COHFACE_s14_session3_natural,12,221,19.366666666666667,1.6714580059051514,-0.0644917598033732
COHFACE_s14_session3_natural,12,222,19.4,1.302361249923706,-0.08280332022363485
COHFACE_s14_session3_natural,12,223,19.433333333333334,0.7629644870758057,-0.09271524047934059
COHFACE_s14_session3_natural,12,224,19.466666666666665,0.4953744113445282,-0.09093924197844407
COHFACE_s14_session3_natural,12,225,19.5,0.5464168190956116,-0.077103663188662
COHFACE_s14_session3_natural,12,226,19.533333333333335,0.5539660453796387,-0.05387142152610945
COHFACE_s14_session3_natural,12,227,19.566666666666666,0.3642828166484833,-0.025721030338840597
COHFACE_s14_session3_natural,12,228,19.6,0.07591535151004791,0.0028417322736582953
COHFACE_s14_session3_natural,12,229,19.633333333333333,-0.2121460735797882,0.028567892368565283
COHFACE_s14_session3_natural,12,230,19.666666666666668,-0.4293738305568695,0.049739489456567317
COHFACE_s14_session3_natural,12,231,19.7,-0.5395519733428955,0.06572643629956357
COHFACE_s14_session3_natural,12,232,19.733333333333334,-0.6337134838104248,0.07640016467567227
COHFACE_s14_session3_natural,12,233,19.766666666666666,-0.7471221685409546,0.08177000884383971
COHFACE_s14_session3_natural,12,234,19.8,-0.8710045218467712,0.08190468653187069
COHFACE_s14_session3_natural,12,235,19.833333333333332,-0.9952269792556763,0.0770168652896571
COHFACE_s14_session3_natural,12,236,19.866666666666667,-1.0587154626846313,0.06755967737908149
COHFACE_s14_session3_natural,12,237,19.9,-1.0349454879760742,0.054251477796457837
COHFACE_s14_session3_natural,12,238,19.933333333333334,-0.6237158179283142,0.03802516499364744
COHFACE_s14_session3_natural,12,239,19.966666666666665,0.4268871247768402,0.019954002148603392
COHFACE_s14_session3_natural,13,0,13.0,1.011613368988037,0.006993482094994409
COHFACE_s14_session3_natural,13,1,13.033333333333333,0.5261494517326355,2.698189164756527
COHFACE_s14_session3_natural,13,2,13.066666666666666,0.17851024866104126,4.974605921969264
COHFACE_s14_session3_natural,13,3,13.1,0.17048491537570953,6.522802449215267
COHFACE_s14_session3_natural,13,4,13.133333333333333,0.3000122308731079,7.203171128361846
COHFACE_s14_session3_natural,13,5,13.166666666666666,0.29834598302841187,7.067497009813284
COHFACE_s14_session3_natural,13,6,13.2,0.1055002212524414,6.316111844316778
COHFACE_s14_session3_natural,13,7,13.233333333333333,-0.1656264215707779,5.218440801216244
COHFACE_s14_session3_natural,13,8,13.266666666666667,-0.40424370765686035,4.0316391688135536
COHFACE_s14_session3_natural,13,9,13.3,-0.5620976686477661,2.943457419072332
COHFACE_s14_session3_natural,13,10,13.333333333333334,-0.6703035235404968,2.0500669804226312
COHFACE_s14_session3_natural,13,11,13.366666666666667,-0.750352680683136,1.3655072277984923
COHFACE_s14_session3_natural,13,12,13.4,-0.8046936392784119,0.8503980050159128
COHFACE_s14_session3_natural,13,13,13.433333333333334,-0.9099409580230713,0.4451232426604258
COHFACE_s14_session3_natural,13,14,13.466666666666667,-1.009271264076233,0.09600463598248235
COHFACE_s14_session3_natural,13,15,13.5,-1.0761603116989136,-0.2307545893274958
COHFACE_s14_session3_natural,13,16,13.533333333333333,-1.0317490100860596,-0.5466188891435246
COHFACE_s14_session3_natural,13,17,13.566666666666666,-0.5126195549964905,-0.8456621058558571
COHFACE_s14_session3_natural,13,18,13.6,0.566412091255188,-1.112520198611854
COHFACE_s14_session3_natural,13,19,13.633333333333333,1.4557604789733887,-1.3303163840611172
COHFACE_s14_session3_natural,13,20,13.666666666666666,1.648368239402771,-1.4867700940535937
COHFACE_s14_session3_natural,13,21,13.7,1.4089688062667847,-1.5775258928973621
COHFACE_s14_session3_natural,13,22,13.733333333333333,1.0070565938949585,-1.6065051699444768
COHFACE_s14_session3_natural,13,23,13.766666666666667,0.5513136386871338,-1.5838384701731945
COHFACE_s14_session3_natural,13,24,13.8,0.3498304486274719,-1.522501910168765
COHFACE_s14_session3_natural,13,25,13.833333333333334,0.4483106732368469,-1.434969399171499
COHFACE_s14_session3_natural,13,26,13.866666666666667,0.5424041748046875,-1.3309219865858166
COHFACE_s14_session3_natural,13,27,13.9,0.40777599811553955,-1.216455204176293
COHFACE_s14_session3_natural,13,28,13.933333333333334,0.1487213373184204,-1.0945696431819294
COHFACE_s14_session3_natural,13,29,13.966666666666667,-0.12771017849445343,-0.9663381872513507
COHFACE_s14_session3_natural,13,30,14.0,-0.33602845668792725,-0.8321603348871522
COHFACE_s14_session3_natural,13,31,14.033333333333333,-0.479804128408432,-0.6927573313243843
COHFACE_s14_session3_natural,13,32,14.066666666666666,-0.5594112277030945,-0.5497723317907743
COHFACE_s14_session3_natural,13,33,14.1,-0.6348356604576111,-0.40594761051308215
COHFACE_s14_session3_natural,13,34,14.133333333333333,-0.7481083273887634,-0.2649097753414513
COHFACE_s14_session3_natural,13,35,14.166666666666666,-0.8593746423721313,-0.13066044715447336
COHFACE_s14_session3_natural,13,36,14.2,-0.934561014175415,-0.006951312156433381
COHFACE_s14_session3_natural,13,37,14.233333333333333,-0.9186803698539734,0.10324911615695537
COHFACE_s14_session3_natural,13,38,14.266666666666667,-0.4753153920173645,0.19806670563032414
COHFACE_s14_session3_natural,13,39,14.3,0.6219092607498169,0.2768109335269494
COHFACE_s14_session3_natural,13,40,14.333333333333334,1.6861144304275513,0.339930001578458
COHFACE_s14_session3_natural,13,41,14.366666666666667,2.0680654048919678,0.38890297788816197
COHFACE_s14_session3_natural,13,42,14.4,1.9227254390716553,0.42603815160522407
COHFACE_s14_session3_natural,13,43,14.433333333333334,1.5639663934707642,0.45407563043864485
COHFACE_s14_session3_natural,13,44,14.466666666666667,1.0378997325897217,0.4755550521254599
COHFACE_s14_session3_natural,13,45,14.5,0.6596554517745972,0.49209048308083675
COHFACE_s14_session3_natural,13,46,14.533333333333333,0.6542485356330872,0.5038632865520384
COHFACE_s14_session3_natural,13,47,14.566666666666666,0.7619103193283081,0.5096063500103656
COHFACE_s14_session3_natural,13,48,14.6,0.6803648471832275,0.5070688028923025
COHFACE_s14_session3_natural,13,49,14.633333333333333,0.4190318286418915,0.49368863744943475
COHFACE_s14_session3_natural,13,50,14.666666666666666,0.08887148648500443,0.46721306984722594
COHFACE_s14_session3_natural,13,51,14.7,-0.1880020946264267,0.4262059109974878
COHFACE_s14_session3_natural,13,52,14.733333333333333,-0.3471482992172241,0.3705229298168961
COHFACE_s14_session3_natural,13,53,14.766666666666667,-0.4341006278991699,0.30176195437765674
COHFACE_s14_session3_natural,13,54,14.8,-0.5193526744842529,0.22347039020246892
COHFACE_s14_session3_natural,13,55,14.833333333333334,-0.6281365752220154,0.14085072498683066
COHFACE_s14_session3_natural,13,56,14.866666666666667,-0.7653831839561462,0.06000148579555967
COHFACE_s14_session3_natural,13,57,14.9,-0.8624351620674133,-0.013018229689756671
COHFACE_s14_session3_natural,13,58,14.933333333333334,-0.8678420186042786,-0.07312100383267556
COHFACE_s14_session3_natural,13,59,14.966666666666667,-0.6329313516616821,-0.11706731364892586
COHFACE_s14_session3_natural,13,60,15.0,0.2939252555370331,-0.14406026196698488
COHFACE_s14_session3_natural,13,61,15.033333333333333,1.5470315217971802,-0.15572798493610196
COHFACE_s14_session3_natural,13,62,15.066666666666666,2.214153289794922,-0.15547397659243992
COHFACE_s14_session3_natural,13,63,15.1,2.2048017978668213,-0.1475340613866331
COHFACE_s14_session3_natural,13,64,15.133333333333333,1.8794702291488647,-0.13606078722228226
COHFACE_s14_session3_natural,13,65,15.166666666666666,1.3489489555358887,-0.12437054178992876
COHFACE_s14_session3_natural,13,66,15.2,0.8772572875022888,-0.11446362675867032
COHFACE_s14_session3_natural,13,67,15.233333333333333,0.7469818592071533,-0.10695172969659239
COHFACE_s14_session3_natural,13,68,15.266666666666667,0.8226442933082581,-0.1014014361920969
COHFACE_s14_session3_natural,13,69,15.3,0.805437445640564,-0.09693244016953395
COHFACE_s14_session3_natural,13,70,15.333333333333334,0.5613792538642883,-0.0928526091214287
COHFACE_s14_session3_natural,13,71,15.366666666666667,0.23842810094356537,-0.08910248591144244
COHFACE_s14_session3_natural,13,72,15.4,-0.0422201007604599,-0.08626617902761279
COHFACE_s14_session3_natural,13,73,15.433333333333334,-0.2607400715351105,-0.08506922314024104
COHFACE_s14_session3_natural,13,74,15.466666666666667,-0.39070945978164673,-0.08567650115236075
COHFACE_s14_session3_natural,13,75,15.5,-0.47273096442222595,-0.08731693784074074
COHFACE_s14_session3_natural,13,76,15.533333333333333,-0.5711771845817566,-0.08849145654644255
COHFACE_s14_session3_natural,13,77,15.566666666666666,-0.7120283842086792,-0.08759004176401028
COHFACE_s14_session3_natural,13,78,15.6,-0.8315240740776062,-0.08357381378005281
COHFACE_s14_session3_natural,13,79,15.633333333333333,-0.8799139857292175,-0.07642292288123112
COHFACE_s14_session3_natural,13,80,15.666666666666666,-0.7889830470085144,-0.06712534309223206
COHFACE_s14_session3_natural,13,81,15.7,-0.1459711790084839,-0.0571379341442814
COHFACE_s14_session3_natural,13,82,15.733333333333333,1.0931588411331177,-0.04754468129960484
COHFACE_s14_session3_natural,13,83,15.766666666666667,2.0502803325653076,-0.038379249037948225
COHFACE_s14_session3_natural,13,84,15.8,2.2220427989959717,-0.028544251353797255
COHFACE_s14_session3_natural,13,85,15.833333333333334,1.964110255241394,-0.01641797556041691
COHFACE_s14_session3_natural,13,86,15.866666666666667,1.4773200750350952,-0.0007827614580081703
COHFACE_s14_session3_natural,13,87,15.9,0.9159216284751892,0.018505803148911933
COHFACE_s14_session3_natural,13,88,15.933333333333334,0.6541465520858765,0.040463257037645674
COHFACE_s14_session3_natural,13,89,15.966666666666667,0.7150845527648926,0.06344136124963733
COHFACE_s14_session3_natural,13,90,16.0,0.7519806623458862,0.08571836916196236
COHFACE_s14_session3_natural,13,91,16.033333333333335,0.568758487701416,0.10584234413191122
COHFACE_s14_session3_natural,13,92,16.066666666666666,0.23461948335170746,0.12263937710524839
COHFACE_s14_session3_natural,13,93,16.1,-0.07996631413698196,0.13506263810237812
COHFACE_s14_session3_natural,13,94,16.133333333333333,-0.3196377754211426,0.14208149025075742
COHFACE_s14_session3_natural,13,95,16.166666666666668,-0.4785119295120239,0.1426755797449858
COHFACE_s14_session3_natural,13,96,16.2,-0.5573028922080994,0.13590186276638344
COHFACE_s14_session3_natural,13,97,16.233333333333334,-0.6405826210975647,0.12101527364017828
COHFACE_s14_session3_natural,13,98,16.266666666666666,-0.7808557152748108,0.0976991432085329
COHFACE_s14_session3_natural,13,99,16.3,-0.9271137714385986,0.06648817749899974
COHFACE_s14_session3_natural,13,100,16.333333333333332,-1.0209012031555176,0.029344107958719227
COHFACE_s14_session3_natural,13,101,16.366666666666667,-1.040114402770996,-0.00994344630582997
COHFACE_s14_session3_natural,13,102,16.4,-0.7888810038566589,-0.046103558827010324
COHFACE_s14_session3_natural,13,103,16.433333333333334,0.119918592274189,-0.07378733662449241
COHFACE_s14_session3_natural,13,104,16.466666666666665,1.3309259414672852,-0.08949131227772114
COHFACE_s14_session3_natural,13,105,16.5,1.9925048351287842,-0.09285127488021283
COHFACE_s14_session3_natural,13,106,16.533333333333335,1.9373477697372437,-0.08649585571731783
COHFACE_s14_session3_natural,13,107,16.566666666666666,1.5479837656021118,-0.07459928402076815
COHFACE_s14_session3_natural,13,108,16.6,1.0002895593643188,-0.061036664336838235
COHFACE_s14_session3_natural,13,109,16.633333333333333,0.5331546068191528,-0.04814694672315543
COHFACE_s14_session3_natural,13,110,16.666666666666668,0.4512011408805847,-0.03656695565937673
COHFACE_s14_session3_natural,13,111,16.7,0.5471309423446655,-0.025910680138464145
COHFACE_s14_session3_natural,13,112,16.733333333333334,0.4915317893028259,-0.015729254038451726
COHFACE_s14_session3_natural,13,113,16.766666666666666,0.22122126817703247,-0.006238279918528722
COHFACE_s14_session3_natural,13,114,16.8,-0.11526412516832352,0.0014677131376309258
COHFACE_s14_session3_natural,13,115,16.833333333333332,-0.4055699110031128,0.005735554656474584
COHFACE_s14_session3_natural,13,116,16.866666666666667,-0.5970554351806641,0.005032240366030532
COHFACE_s14_session3_natural,13,117,16.9,-0.6986981630325317,-0.0012959233204232622
COHFACE_s14_session3_natural,13,118,16.933333333333334,-0.7937778234481812,-0.012472777702377688
COHFACE_s14_session3_natural,13,119,16.966666666666665,-0.8933802247047424,-0.02618497664192056
COHFACE_s14_session3_natural,13,120,17.0,-1.0169905424118042,-0.039042147898122596
COHFACE_s14_session3_natural,13,121,17.033333333333335,-1.1420972347259521,-0.04753352141080032
COHFACE_s14_session3_natural,13,122,17.066666666666666,-1.214699149131775,-0.04915558932685417
COHFACE_s14_session3_natural,13,123,17.1,-1.1777690649032593,-0.04322598672985216
COHFACE_s14_session3_natural,13,124,17.133333333333333,-0.703594982624054,-0.03098877881191839
COHFACE_s14_session3_natural,13,125,17.166666666666668,0.38216978311538696,-0.01497077739013416
COHFACE_s14_session3_natural,13,126,17.2,1.3589805364608765,0.0020121170506395363
COHFACE_s14_session3_natural,13,127,17.233333333333334,1.6065073013305664,0.017630600585087086
COHFACE_s14_session3_natural,13,128,17.266666666666666,1.3594226837158203,0.03031232909610852
COHFACE_s14_session3_natural,13,129,17.3,0.9070461988449097,0.03916427416932387
COHFACE_s14_session3_natural,13,130,17.333333333333332,0.36380675435066223,0.04390737944414403
COHFACE_s14_session3_natural,13,131,17.366666666666667,0.12927013635635376,0.04500892429464691
COHFACE_s14_session3_natural,13,132,17.4,0.21455617249011993,0.043822935661582504
COHFACE_s14_session3_natural,13,133,17.433333333333334,0.27784058451652527,0.042383892910767475
COHFACE_s14_session3_natural,13,134,17.466666666666665,0.1267877221107483,0.04277520064127908
COHFACE_s14_session3_natural,13,135,17.5,-0.15851925313472748,0.04642512083299269
COHFACE_s14_session3_natural,13,136,17.533333333333335,-0.45025327801704407,0.053821095014877945
COHFACE_s14_session3_natural,13,137,17.566666666666666,-0.6581634879112244,0.06479458962208468
COHFACE_s14_session3_natural,13,138,17.6,-0.793573796749115,0.07893271316995237
COHFACE_s14_session3_natural,13,139,17.633333333333333,-0.8857289552688599,0.09542129554581535
COHFACE_s14_session3_natural,13,140,17.666666666666668,-0.9838351011276245,0.11209940221411785
COHFACE_s14_session3_natural,13,141,17.7,-1.0910547971725464,0.12434932784343378
COHFACE_s14_session3_natural,13,142,17.733333333333334,-1.2001787424087524,0.12496642041435557
COHFACE_s14_session3_natural,13,143,17.766666666666666,-1.2801599502563477,0.10586697767926284
COHFACE_s14_session3_natural,13,144,17.8,-1.263565182685852,0.0614376951177482
COHFACE_s14_session3_natural,13,145,17.833333333333332,-0.8658356666564941,-0.007812473051766633
COHFACE_s14_session3_natural,13,146,17.866666666666667,0.14861932396888733,-0.09313502636398678
COHFACE_s14_session3_natural,13,147,17.9,1.1546409130096436,-0.17847573558517066
COHFACE_s14_session3_natural,13,148,17.933333333333334,1.4666422605514526,-0.24492442657734886
COHFACE_s14_session3_natural,13,149,17.966666666666665,1.2542093992233276,-0.2773666836933294
COHFACE_s14_session3_natural,13,150,18.0,0.8244125843048096,-0.27019367282033413
COHFACE_s14_session3_natural,13,151,18.033333333333335,0.30725544691085815,-0.22887011397339577
COHFACE_s14_session3_natural,13,152,18.066666666666666,0.04871087148785591,-0.16665815701346484
COHFACE_s14_session3_natural,13,153,18.1,0.1285560131072998,-0.09874635671146004
COHFACE_s14_session3_natural,13,154,18.133333333333333,0.24118256568908691,-0.037006800038913046
COHFACE_s14_session3_natural,13,155,18.166666666666668,0.10655439645051956,0.012487974894012923
COHFACE_s14_session3_natural,13,156,18.2,-0.17157739400863647,0.048930361304076096
COHFACE_s14_session3_natural,13,157,18.233333333333334,-0.451681524515152,0.07444167978749651
COHFACE_s14_session3_natural,13,158,18.266666666666666,-0.665100634098053,0.09159201986515672
COHFACE_s14_session3_natural,13,159,18.3,-0.8047956228256226,0.10195079918940973
COHFACE_s14_session3_natural,13,160,18.333333333333332,-0.8855589628219604,0.10596893494614266
COHFACE_s14_session3_natural,13,161,18.366666666666667,-0.9699608683586121,0.10373809527627662
COHFACE_s14_session3_natural,13,162,18.4,-1.0875861644744873,0.09585339576929332
COHFACE_s14_session3_natural,13,163,18.433333333333334,-1.188242793083191,0.08376891425844622
COHFACE_s14_session3_natural,13,164,18.466666666666665,-1.2334702014923096,0.06949516234684516
COHFACE_s14_session3_natural,13,165,18.5,-1.1715459823608398,0.054938051534268804
COHFACE_s14_session3_natural,13,166,18.533333333333335,-0.6250080466270447,0.04135435580176152
COHFACE_s14_session3_natural,13,167,18.566666666666666,0.5045559406280518,0.029214393812301422
COHFACE_s14_session3_natural,13,168,18.6,1.432024598121643,0.01838502635248776
COHFACE_s14_session3_natural,13,169,18.633333333333333,1.6743484735488892,0.008369185466309367
COHFACE_s14_session3_natural,13,170,18.666666666666668,1.497213363647461,-0.0014603239572879747
COHFACE_s14_session3_natural,13,171,18.7,1.1216895580291748,-0.011504350743146152
COHFACE_s14_session3_natural,13,172,18.733333333333334,0.6239495873451233,-0.021501627722775286
COHFACE_s14_session3_natural,13,173,18.766666666666666,0.33609217405319214,-0.030319732473947075
COHFACE_s14_session3_natural,13,174,18.8,0.38074153661727905,-0.03623499598344865
COHFACE_s14_session3_natural,13,175,18.833333333333332,0.4563019871711731,-0.0376451093503108
COHFACE_s14_session3_natural,13,176,18.866666666666667,0.30589520931243896,-0.0338398647296077
COHFACE_s14_session3_natural,13,177,18.9,0.004605610389262438,-0.02536964387238822
COHFACE_s14_session3_natural,13,178,18.933333333333334,-0.28049734234809875,-0.013775700080862352
COHFACE_s14_session3_natural,13,179,18.966666666666665,-0.49170610308647156,-0.0008482990202802196
COHFACE_s14_session3_natural,13,180,19.0,-0.630856990814209,0.01210052527735718
COHFACE_s14_session3_natural,13,181,19.033333333333335,-0.722740113735199,0.02447694173261118
COHFACE_s14_session3_natural,13,182,19.066666666666666,-0.8183978796005249,0.036065913175735674
COHFACE_s14_session3_natural,13,183,19.1,-0.9407840371131897,0.046441677277518745
COHFACE_s14_session3_natural,13,184,19.133333333333333,-1.0471535921096802,0.05457208148252309
COHFACE_s14_session3_natural,13,185,19.166666666666668,-1.0992841720581055,0.058841705102418276
COHFACE_s14_session3_natural,13,186,19.2,-1.0310689210891724,0.0573884521852362
COHFACE_s14_session3_natural,13,187,19.233333333333334,-0.39713653922080994,0.04851205103843092
COHFACE_s14_session3_natural,13,188,19.266666666666666,0.7673512101173401,0.03108397562028673
COHFACE_s14_session3_natural,13,189,19.3,1.6492183208465576,0.005094732837380276
COHFACE_s14_session3_natural,13,190,19.333333333333332,1.8493412733078003,-0.027608433330789897
COHFACE_s14_session3_natural,13,191,19.366666666666667,1.6714580059051514,-0.06273347594161824
COHFACE_s14_session3_natural,13,192,19.4,1.302361249923706,-0.09382161904313166
COHFACE_s14_session3_natural,13,193,19.433333333333334,0.7629644870758057,-0.11390147977421387
COHFACE_s14_session3_natural,13,194,19.466666666666665,0.4953744113445282,-0.11808499228394016
COHFACE_s14_session3_natural,13,195,19.5,0.5464168190956116,-0.10574274496157741
COHFACE_s14_session3_natural,13,196,19.533333333333335,0.5539660453796387,-0.08086577664086413
COHFACE_s14_session3_natural,13,197,19.566666666666666,0.3642828166484833,-0.0502455686284833
COHFACE_s14_session3_natural,13,198,19.6,0.07591535151004791,-0.02054931839494723
COHFACE_s14_session3_natural,13,199,19.633333333333333,-0.2121460735797882,0.003956850198756083
COHFACE_s14_session3_natural,13,200,19.666666666666668,-0.4293738305568695,0.0220014765933718
COHFACE_s14_session3_natural,13,201,19.7,-0.5395519733428955,0.03444247401309154
COHFACE_s14_session3_natural,13,202,19.733333333333334,-0.6337134838104248,0.04283391851750171
COHFACE_s14_session3_natural,13,203,19.766666666666666,-0.7471221685409546,0.048249549773660326
COHFACE_s14_session3_natural,13,204,19.8,-0.8710045218467712,0.05079859825411364
COHFACE_s14_session3_natural,13,205,19.833333333333332,-0.9952269792556763,0.04986126968429767
COHFACE_s14_session3_natural,13,206,19.866666666666667,-1.0587154626846313,0.04478654651608443
COHFACE_s14_session3_natural,13,207,19.9,-1.0349454879760742,0.03565169097271971
COHFACE_s14_session3_natural,13,208,19.933333333333334,-0.6237158179283142,0.023667125577478094
COHFACE_s14_session3_natural,13,209,19.966666666666665,0.4268871247768402,0.01097132979246893
COHFACE_s14_session3_natural,13,210,20.0,1.4737495183944702,-0.00011160232476152814
COHFACE_s14_session3_natural,13,211,20.033333333333335,1.8563125133514404,-0.007963001989667933
COHFACE_s14_session3_natural,13,212,20.066666666666666,1.7303897142410278,-0.012217675704294861
COHFACE_s14_session3_natural,13,213,20.1,1.3956046104431152,-0.013651119048124136
COHFACE_s14_session3_natural,13,214,20.133333333333333,0.8824601173400879,-0.013459169385607442
COHFACE_s14_session3_natural,13,215,20.166666666666668,0.5372353196144104,-0.012370374596083058
COHFACE_s14_session3_natural,13,216,20.2,0.5393776297569275,-0.010201465279301316
COHFACE_s14_session3_natural,13,217,20.233333333333334,0.5878016352653503,-0.006212296062745852
COHFACE_s14_session3_natural,13,218,20.266666666666666,0.43627268075942993,-1.1921049357682516e-05
COHFACE_s14_session3_natural,13,219,20.3,0.15426425635814667,0.007680919343123989
COHFACE_s14_session3_natural,13,220,20.333333333333332,-0.14644725620746613,0.014994954576803715
COHFACE_s14_session3_natural,13,221,20.366666666666667,-0.3830242156982422,0.01962219060080588
COHFACE_s14_session3_natural,13,222,20.4,-0.5317987203598022,0.019843835823649916
COHFACE_s14_session3_natural,13,223,20.433333333333334,-0.6332374215126038,0.015292024333030351
COHFACE_s14_session3_natural,13,224,20.466666666666665,-0.7169591784477234,0.0071404966476051835
COHFACE_s14_session3_natural,13,225,20.5,-0.8308099508285522,-0.0022364933994516107
COHFACE_s14_session3_natural,13,226,20.533333333333335,-0.9680564999580383,-0.009963459228846533
COHFACE_s14_session3_natural,13,227,20.566666666666666,-1.094217300415039,-0.013545217508386217
COHFACE_s14_session3_natural,13,228,20.6,-1.154203176498413,-0.011707522223800036
COHFACE_s14_session3_natural,13,229,20.633333333333333,-1.100168228149414,-0.004917833516114444
COHFACE_s14_session3_natural,13,230,20.666666666666668,-0.5788284540176392,0.004645478484101022
COHFACE_s14_session3_natural,13,231,20.7,0.5227488875389099,0.013747868830390851
COHFACE_s14_session3_natural,13,232,20.733333333333334,1.4454227685928345,0.019229349211802423
COHFACE_s14_session3_natural,13,233,20.766666666666666,1.6714240312576294,0.019231301610747552
COHFACE_s14_session3_natural,13,234,20.8,1.4858894348144531,0.013988763673280887
COHFACE_s14_session3_natural,13,235,20.833333333333332,1.0976475477218628,0.0057473264579565786
COHFACE_s14_session3_natural,13,236,20.866666666666667,0.5841630101203918,-0.0022502562941211167
COHFACE_s14_session3_natural,13,237,20.9,0.33809852600097656,-0.007270281318867255
COHFACE_s14_session3_natural,13,238,20.933333333333334,0.40015873312950134,-0.008344948627284755
COHFACE_s14_session3_natural,13,239,20.966666666666665,0.44542017579078674,-0.006633544904636254
COHFACE_s14_session3_natural,14,0,14.0,-0.33602845668792725,-0.013588769686300184
COHFACE_s14_session3_natural,14,1,14.033333333333333,-0.479804128408432,2.670938246572488
COHFACE_s14_session3_natural,14,2,14.066666666666666,-0.5594112277030945,4.93920509821692
COHFACE_s14_session3_natural,14,3,14.1,-0.6348356604576111,6.476747576869382
COHFACE_s14_session3_natural,14,4,14.133333333333333,-0.7481083273887634,7.144286191914139
COHFACE_s14_session3_natural,14,5,14.166666666666666,-0.8593746423721313,6.99528290696932
COHFACE_s14_session3_natural,14,6,14.2,-0.934561014175415,6.232701550032529
COHFACE_s14_session3_natural,14,7,14.233333333333333,-0.9186803698539734,5.129012820613725
COHFACE_s14_session3_natural,14,8,14.266666666666667,-0.4753153920173645,3.9442885034544295
COHFACE_s14_session3_natural,14,9,14.3,0.6219092607498169,2.8684584023353317
COHFACE_s14_session3_natural,14,10,14.333333333333334,1.6861144304275513,1.9983312588613789
COHFACE_s14_session3_natural,14,11,14.366666666666667,2.0680654048919678,1.3461793983184833
COHFACE_s14_session3_natural,14,12,14.4,1.9227254390716553,0.8681403572905741
COHFACE_s14_session3_natural,14,13,14.433333333333334,1.5639663934707642,0.4983368603236004
COHFACE_s14_session3_natural,14,14,14.466666666666667,1.0378997325897217,0.1772556720082998
COHFACE_s14_session3_natural,14,15,14.5,0.6596554517745972,-0.13183954620112665
COHFACE_s14_session3_natural,14,16,14.533333333333333,0.6542485356330872,-0.43929159362373127
COHFACE_s14_session3_natural,14,17,14.566666666666666,0.7619103193283081,-0.7351295440628418
COHFACE_s14_session3_natural,14,18,14.6,0.6803648471832275,-0.9999044496323644
COHFACE_s14_session3_natural,14,19,14.633333333333333,0.4190318286418915,-1.215412407502636
COHFACE_s14_session3_natural,14,20,14.666666666666666,0.08887148648500443,-1.3718159163158956
COHFACE_s14_session3_natural,14,21,14.7,-0.1880020946264267,-1.4697090083820477
COHFACE_s14_session3_natural,14,22,14.733333333333333,-0.3471482992172241,-1.517734103301308
COHFACE_s14_session3_natural,14,23,14.766666666666667,-0.4341006278991699,-1.5278213041336635
COHFACE_s14_session3_natural,14,24,14.8,-0.5193526744842529,-1.5105525317600892
COHFACE_s14_session3_natural,14,25,14.833333333333334,-0.6281365752220154,-1.4724739480956746
COHFACE_s14_session3_natural,14,26,14.866666666666667,-0.7653831839561462,-1.4158023473537307
COHFACE_s14_session3_natural,14,27,14.9,-0.8624351620674133,-1.3398020872087144
COHFACE_s14_session3_natural,14,28,14.933333333333334,-0.8678420186042786,-1.2427864627891263
COHFACE_s14_session3_natural,14,29,14.966666666666667,-0.6329313516616821,-1.1239476788419502
COHFACE_s14_session3_natural,14,30,15.0,0.2939252555370331,-0.9845129740756567
COHFACE_s14_session3_natural,14,31,15.033333333333333,1.5470315217971802,-0.8280021898943726
COHFACE_s14_session3_natural,14,32,15.066666666666666,2.214153289794922,-0.659716055604769
COHFACE_s14_session3_natural,14,33,15.1,2.2048017978668213,-0.4858562417591177
COHFACE_s14_session3_natural,14,34,15.133333333333333,1.8794702291488647,-0.31269019475485865
COHFACE_s14_session3_natural,14,35,15.166666666666666,1.3489489555358887,-0.1459793021828595
COHFACE_s14_session3_natural,14,36,15.2,0.8772572875022888,0.009334215201811331
COHFACE_s14_session3_natural,14,37,15.233333333333333,0.7469818592071533,0.14928551919610644
COHFACE_s14_session3_natural,14,38,15.266666666666667,0.8226442933082581,0.270937456003322
COHFACE_s14_session3_natural,14,39,15.3,0.805437445640564,0.37228938450413146
COHFACE_s14_session3_natural,14,40,15.333333333333334,0.5613792538642883,0.4520499812712895
COHFACE_s14_session3_natural,14,41,15.366666666666667,0.23842810094356537,0.5094351197894337
COHFACE_s14_session3_natural,14,42,15.4,-0.0422201007604599,0.5442676968782052
COHFACE_s14_session3_natural,14,43,15.433333333333334,-0.2607400715351105,0.5574839985540658
COHFACE_s14_session3_natural,14,44,15.466666666666667,-0.39070945978164673,0.5516944581743399
COHFACE_s14_session3_natural,14,45,15.5,-0.47273096442222595,0.5312017163045681
COHFACE_s14_session3_natural,14,46,15.533333333333333,-0.5711771845817566,0.5012112800083005
COHFACE_s14_session3_natural,14,47,15.566666666666666,-0.7120283842086792,0.4665371457352428
COHFACE_s14_session3_natural,14,48,15.6,-0.8315240740776062,0.4303943977554634
COHFACE_s14_session3_natural,14,49,15.633333333333333,-0.8799139857292175,0.3938047810607224
COHFACE_s14_session3_natural,14,50,15.666666666666666,-0.7889830470085144,0.355875485391056
COHFACE_s14_session3_natural,14,51,15.7,-0.1459711790084839,0.314851555109229
COHFACE_s14_session3_natural,14,52,15.733333333333333,1.0931588411331177,0.2694910653838529
COHFACE_s14_session3_natural,14,53,15.766666666666667,2.0502803325653076,0.22012869931237244
COHFACE_s14_session3_natural,14,54,15.8,2.2220427989959717,0.16890715825866026
COHFACE_s14_session3_natural,14,55,15.833333333333334,1.964110255241394,0.11907675452518818
COHFACE_s14_session3_natural,14,56,15.866666666666667,1.4773200750350952,0.07380227206833093
COHFACE_s14_session3_natural,14,57,15.9,0.9159216284751892,0.03517636378290358
COHFACE_s14_session3_natural,14,58,15.933333333333334,0.6541465520858765,0.0038925642536389547
COHFACE_s14_session3_natural,14,59,15.966666666666667,0.7150845527648926,-0.020463850153298033
COHFACE_s14_session3_natural,14,60,16.0,0.7519806623458862,-0.03888617561020871
COHFACE_s14_session3_natural,14,61,16.033333333333335,0.568758487701416,-0.05256962426470505
COHFACE_s14_session3_natural,14,62,16.066666666666666,0.23461948335170746,-0.06283491548762626
COHFACE_s14_session3_natural,14,63,16.1,-0.07996631413698196,-0.07120346088923048
COHFACE_s14_session3_natural,14,64,16.133333333333333,-0.3196377754211426,-0.07934636808200818
COHFACE_s14_session3_natural,14,65,16.166666666666668,-0.4785119295120239,-0.08876907680978284
COHFACE_s14_session3_natural,14,66,16.2,-0.5573028922080994,-0.10039541228681435
COHFACE_s14_session3_natural,14,67,16.233333333333334,-0.6405826210975647,-0.11435387943117681
COHFACE_s14_session3_natural,14,68,16.266666666666666,-0.7808557152748108,-0.13006134527604277
COHFACE_s14_session3_natural,14,69,16.3,-0.9271137714385986,-0.1464057228466633
COHFACE_s14_session3_natural,14,70,16.333333333333332,-1.0209012031555176,-0.16179594630576694
COHFACE_s14_session3_natural,14,71,16.366666666666667,-1.040114402770996,-0.17411039328615363
COHFACE_s14_session3_natural,14,72,16.4,-0.7888810038566589,-0.18087424704265914
COHFACE_s14_session3_natural,14,73,16.433333333333334,0.119918592274189,-0.179916254741844
COHFACE_s14_session3_natural,14,74,16.466666666666665,1.3309259414672852,-0.1702240601794995
COHFACE_s14_session3_natural,14,75,16.5,1.9925048351287842,-0.152365091566422
COHFACE_s14_session3_natural,14,76,16.533333333333335,1.9373477697372437,-0.12816595454832727
COHFACE_s14_session3_natural,14,77,16.566666666666666,1.5479837656021118,-0.09993159269614588
COHFACE_s14_session3_natural,14,78,16.6,1.0002895593643188,-0.0697157456307998
COHFACE_s14_session3_natural,14,79,16.633333333333333,0.5331546068191528,-0.038991843029225835
COHFACE_s14_session3_natural,14,80,16.666666666666668,0.4512011408805847,-0.008787989176961655
COHFACE_s14_session3_natural,14,81,16.7,0.5471309423446655,0.019885175248144787
COHFACE_s14_session3_natural,14,82,16.733333333333334,0.4915317893028259,0.04559978292154545
COHFACE_s14_session3_natural,14,83,16.766666666666666,0.22122126817703247,0.06634293760748369
COHFACE_s14_session3_natural,14,84,16.8,-0.11526412516832352,0.07977597864000317
COHFACE_s14_session3_natural,14,85,16.833333333333332,-0.4055699110031128,0.08389295412852296
COHFACE_s14_session3_natural,14,86,16.866666666666667,-0.5970554351806641,0.07784596580302432
COHFACE_s14_session3_natural,14,87,16.9,-0.6986981630325317,0.06259584444115401
COHFACE_s14_session3_natural,14,88,16.933333333333334,-0.7937778234481812,0.041095859011337714
COHFACE_s14_session3_natural,14,89,16.966666666666665,-0.8933802247047424,0.017851055693414254
COHFACE_s14_session3_natural,14,90,17.0,-1.0169905424118042,-0.0021483683259875485
COHFACE_s14_session3_natural,14,91,17.033333333333335,-1.1420972347259521,-0.014871608520488022
COHFACE_s14_session3_natural,14,92,17.066666666666666,-1.214699149131775,-0.018502296887820433
COHFACE_s14_session3_natural,14,93,17.1,-1.1777690649032593,-0.013861450456476373
COHFACE_s14_session3_natural,14,94,17.133333333333333,-0.703594982624054,-0.0037438898251845364
COHFACE_s14_session3_natural,14,95,17.166666666666668,0.38216978311538696,0.008472699960853362
COHFACE_s14_session3_natural,14,96,17.2,1.3589805364608765,0.02017866403520264
COHFACE_s14_session3_natural,14,97,17.233333333333334,1.6065073013305664,0.03015476766063014
COHFACE_s14_session3_natural,14,98,17.266666666666666,1.3594226837158203,0.03830998705625457
COHFACE_s14_session3_natural,14,99,17.3,0.9070461988449097,0.04496207861078534
COHFACE_s14_session3_natural,14,100,17.333333333333332,0.36380675435066223,0.05029227662849695
COHFACE_s14_session3_natural,14,101,17.366666666666667,0.12927013635635376,0.05432021331281154
COHFACE_s14_session3_natural,14,102,17.4,0.21455617249011993,0.05720883410534462
COHFACE_s14_session3_natural,14,103,17.433333333333334,0.27784058451652527,0.05940357889618274
COHFACE_s14_session3_natural,14,104,17.466666666666665,0.1267877221107483,0.061337440512976064
COHFACE_s14_session3_natural,14,105,17.5,-0.15851925313472748,0.06296301410593877
COHFACE_s14_session3_natural,14,106,17.533333333333335,-0.45025327801704407,0.06369475216348698
COHFACE_s14_session3_natural,14,107,17.566666666666666,-0.6581634879112244,0.06304028063056707
COHFACE_s14_session3_natural,14,108,17.6,-0.793573796749115,0.0613843496089832
COHFACE_s14_session3_natural,14,109,17.633333333333333,-0.8857289552688599,0.05994084332302383
COHFACE_s14_session3_natural,14,110,17.666666666666668,-0.9838351011276245,0.05946477629157188
COHFACE_s14_session3_natural,14,111,17.7,-1.0910547971725464,0.05844799454563675
COHFACE_s14_session3_natural,14,112,17.733333333333334,-1.2001787424087524,0.052248413999799105
COHFACE_s14_session3_natural,14,113,17.766666666666666,-1.2801599502563477,0.034307355632333864
COHFACE_s14_session3_natural,14,114,17.8,-1.263565182685852,-0.000640014908310627
COHFACE_s14_session3_natural,14,115,17.833333333333332,-0.8658356666564941,-0.05282281220508532
COHFACE_s14_session3_natural,14,116,17.866666666666667,0.14861932396888733,-0.11520684080639072
COHFACE_s14_session3_natural,14,117,17.9,1.1546409130096436,-0.17439533639480367
COHFACE_s14_session3_natural,14,118,17.933333333333334,1.4666422605514526,-0.2149898890433533
COHFACE_s14_session3_natural,14,119,17.966666666666665,1.2542093992233276,-0.2258088521729209
COHFACE_s14_session3_natural,14,120,18.0,0.8244125843048096,-0.20464402076913837
COHFACE_s14_session3_natural,14,121,18.033333333333335,0.30725544691085815,-0.15863164006474678
COHFACE_s14_session3_natural,14,122,18.066666666666666,0.04871087148785591,-0.10032211934844212
COHFACE_s14_session3_natural,14,123,18.1,0.1285560131072998,-0.04235199783404077
COHFACE_s14_session3_natural,14,124,18.133333333333333,0.24118256568908691,0.006369659652755542
COHFACE_s14_session3_natural,14,125,18.166666666666668,0.10655439645051956,0.04188270021982606
COHFACE_s14_session3_natural,14,126,18.2,-0.17157739400863647,0.06424266496579574
COHFACE_s14_session3_natural,14,127,18.233333333333334,-0.451681524515152,0.07553337915786348
COHFACE_s14_session3_natural,14,128,18.266666666666666,-0.665100634098053,0.07805399056769502
COHFACE_s14_session3_natural,14,129,18.3,-0.8047956228256226,0.07353043855582188
COHFACE_s14_session3_natural,14,130,18.333333333333332,-0.8855589628219604,0.06340098388769741
COHFACE_s14_session3_natural,14,131,18.366666666666667,-0.9699608683586121,0.049519947968892884
COHFACE_s14_session3_natural,14,132,18.4,-1.0875861644744873,0.034489858689027125
COHFACE_s14_session3_natural,14,133,18.433333333333334,-1.188242793083191,0.021246918098156202
COHFACE_s14_session3_natural,14,134,18.466666666666665,-1.2334702014923096,0.012132535715880322
COHFACE_s14_session3_natural,14,135,18.5,-1.1715459823608398,0.008079644909286381
COHFACE_s14_session3_natural,14,136,18.533333333333335,-0.6250080466270447,0.008475198793419214
COHFACE_s14_session3_natural,14,137,18.566666666666666,0.5045559406280518,0.011776276756600115
COHFACE_s14_session3_natural,14,138,18.6,1.432024598121643,0.01639094744733107
COHFACE_s14_session3_natural,14,139,18.633333333333333,1.6743484735488892,0.02119101140094907
COHFACE_s14_session3_natural,14,140,18.666666666666668,1.497213363647461,0.025475386731143905
COHFACE_s14_session3_natural,14,141,18.7,1.1216895580291748,0.028720777945728155
COHFACE_s14_session3_natural,14,142,18.733333333333334,0.6239495873451233,0.030492371096002387
COHFACE_s14_session3_natural,14,143,18.766666666666666,0.33609217405319214,0.030561399736428983
COHFACE_s14_session3_natural,14,144,18.8,0.38074153661727905,0.029007843202037628
COHFACE_s14_session3_natural,14,145,18.833333333333332,0.4563019871711731,0.02610600605014075
COHFACE_s14_session3_natural,14,146,18.866666666666667,0.30589520931243896,0.022055330086087892
COHFACE_s14_session3_natural,14,147,18.9,0.004605610389262438,0.016841109303730957
COHFACE_s14_session3_natural,14,148,18.933333333333334,-0.28049734234809875,0.010438837532942027
COHFACE_s14_session3_natural,14,149,18.966666666666665,-0.49170610308647156,0.003263361108752483
COHFACE_s14_session3_natural,14,150,19.0,-0.630856990814209,-0.003530057137313474
COHFACE_s14_session3_natural,14,151,19.033333333333335,-0.722740113735199,-0.00827144833618013
COHFACE_s14_session3_natural,14,152,19.066666666666666,-0.8183978796005249,-0.00952133872378898
COHFACE_s14_session3_natural,14,153,19.1,-0.9407840371131897,-0.006902748265320563
COHFACE_s14_session3_natural,14,154,19.133333333333333,-1.0471535921096802,-0.0014986184998975025
COHFACE_s14_session3_natural,14,155,19.166666666666668,-1.0992841720581055,0.004409864584170814
COHFACE_s14_session3_natural,14,156,19.2,-1.0310689210891724,0.008050511401484913
COHFACE_s14_session3_natural,14,157,19.233333333333334,-0.39713653922080994,0.006909801336903959
COHFACE_s14_session3_natural,14,158,19.266666666666666,0.7673512101173401,-0.0006608371610392783
COHFACE_s14_session3_natural,14,159,19.3,1.6492183208465576,-0.014897436821851814
COHFACE_s14_session3_natural,14,160,19.333333333333332,1.8493412733078003,-0.03411278048765417
COHFACE_s14_session3_natural,14,161,19.366666666666667,1.6714580059051514,-0.054526516724883824
COHFACE_s14_session3_natural,14,162,19.4,1.302361249923706,-0.07093971579091378
COHFACE_s14_session3_natural,14,163,19.433333333333334,0.7629644870758057,-0.07840417493051827
COHFACE_s14_session3_natural,14,164,19.466666666666665,0.4953744113445282,-0.07418892478967268
COHFACE_s14_session3_natural,14,165,19.5,0.5464168190956116,-0.05887275805184633
COHFACE_s14_session3_natural,14,166,19.533333333333335,0.5539660453796387,-0.03593470614758928
COHFACE_s14_session3_natural,14,167,19.566666666666666,0.3642828166484833,-0.01023183771533238
COHFACE_s14_session3_natural,14,168,19.6,0.07591535151004791,0.013662668938195724
COHFACE_s14_session3_natural,14,169,19.633333333333333,-0.2121460735797882,0.032451371649357644
COHFACE_s14_session3_natural,14,170,19.666666666666668,-0.4293738305568695,0.044276313946621355
COHFACE_s14_session3_natural,14,171,19.7,-0.5395519733428955,0.04845375959290395
COHFACE_s14_session3_natural,14,172,19.733333333333334,-0.6337134838104248,0.04522361642619998
COHFACE_s14_session3_natural,14,173,19.766666666666666,-0.7471221685409546,0.035649068503383195
COHFACE_s14_session3_natural,14,174,19.8,-0.8710045218467712,0.02153313486112114
COHFACE_s14_session3_natural,14,175,19.833333333333332,-0.9952269792556763,0.005184241812508506
COHFACE_s14_session3_natural,14,176,19.866666666666667,-1.0587154626846313,-0.010974666374664065
COHFACE_s14_session3_natural,14,177,19.9,-1.0349454879760742,-0.024804685104011393
COHFACE_s14_session3_natural,14,178,19.933333333333334,-0.6237158179283142,-0.03472333578089365
COHFACE_s14_session3_natural,14,179,19.966666666666665,0.4268871247768402,-0.039828167320397054
COHFACE_s14_session3_natural,14,180,20.0,1.4737495183944702,-0.039913032649463866
COHFACE_s14_session3_natural,14,181,20.033333333333335,1.8563125133514404,-0.03541175827077623
COHFACE_s14_session3_natural,14,182,20.066666666666666,1.7303897142410278,-0.027269514257648706
COHFACE_s14_session3_natural,14,183,20.1,1.3956046104431152,-0.016709132918732866
COHFACE_s14_session3_natural,14,184,20.133333333333333,0.8824601173400879,-0.004869573396468973
COHFACE_s14_session3_natural,14,185,20.166666666666668,0.5372353196144104,0.007579082618611884
COHFACE_s14_session3_natural,14,186,20.2,0.5393776297569275,0.020550698725678097
COHFACE_s14_session3_natural,14,187,20.233333333333334,0.5878016352653503,0.0341346243464212
COHFACE_s14_session3_natural,14,188,20.266666666666666,0.43627268075942993,0.047814174394841515
COHFACE_s14_session3_natural,14,189,20.3,0.15426425635814667,0.05987781937123441
COHFACE_s14_session3_natural,14,190,20.333333333333332,-0.14644725620746613,0.06759119458876993
COHFACE_s14_session3_natural,14,191,20.366666666666667,-0.3830242156982422,0.06824644017575278
COHFACE_s14_session3_natural,14,192,20.4,-0.5317987203598022,0.06059088864891188
COHFACE_s14_session3_natural,14,193,20.433333333333334,-0.6332374215126038,0.04580480078876182
COHFACE_s14_session3_natural,14,194,20.466666666666665,-0.7169591784477234,0.027416332551452743
COHFACE_s14_session3_natural,14,195,20.5,-0.8308099508285522,0.010134978433039819
COHFACE_s14_session3_natural,14,196,20.533333333333335,-0.9680564999580383,-0.0018444476242306675
COHFACE_s14_session3_natural,14,197,20.566666666666666,-1.094217300415039,-0.006284310287485597
COHFACE_s14_session3_natural,14,198,20.6,-1.154203176498413,-0.003516458617627703
COHFACE_s14_session3_natural,14,199,20.633333333333333,-1.100168228149414,0.003893765706652792
COHFACE_s14_session3_natural,14,200,20.666666666666668,-0.5788284540176392,0.012133972116238496
COHFACE_s14_session3_natural,14,201,20.7,0.5227488875389099,0.01731329341714253
COHFACE_s14_session3_natural,14,202,20.733333333333334,1.4454227685928345,0.0164508860061367
COHFACE_s14_session3_natural,14,203,20.766666666666666,1.6714240312576294,0.008148934642880282
COHFACE_s14_session3_natural,14,204,20.8,1.4858894348144531,-0.007035987709044496
COHFACE_s14_session3_natural,14,205,20.833333333333332,1.0976475477218628,-0.026524994963994387
COHFACE_s14_session3_natural,14,206,20.866666666666667,0.5841630101203918,-0.0460752782809228
COHFACE_s14_session3_natural,14,207,20.9,0.33809852600097656,-0.06073274079466302
COHFACE_s14_session3_natural,14,208,20.933333333333334,0.40015873312950134,-0.06635439749475329
COHFACE_s14_session3_natural,14,209,20.966666666666665,0.44542017579078674,-0.061244688379779526
COHFACE_s14_session3_natural,14,210,21.0,0.27097147703170776,-0.047056196581557866
COHFACE_s14_session3_natural,14,211,21.033333333333335,-0.024061109870672226,-0.02829923946592619
COHFACE_s14_session3_natural,14,212,21.066666666666666,-0.31654325127601624,-0.010689174770504616
COHFACE_s14_session3_natural,14,213,21.1,-0.5236373543739319,0.0007572404539786198
COHFACE_s14_session3_natural,14,214,21.133333333333333,-0.6604759097099304,0.0031778281489714634
COHFACE_s14_session3_natural,14,215,21.166666666666668,-0.7364444136619568,-0.003333356335143208
COHFACE_s14_session3_natural,14,216,21.2,-0.7991847395896912,-0.01574672424570005
COHFACE_s14_session3_natural,14,217,21.233333333333334,-0.9084787368774414,-0.02914961138295881
COHFACE_s14_session3_natural,14,218,21.266666666666666,-1.0358636379241943,-0.038617238441017526
COHFACE_s14_session3_natural,14,219,21.3,-1.157977819442749,-0.04110579160258935
COHFACE_s14_session3_natural,14,220,21.333333333333332,-1.2281653881072998,-0.03642298688125475
COHFACE_s14_session3_natural,14,221,21.366666666666667,-1.2228604555130005,-0.026810101972806345
COHFACE_s14_session3_natural,14,222,21.4,-0.7867386937141418,-0.015498439373830287
COHFACE_s14_session3_natural,14,223,21.433333333333334,0.228056401014328,-0.005151640210906435
COHFACE_s14_session3_natural,14,224,21.466666666666665,1.1378082036972046,0.003041933421475761
COHFACE_s14_session3_natural,14,225,21.5,1.3844847679138184,0.009418538074119697
COHFACE_s14_session3_natural,14,226,21.533333333333335,1.1867082118988037,0.015271639583457211
COHFACE_s14_session3_natural,14,227,21.566666666666666,0.8234264254570007,0.022058488035588148
COHFACE_s14_session3_natural,14,228,21.6,0.35166674852371216,0.030689578314089264
COHFACE_s14_session3_natural,14,229,21.633333333333333,0.10407198965549469,0.04106538922200752
COHFACE_s14_session3_natural,14,230,21.666666666666668,0.1750756800174713,0.05194825162761274
COHFACE_s14_session3_natural,14,231,21.7,0.25260844826698303,0.06123286915513289
COHFACE_s14_session3_natural,14,232,21.733333333333334,0.12233299016952515,0.06661293552168585
COHFACE_s14_session3_natural,14,233,21.766666666666666,-0.13801386952400208,0.06646598863054032
COHFACE_s14_session3_natural,14,234,21.8,-0.397952675819397,0.06055929992348256
COHFACE_s14_session3_natural,14,235,21.833333333333332,-0.5873298645019531,0.05016110711938126
COHFACE_s14_session3_natural,14,236,21.866666666666667,-0.7168911695480347,0.03745641035123971
COHFACE_s14_session3_natural,14,237,21.9,-0.8043875694274902,0.024580022079450325
COHFACE_s14_session3_natural,14,238,21.933333333333334,-0.8721607327461243,0.012776017694987039
COHFACE_s14_session3_natural,14,239,21.966666666666665,-0.9388797283172607,0.0020947116525561345
COHFACE_s14_session3_natural,15,0,15.0,0.2939252555370331,0.005074240608360485
COHFACE_s14_session3_natural,15,1,15.033333333333333,1.5470315217971802,2.7039696751405558
COHFACE_s14_session3_natural,15,2,15.066666666666666,2.214153289794922,4.986280178510169
COHFACE_s14_session3_natural,15,3,15.1,2.2048017978668213,6.536688915443313
COHFACE_s14_session3_natural,15,4,15.133333333333333,1.8794702291488647,7.214011787177014
COHFACE_s14_session3_natural,15,5,15.166666666666666,1.3489489555358887,7.069416824394496
COHFACE_s14_session3_natural,15,6,15.2,0.8772572875022888,6.304377334183674
COHFACE_s14_session3_natural,15,7,15.233333333333333,0.7469818592071533,5.191684739642262
COHFACE_s14_session3_natural,15,8,15.266666666666667,0.8226442933082581,3.9937645482092092
COHFACE_s14_session3_natural,15,9,15.3,0.805437445640564,2.9041914054482474
COHFACE_s14_session3_natural,15,10,15.333333333333334,0.5613792538642883,2.023237808120557
COHFACE_s14_session3_natural,15,11,15.366666666666667,0.23842810094356537,1.3648363649114963
COHFACE_s14_session3_natural,15,12,15.4,-0.0422201007604599,0.8840219242785116
COHFACE_s14_session3_natural,15,13,15.433333333333334,-0.2607400715351105,0.5113756594076
COHFACE_s14_session3_natural,15,14,15.466666666666667,-0.39070945978164673,0.18292206832754662
COHFACE_s14_session3_natural,15,15,15.5,-0.47273096442222595,-0.14152601116195984
COHFACE_s14_session3_natural,15,16,15.533333333333333,-0.5711771845817566,-0.47330099149225546
COHFACE_s14_session3_natural,15,17,15.566666666666666,-0.7120283842086792,-0.8004861844103581
COHFACE_s14_session3_natural,15,18,15.6,-0.8315240740776062,-1.0992134275560281
COHFACE_s14_session3_natural,15,19,15.633333333333333,-0.8799139857292175,-1.3454145474978167
COHFACE_s14_session3_natural,15,20,15.666666666666666,-0.7889830470085144,-1.5231605635251366
COHFACE_s14_session3_natural,15,21,15.7,-0.1459711790084839,-1.62791757726244
COHFACE_s14_session3_natural,15,22,15.733333333333333,1.0931588411331177,-1.6652156887069436
COHFACE_s14_session3_natural,15,23,15.766666666666667,2.0502803325653076,-1.6466707949137611
COHFACE_s14_session3_natural,15,24,15.8,2.2220427989959717,-1.5856598102364574
COHFACE_s14_session3_natural,15,25,15.833333333333334,1.964110255241394,-1.494285246903212
COHFACE_s14_session3_natural,15,26,15.866666666666667,1.4773200750350952,-1.3820558942864816
COHFACE_s14_session3_natural,15,27,15.9,0.9159216284751892,-1.2557582157152376
COHFACE_s14_session3_natural,15,28,15.933333333333334,0.6541465520858765,-1.119817487066458
COHFACE_s14_session3_natural,15,29,15.966666666666667,0.7150845527648926,-0.9768081086003929
COHFACE_s14_session3_natural,15,30,16.0,0.7519806623458862,-0.8281230233530756
COHFACE_s14_session3_natural,15,31,16.033333333333335,0.568758487701416,-0.674859997558457
COHFACE_s14_session3_natural,15,32,16.066666666666666,0.23461948335170746,-0.5187573850634807
COHFACE_s14_session3_natural,15,33,16.1,-0.07996631413698196,-0.3627957737223961
COHFACE_s14_session3_natural,15,34,16.133333333333333,-0.3196377754211426,-0.2111471459015483
COHFACE_s14_session3_natural,15,35,16.166666666666668,-0.4785119295120239,-0.06850466665830732
COHFACE_s14_session3_natural,15,36,16.2,-0.5573028922080994,0.060777155770630614
COHFACE_s14_session3_natural,15,37,16.233333333333334,-0.6405826210975647,0.173226298241785
COHFACE_s14_session3_natural,15,38,16.266666666666666,-0.7808557152748108,0.26635238568695585
COHFACE_s14_session3_natural,15,39,16.3,-0.9271137714385986,0.33863115294658097
COHFACE_s14_session3_natural,15,40,16.333333333333332,-1.0209012031555176,0.38978125520812873
COHFACE_s14_session3_natural,15,41,16.366666666666667,-1.040114402770996,0.4213320067532457
COHFACE_s14_session3_natural,15,42,16.4,-0.7888810038566589,0.4369161657763673
COHFACE_s14_session3_natural,15,43,16.433333333333334,0.119918592274189,0.4416608852474444
COHFACE_s14_session3_natural,15,44,16.466666666666665,1.3309259414672852,0.4407437769534569
COHFACE_s14_session3_natural,15,45,16.5,1.9925048351287842,0.4378968937169882
COHFACE_s14_session3_natural,15,46,16.533333333333335,1.9373477697372437,0.43462371794750515
COHFACE_s14_session3_natural,15,47,16.566666666666666,1.5479837656021118,0.4303361642636376
COHFACE_s14_session3_natural,15,48,16.6,1.0002895593643188,0.42310932848952804
COHFACE_s14_session3_natural,15,49,16.633333333333333,0.5331546068191528,0.4105729254373633
COHFACE_s14_session3_natural,15,50,16.666666666666668,0.4512011408805847,0.3905936236025897
COHFACE_s14_session3_natural,15,51,16.7,0.5471309423446655,0.36166931125232893
COHFACE_s14_session3_natural,15,52,16.733333333333334,0.4915317893028259,0.3231452314756313
COHFACE_s14_session3_natural,15,53,16.766666666666666,0.22122126817703247,0.2753745299780624
COHFACE_s14_session3_natural,15,54,16.8,-0.11526412516832352,0.21982285038202554
COHFACE_s14_session3_natural,15,55,16.833333333333332,-0.4055699110031128,0.1590108805276153
COHFACE_s14_session3_natural,15,56,16.866666666666667,-0.5970554351806641,0.09622127959528151
COHFACE_s14_session3_natural,15,57,16.9,-0.6986981630325317,0.035028018438476825
COHFACE_s14_session3_natural,15,58,16.933333333333334,-0.7937778234481812,-0.021189737484599354
COHFACE_s14_session3_natural,15,59,16.966666666666665,-0.8933802247047424,-0.06961577863724282
COHFACE_s14_session3_natural,15,60,17.0,-1.0169905424118042,-0.10825848511293093
COHFACE_s14_session3_natural,15,61,17.033333333333335,-1.1420972347259521,-0.1361893204098649
COHFACE_s14_session3_natural,15,62,17.066666666666666,-1.214699149131775,-0.1537214935855758
COHFACE_s14_session3_natural,15,63,17.1,-1.1777690649032593,-0.16234388464838548
COHFACE_s14_session3_natural,15,64,17.133333333333333,-0.703594982624054,-0.1642658540308481
COHFACE_s14_session3_natural,15,65,17.166666666666668,0.38216978311538696,-0.1616724282340344
COHFACE_s14_session3_natural,15,66,17.2,1.3589805364608765,-0.1560597713623005
COHFACE_s14_session3_natural,15,67,17.233333333333334,1.6065073013305664,-0.14804040758993584
COHFACE_s14_session3_natural,15,68,17.266666666666666,1.3594226837158203,-0.1376774536027365
COHFACE_s14_session3_natural,15,69,17.3,0.9070461988449097,-0.12501887154768104
COHFACE_s14_session3_natural,15,70,17.333333333333332,0.36380675435066223,-0.11040714425560562
COHFACE_s14_session3_natural,15,71,17.366666666666667,0.12927013635635376,-0.09438984156953911
COHFACE_s14_session3_natural,15,72,17.4,0.21455617249011993,-0.07743476437549605
COHFACE_s14_session3_natural,15,73,17.433333333333334,0.27784058451652527,-0.05980460943251067
COHFACE_s14_session3_natural,15,74,17.466666666666665,0.1267877221107483,-0.041704053973907376
COHFACE_s14_session3_natural,15,75,17.5,-0.15851925313472748,-0.023449821930741657
COHFACE_s14_session3_natural,15,76,17.533333333333335,-0.45025327801704407,-0.005326900714691874
COHFACE_s14_session3_natural,15,77,17.566666666666666,-0.6581634879112244,0.012869936712757529
COHFACE_s14_session3_natural,15,78,17.6,-0.793573796749115,0.032082668903940154
COHFACE_s14_session3_natural,15,79,17.633333333333333,-0.8857289552688599,0.05336830424632229
COHFACE_s14_session3_natural,15,80,17.666666666666668,-0.9838351011276245,0.07635603958000156
COHFACE_s14_session3_natural,15,81,17.7,-1.0910547971725464,0.09762842404521035
COHFACE_s14_session3_natural,15,82,17.733333333333334,-1.2001787424087524,0.11032784817224946
COHFACE_s14_session3_natural,15,83,17.766666666666666,-1.2801599502563477,0.10587362043421772
COHFACE_s14_session3_natural,15,84,17.8,-1.263565182685852,0.0775136053886469
COHFACE_s14_session3_natural,15,85,17.833333333333332,-0.8658356666564941,0.02426406904031754
COHFACE_s14_session3_natural,15,86,17.866666666666667,0.14861932396888733,-0.04666382145947486
COHFACE_s14_session3_natural,15,87,17.9,1.1546409130096436,-0.12049580603719146
COHFACE_s14_session3_natural,15,88,17.933333333333334,1.4666422605514526,-0.1790995292817505
COHFACE_s14_session3_natural,15,89,17.966666666666665,1.2542093992233276,-0.20752276041271966
COHFACE_s14_session3_natural,15,90,18.0,0.8244125843048096,-0.1997579983426052
COHFACE_s14_session3_natural,15,91,18.033333333333335,0.30725544691085815,-0.1605026908534436
COHFACE_s14_session3_natural,15,92,18.066666666666666,0.04871087148785591,-0.10214165108002392
COHFACE_s14_session3_natural,15,93,18.1,0.1285560131072998,-0.03912437809279799
COHFACE_s14_session3_natural,15,94,18.133333333333333,0.24118256568908691,0.017103249970789932
COHFACE_s14_session3_natural,15,95,18.166666666666668,0.10655439645051956,0.06052011534998917
COHFACE_s14_session3_natural,15,96,18.2,-0.17157739400863647,0.09005271337727784
COHFACE_s14_session3_natural,15,97,18.233333333333334,-0.451681524515152,0.10739720662495285
COHFACE_s14_session3_natural,15,98,18.266666666666666,-0.665100634098053,0.11476555066854126
COHFACE_s14_session3_natural,15,99,18.3,-0.8047956228256226,0.1136805476887483
COHFACE_s14_session3_natural,15,100,18.333333333333332,-0.8855589628219604,0.10504263715025515
COHFACE_s14_session3_natural,15,101,18.366666666666667,-0.9699608683586121,0.089927627693657
COHFACE_s14_session3_natural,15,102,18.4,-1.0875861644744873,0.0702965268511367
COHFACE_s14_session3_natural,15,103,18.433333333333334,-1.188242793083191,0.049040799888977166
COHFACE_s14_session3_natural,15,104,18.466666666666665,-1.2334702014923096,0.02932168106150806
COHFACE_s14_session3_natural,15,105,18.5,-1.1715459823608398,0.013634015502572486
COHFACE_s14_session3_natural,15,106,18.533333333333335,-0.6250080466270447,0.003153513639254223
COHFACE_s14_session3_natural,15,107,18.566666666666666,0.5045559406280518,-0.0023203120058846944
COHFACE_s14_session3_natural,15,108,18.6,1.432024598121643,-0.003932894658153424
COHFACE_s14_session3_natural,15,109,18.633333333333333,1.6743484735488892,-0.003216989009653627
COHFACE_s14_session3_natural,15,110,18.666666666666668,1.497213363647461,-0.0016752025985775632
COHFACE_s14_session3_natural,15,111,18.7,1.1216895580291748,-0.0005175815769501019
COHFACE_s14_session3_natural,15,112,18.733333333333334,0.6239495873451233,-0.0004512914934499733
COHFACE_s14_session3_natural,15,113,18.766666666666666,0.33609217405319214,-0.001505410895409577
COHFACE_s14_session3_natural,15,114,18.8,0.38074153661727905,-0.003032937974777492
COHFACE_s14_session3_natural,15,115,18.833333333333332,0.4563019871711731,-0.004036975505527551
COHFACE_s14_session3_natural,15,116,18.866666666666667,0.30589520931243896,-0.003731266496958827
COHFACE_s14_session3_natural,15,117,18.9,0.004605610389262438,-0.0019981260216370826
COHFACE_s14_session3_natural,15,118,18.933333333333334,-0.28049734234809875,0.0005815089817562829
COHFACE_s14_session3_natural,15,119,18.966666666666665,-0.49170610308647156,0.0031741277678168306
COHFACE_s14_session3_natural,15,120,19.0,-0.630856990814209,0.0053177448214346635
COHFACE_s14_session3_natural,15,121,19.033333333333335,-0.722740113735199,0.007271071604867897
COHFACE_s14_session3_natural,15,122,19.066666666666666,-0.8183978796005249,0.009810388746764181
COHFACE_s14_session3_natural,15,123,19.1,-0.9407840371131897,0.013578364942978429
COHFACE_s14_session3_natural,15,124,19.133333333333333,-1.0471535921096802,0.01840438714142046
COHFACE_s14_session3_natural,15,125,19.166666666666668,-1.0992841720581055,0.023016719317668827
COHFACE_s14_session3_natural,15,126,19.2,-1.0310689210891724,0.02524805873560205
COHFACE_s14_session3_natural,15,127,19.233333333333334,-0.39713653922080994,0.022560826669221212
COHFACE_s14_session3_natural,15,128,19.266666666666666,0.7673512101173401,0.012758792076980078
COHFACE_s14_session3_natural,15,129,19.3,1.6492183208465576,-0.005126474727550354
COHFACE_s14_session3_natural,15,130,19.333333333333332,1.8493412733078003,-0.02990347355670271
COHFACE_s14_session3_natural,15,131,19.366666666666667,1.6714580059051514,-0.05768218967275903
COHFACE_s14_session3_natural,15,132,19.4,1.302361249923706,-0.08234926760051985
COHFACE_s14_session3_natural,15,133,19.433333333333334,0.7629644870758057,-0.09735357327326499
COHFACE_s14_session3_natural,15,134,19.466666666666665,0.4953744113445282,-0.09825377055276255
COHFACE_s14_session3_natural,15,135,19.5,0.5464168190956116,-0.08473222930943466
COHFACE_s14_session3_natural,15,136,19.533333333333335,0.5539660453796387,-0.060821379123595934
COHFACE_s14_session3_natural,15,137,19.566666666666666,0.3642828166484833,-0.03306841117645429
COHFACE_s14_session3_natural,15,138,19.6,0.07591535151004791,-0.007725491900204927
COHFACE_s14_session3_natural,15,139,19.633333333333333,-0.2121460735797882,0.011357921385669614
COHFACE_s14_session3_natural,15,140,19.666666666666668,-0.4293738305568695,0.023236828989024138
COHFACE_s14_session3_natural,15,141,19.7,-0.5395519733428955,0.0290791193805972
COHFACE_s14_session3_natural,15,142,19.733333333333334,-0.6337134838104248,0.03091593050809563
COHFACE_s14_session3_natural,15,143,19.766666666666666,-0.7471221685409546,0.030597294459465577
COHFACE_s14_session3_natural,15,144,19.8,-0.8710045218467712,0.029268476327351765
COHFACE_s14_session3_natural,15,145,19.833333333333332,-0.9952269792556763,0.0273784834810634
COHFACE_s14_session3_natural,15,146,19.866666666666667,-1.0587154626846313,0.025007300067608856
COHFACE_s14_session3_natural,15,147,19.9,-1.0349454879760742,0.02221095380633178
COHFACE_s14_session3_natural,15,148,19.933333333333334,-0.6237158179283142,0.019160292988672115
COHFACE_s14_session3_natural,15,149,19.966666666666665,0.4268871247768402,0.016031971445916973
COHFACE_s14_session3_natural,15,150,20.0,1.4737495183944702,0.012794505559579363
COHFACE_s14_session3_natural,15,151,20.033333333333335,1.8563125133514404,0.009120296493610378
COHFACE_s14_session3_natural,15,152,20.066666666666666,1.7303897142410278,0.00459101279624414
COHFACE_s14_session3_natural,15,153,20.1,1.3956046104431152,-0.0008389163121469471
COHFACE_s14_session3_natural,15,154,20.133333333333333,0.8824601173400879,-0.0063964074692363475
COHFACE_s14_session3_natural,15,155,20.166666666666668,0.5372353196144104,-0.010435860942774034
COHFACE_s14_session3_natural,15,156,20.2,0.5393776297569275,-0.010987265706034073
COHFACE_s14_session3_natural,15,157,20.233333333333334,0.5878016352653503,-0.006746482574017172
COHFACE_s14_session3_natural,15,158,20.266666666666666,0.43627268075942993,0.0020133392431341446
COHFACE_s14_session3_natural,15,159,20.3,0.15426425635814667,0.013197891031795032
COHFACE_s14_session3_natural,15,160,20.333333333333332,-0.14644725620746613,0.023557608055782386
COHFACE_s14_session3_natural,15,161,20.366666666666667,-0.3830242156982422,0.02997079142079458
COHFACE_s14_session3_natural,15,162,20.4,-0.5317987203598022,0.030688797297457607
COHFACE_s14_session3_natural,15,163,20.433333333333334,-0.6332374215126038,0.025930625057345513
COHFACE_s14_session3_natural,15,164,20.466666666666665,-0.7169591784477234,0.01763284159661417
COHFACE_s14_session3_natural,15,165,20.5,-0.8308099508285522,0.00862448288081178
COHFACE_s14_session3_natural,15,166,20.533333333333335,-0.9680564999580383,0.0016791877068341736
COHFACE_s14_session3_natural,15,167,20.566666666666666,-1.094217300415039,-0.0012242626304977203
COHFACE_s14_session3_natural,15,168,20.6,-1.154203176498413,0.000657074421180145
COHFACE_s14_session3_natural,15,169,20.633333333333333,-1.100168228149414,0.006633487161828079
COHFACE_s14_session3_natural,15,170,20.666666666666668,-0.5788284540176392,0.014621716717256887
COHFACE_s14_session3_natural,15,171,20.7,0.5227488875389099,0.0215187771436958
COHFACE_s14_session3_natural,15,172,20.733333333333334,1.4454227685928345,0.02399240024573052
COHFACE_s14_session3_natural,15,173,20.766666666666666,1.6714240312576294,0.019579902773030254
COHFACE_s14_session3_natural,15,174,20.8,1.4858894348144531,0.007729712760023525
COHFACE_s14_session3_natural,15,175,20.833333333333332,1.0976475477218628,-0.009688902997686035
COHFACE_s14_session3_natural,15,176,20.866666666666667,0.5841630101203918,-0.02871384501248116
COHFACE_s14_session3_natural,15,177,20.9,0.33809852600097656,-0.04444473167276925
COHFACE_s14_session3_natural,15,178,20.933333333333334,0.40015873312950134,-0.052715981113848676
COHFACE_s14_session3_natural,15,179,20.966666666666665,0.44542017579078674,-0.051691758942649775
COHFACE_s14_session3_natural,15,180,21.0,0.27097147703170776,-0.042590695563657154
COHFACE_s14_session3_natural,15,181,21.033333333333335,-0.024061109870672226,-0.029052530925124682
COHFACE_s14_session3_natural,15,182,21.066666666666666,-0.31654325127601624,-0.015520455231388458
COHFACE_s14_session3_natural,15,183,21.1,-0.5236373543739319,-0.005600235817082743
COHFACE_s14_session3_natural,15,184,21.133333333333333,-0.6604759097099304,-0.0010523430311531069
COHFACE_s14_session3_natural,15,185,21.166666666666668,-0.7364444136619568,-0.0014917728804112202
COHFACE_s14_session3_natural,15,186,21.2,-0.7991847395896912,-0.004747463583707209
COHFACE_s14_session3_natural,15,187,21.233333333333334,-0.9084787368774414,-0.007878734132350355
COHFACE_s14_session3_natural,15,188,21.266666666666666,-1.0358636379241943,-0.00856989056309785
COHFACE_s14_session3_natural,15,189,21.3,-1.157977819442749,-0.00625057043089745
COHFACE_s14_session3_natural,15,190,21.333333333333332,-1.2281653881072998,-0.002286114550586224
COHFACE_s14_session3_natural,15,191,21.366666666666667,-1.2228604555130005,0.0009318945663561939
COHFACE_s14_session3_natural,15,192,21.4,-0.7867386937141418,0.0014613939202472702
COHFACE_s14_session3_natural,15,193,21.433333333333334,0.228056401014328,-0.0010524273130493387
COHFACE_s14_session3_natural,15,194,21.466666666666665,1.1378082036972046,-0.005190838389159055
COHFACE_s14_session3_natural,15,195,21.5,1.3844847679138184,-0.008498551232875299
COHFACE_s14_session3_natural,15,196,21.533333333333335,1.1867082118988037,-0.008638528095214268
COHFACE_s14_session3_natural,15,197,21.566666666666666,0.8234264254570007,-0.004359757163067073
COHFACE_s14_session3_natural,15,198,21.6,0.35166674852371216,0.004103963530417743
COHFACE_s14_session3_natural,15,199,21.633333333333333,0.10407198965549469,0.0152320375021396
COHFACE_s14_session3_natural,15,200,21.666666666666668,0.1750756800174713,0.02677144227905873
COHFACE_s14_session3_natural,15,201,21.7,0.25260844826698303,0.036360192857002614
COHFACE_s14_session3_natural,15,202,21.733333333333334,0.12233299016952515,0.042072919385690084
COHFACE_s14_session3_natural,15,203,21.766666666666666,-0.13801386952400208,0.04284302316439949
COHFACE_s14_session3_natural,15,204,21.8,-0.397952675819397,0.03865168688366989
COHFACE_s14_session3_natural,15,205,21.833333333333332,-0.5873298645019531,0.030358191420614078
COHFACE_s14_session3_natural,15,206,21.866666666666667,-0.7168911695480347,0.019259237594970897
COHFACE_s14_session3_natural,15,207,21.9,-0.8043875694274902,0.006692705452689807
COHFACE_s14_session3_natural,15,208,21.933333333333334,-0.8721607327461243,-0.006041443546372862
COHFACE_s14_session3_natural,15,209,21.966666666666665,-0.9388797283172607,-0.01747781032664104
COHFACE_s14_session3_natural,15,210,22.0,-1.0470855236053467,-0.02585737555903542
COHFACE_s14_session3_natural,15,211,22.033333333333335,-1.1701518297195435,-0.029426025365940956
COHFACE_s14_session3_natural,15,212,22.066666666666666,-1.239693284034729,-0.02709417254338011
COHFACE_s14_session3_natural,15,213,22.1,-1.222656488418579,-0.01899842912424232
COHFACE_s14_session3_natural,15,214,22.133333333333333,-0.8156434297561646,-0.00656551281791218
COHFACE_s14_session3_natural,15,215,22.166666666666668,0.17116503417491913,0.007908811492944855
COHFACE_s14_session3_natural,15,216,22.2,1.0703750848770142,0.021781938663757595
COHFACE_s14_session3_natural,15,217,22.233333333333334,1.3352786302566528,0.03231429294531168
COHFACE_s14_session3_natural,15,218,22.266666666666666,1.1624622344970703,0.03669326739675909
COHFACE_s14_session3_natural,15,219,22.3,0.8339001536369324,0.0322915660149647
COHFACE_s14_session3_natural,15,220,22.333333333333332,0.39152130484580994,0.01757172298846854
COHFACE_s14_session3_natural,15,221,22.366666666666667,0.1265156865119934,-0.00653483561626895
COHFACE_s14_session3_natural,15,222,22.4,0.17079097032546997,-0.035682539508304266
COHFACE_s14_session3_natural,15,223,22.433333333333334,0.24383500218391418,-0.06267723097399815
COHFACE_s14_session3_natural,15,224,22.466666666666665,0.15181584656238556,-0.07983406391177611
COHFACE_s14_session3_natural,15,225,22.5,-0.08302681893110275,-0.08213436348421796
COHFACE_s14_session3_natural,15,226,22.533333333333335,-0.33000949025154114,-0.06937281873091472
COHFACE_s14_session3_natural,15,227,22.566666666666666,-0.5187745690345764,-0.04590761464040231
COHFACE_s14_session3_natural,15,228,22.6,-0.6570753455162048,-0.018206720478205256
COHFACE_s14_session3_natural,15,229,22.633333333333333,-0.7500126361846924,0.008182268065807888
COHFACE_s14_session3_natural,15,230,22.666666666666668,-0.7898331880569458,0.030507357027407336
COHFACE_s14_session3_natural,15,231,22.7,-0.8338704109191895,0.048787075802026694
COHFACE_s14_session3_natural,15,232,22.733333333333334,-0.920890748500824,0.06429230571849079
COHFACE_s14_session3_natural,15,233,22.766666666666666,-1.0338913202285767,0.07763751281338477
COHFACE_s14_session3_natural,15,234,22.8,-1.101358413696289,0.08760459684071001
COHFACE_s14_session3_natural,15,235,22.833333333333332,-1.067999005317688,0.0912984667223067
COHFACE_s14_session3_natural,15,236,22.866666666666667,-0.6707455515861511,0.0854969295794707
COHFACE_s14_session3_natural,15,237,22.9,0.2988220453262329,0.06845302400934389
COHFACE_s14_session3_natural,15,238,22.933333333333334,1.202928900718689,0.04119610167700746
COHFACE_s14_session3_natural,15,239,22.966666666666665,1.4672883749008179,0.0076695817642740164
COHFACE_s14_session3_natural,16,0,16.0,0.7519806623458862,0.006583584004105667
COHFACE_s14_session3_natural,16,1,16.033333333333335,0.568758487701416,2.7342691564872097
COHFACE_s14_session3_natural,16,2,16.066666666666666,0.23461948335170746,5.038956699089905
COHFACE_s14_session3_natural,16,3,16.1,-0.07996631413698196,6.601143727649031
COHFACE_s14_session3_natural,16,4,16.133333333333333,-0.3196377754211426,7.278924580185132
COHFACE_s14_session3_natural,16,5,16.166666666666668,-0.4785119295120239,7.125996331605855
COHFACE_s14_session3_natural,16,6,16.2,-0.5573028922080994,6.348042277801698
COHFACE_s14_session3_natural,16,7,16.233333333333334,-0.6405826210975647,5.221681364394325
COHFACE_s14_session3_natural,16,8,16.266666666666666,-0.7808557152748108,4.011239638875923
COHFACE_s14_session3_natural,16,9,16.3,-0.9271137714385986,2.909927907388579
COHFACE_s14_session3_natural,16,10,16.333333333333332,-1.0209012031555176,2.016438400705002
COHFACE_s14_session3_natural,16,11,16.366666666666667,-1.040114402770996,1.3438034403858423
COHFACE_s14_session3_natural,16,12,16.4,-0.7888810038566589,0.8483133171096502
COHFACE_s14_session3_natural,16,13,16.433333333333334,0.119918592274189,0.4638209226974972
COHFACE_s14_session3_natural,16,14,16.466666666666665,1.3309259414672852,0.12990931611905124
COHFACE_s14_session3_natural,16,15,16.5,1.9925048351287842,-0.19179220725358598
COHFACE_s14_session3_natural,16,16,16.533333333333335,1.9373477697372437,-0.5134588960281656
COHFACE_s14_session3_natural,16,17,16.566666666666666,1.5479837656021118,-0.8259828661257342
COHFACE_s14_session3_natural,16,18,16.6,1.0002895593643188,-1.1085747548520266
COHFACE_s14_session3_natural,16,19,16.633333333333333,0.5331546068191528,-1.339004064319015
COHFACE_s14_session3_natural,16,20,16.666666666666668,0.4512011408805847,-1.5015567801708738
COHFACE_s14_session3_natural,16,21,16.7,0.5471309423446655,-1.5911878293121438
COHFACE_s14_session3_natural,16,22,16.733333333333334,0.4915317893028259,-1.613700963511646
COHFACE_s14_session3_natural,16,23,16.766666666666666,0.22122126817703247,-1.5828306733617337
COHFACE_s14_session3_natural,16,24,16.8,-0.11526412516832352,-1.5156802546537187
COHFACE_s14_session3_natural,16,25,16.833333333333332,-0.4055699110031128,-1.4280985612388937
COHFACE_s14_session3_natural,16,26,16.866666666666667,-0.5970554351806641,-1.331327798620427
COHFACE_s14_session3_natural,16,27,16.9,-0.6986981630325317,-1.2306800284074626
COHFACE_s14_session3_natural,16,28,16.933333333333334,-0.7937778234481812,-1.1262375736878343
COHFACE_s14_session3_natural,16,29,16.966666666666665,-0.8933802247047424,-1.0149388596372386
COHFACE_s14_session3_natural,16,30,17.0,-1.0169905424118042,-0.8931516534386229
COHFACE_s14_session3_natural,16,31,17.033333333333335,-1.1420972347259521,-0.7588978316313953
COHFACE_s14_session3_natural,16,32,17.066666666666666,-1.214699149131775,-0.6131227227400755
COHFACE_s14_session3_natural,16,33,17.1,-1.1777690649032593,-0.45975218236965015
COHFACE_s14_session3_natural,16,34,17.133333333333333,-0.703594982624054,-0.30471052034584645
COHFACE_s14_session3_natural,16,35,17.166666666666668,0.38216978311538696,-0.1544220090278599
COHFACE_s14_session3_natural,16,36,17.2,1.3589805364608765,-0.014427344850389441
COHFACE_s14_session3_natural,16,37,17.233333333333334,1.6065073013305664,0.11141938225076269
COHFACE_s14_session3_natural,16,38,17.266666666666666,1.3594226837158203,0.22105420641875756
COHFACE_s14_session3_natural,16,39,17.3,0.9070461988449097,0.31383069806345204
COHFACE_s14_session3_natural,16,40,17.333333333333332,0.36380675435066223,0.39004803146643063
COHFACE_s14_session3_natural,16,41,17.366666666666667,0.12927013635635376,0.4506265771851524
COHFACE_s14_session3_natural,16,42,17.4,0.21455617249011993,0.49687328936531916
COHFACE_s14_session3_natural,16,43,17.433333333333334,0.27784058451652527,0.5301464180058374
COHFACE_s14_session3_natural,16,44,17.466666666666665,0.1267877221107483,0.5514549413453467
COHFACE_s14_session3_natural,16,45,17.5,-0.15851925313472748,0.5613084498815794
COHFACE_s14_session3_natural,16,46,17.533333333333335,-0.45025327801704407,0.5600780774654349
COHFACE_s14_session3_natural,16,47,17.566666666666666,-0.6581634879112244,0.548707910980958
COHFACE_s14_session3_natural,16,48,17.6,-0.793573796749115,0.5291418450043301
COHFACE_s14_session3_natural,16,49,17.633333333333333,-0.8857289552688599,0.5037999529438761
COHFACE_s14_session3_natural,16,50,17.666666666666668,-0.9838351011276245,0.4740695605404856
COHFACE_s14_session3_natural,16,51,17.7,-1.0910547971725464,0.43864585451384447
COHFACE_s14_session3_natural,16,52,17.733333333333334,-1.2001787424087524,0.3929989532150921
COHFACE_s14_session3_natural,16,53,17.766666666666666,-1.2801599502563477,0.3308534389580384
COHFACE_s14_session3_natural,16,54,17.8,-1.263565182685852,0.24745175380276369
COHFACE_s14_session3_natural,16,55,17.833333333333332,-0.8658356666564941,0.14323149572472296
COHFACE_s14_session3_natural,16,56,17.866666666666667,0.14861932396888733,0.026082294989850242
COHFACE_s14_session3_natural,16,57,17.9,1.1546409130096436,-0.08931166866973711
COHFACE_s14_session3_natural,16,58,17.933333333333334,1.4666422605514526,-0.18551148584102148
COHFACE_s14_session3_natural,16,59,17.966666666666665,1.2542093992233276,-0.24849961418059965
COHFACE_s14_session3_natural,16,60,18.0,0.8244125843048096,-0.27298634557678325
COHFACE_s14_session3_natural,16,61,18.033333333333335,0.30725544691085815,-0.26381933950761083
COHFACE_s14_session3_natural,16,62,18.066666666666666,0.04871087148785591,-0.2329172137780584
COHFACE_s14_session3_natural,16,63,18.1,0.1285560131072998,-0.19391425056690098
COHFACE_s14_session3_natural,16,64,18.133333333333333,0.24118256568908691,-0.15743440413795712
COHFACE_s14_session3_natural,16,65,18.166666666666668,0.10655439645051956,-0.12880873986887154
COHFACE_s14_session3_natural,16,66,18.2,-0.17157739400863647,-0.10850082242508023
COHFACE_s14_session3_natural,16,67,18.233333333333334,-0.451681524515152,-0.09429824793339936
COHFACE_s14_session3_natural,16,68,18.266666666666666,-0.665100634098053,-0.08376683248065232
COHFACE_s14_session3_natural,16,69,18.3,-0.8047956228256226,-0.07569889598510814
COHFACE_s14_session3_natural,16,70,18.333333333333332,-0.8855589628219604,-0.07014603201321801
COHFACE_s14_session3_natural,16,71,18.366666666666667,-0.9699608683586121,-0.06752063723097453
COHFACE_s14_session3_natural,16,72,18.4,-1.0875861644744873,-0.06762808375994336
COHFACE_s14_session3_natural,16,73,18.433333333333334,-1.188242793083191,-0.06926815703111801
COHFACE_s14_session3_natural,16,74,18.466666666666665,-1.2334702014923096,-0.0705032769560384
COHFACE_s14_session3_natural,16,75,18.5,-1.1715459823608398,-0.0692545078136785
COHFACE_s14_session3_natural,16,76,18.533333333333335,-0.6250080466270447,-0.06383473136440874
COHFACE_s14_session3_natural,16,77,18.566666666666666,0.5045559406280518,-0.05328313360804823
COHFACE_s14_session3_natural,16,78,18.6,1.432024598121643,-0.03762718333406426
COHFACE_s14_session3_natural,16,79,18.633333333333333,1.6743484735488892,-0.01816939594722222
COHFACE_s14_session3_natural,16,80,18.666666666666668,1.497213363647461,0.002428642275205866
COHFACE_s14_session3_natural,16,81,18.7,1.1216895580291748,0.020657911620526506
COHFACE_s14_session3_natural,16,82,18.733333333333334,0.6239495873451233,0.03332121451156878
COHFACE_s14_session3_natural,16,83,18.766666666666666,0.33609217405319214,0.03883489274563614
COHFACE_s14_session3_natural,16,84,18.8,0.38074153661727905,0.037914503570497596
COHFACE_s14_session3_natural,16,85,18.833333333333332,0.4563019871711731,0.03317911436467966
COHFACE_s14_session3_natural,16,86,18.866666666666667,0.30589520931243896,0.027892421831335553
COHFACE_s14_session3_natural,16,87,18.9,0.004605610389262438,0.024607727066992883
COHFACE_s14_session3_natural,16,88,18.933333333333334,-0.28049734234809875,0.024460797928824232
COHFACE_s14_session3_natural,16,89,18.966666666666665,-0.49170610308647156,0.027335934699122592
COHFACE_s14_session3_natural,16,90,19.0,-0.630856990814209,0.03253155743871843
COHFACE_s14_session3_natural,16,91,19.033333333333335,-0.722740113735199,0.03932790550633116
COHFACE_s14_session3_natural,16,92,19.066666666666666,-0.8183978796005249,0.047153358839888804
COHFACE_s14_session3_natural,16,93,19.1,-0.9407840371131897,0.05545913222396322
COHFACE_s14_session3_natural,16,94,19.133333333333333,-1.0471535921096802,0.0635235724670656
COHFACE_s14_session3_natural,16,95,19.166666666666668,-1.0992841720581055,0.07028949813173554
COHFACE_s14_session3_natural,16,96,19.2,-1.0310689210891724,0.07425801513175889
COHFACE_s14_session3_natural,16,97,19.233333333333334,-0.39713653922080994,0.07350406380991942
COHFACE_s14_session3_natural,16,98,19.266666666666666,0.7673512101173401,0.06596355133654104
COHFACE_s14_session3_natural,16,99,19.3,1.6492183208465576,0.050121015265292626
COHFACE_s14_session3_natural,16,100,19.333333333333332,1.8493412733078003,0.026004740502474786
COHFACE_s14_session3_natural,16,101,19.366666666666667,1.6714580059051514,-0.00396440031361117
COHFACE_s14_session3_natural,16,102,19.4,1.302361249923706,-0.034968508440168
COHFACE_s14_session3_natural,16,103,19.433333333333334,0.7629644870758057,-0.06106553781015462
COHFACE_s14_session3_natural,16,104,19.466666666666665,0.4953744113445282,-0.07734485301988775
COHFACE_s14_session3_natural,16,105,19.5,0.5464168190956116,-0.08182295803869188
COHFACE_s14_session3_natural,16,106,19.533333333333335,0.5539660453796387,-0.07595829343248164
COHFACE_s14_session3_natural,16,107,19.566666666666666,0.3642828166484833,-0.06350921400169743
COHFACE_s14_session3_natural,16,108,19.6,0.07591535151004791,-0.048568714468702014
COHFACE_s14_session3_natural,16,109,19.633333333333333,-0.2121460735797882,-0.03406590684207973
COHFACE_s14_session3_natural,16,110,19.666666666666668,-0.4293738305568695,-0.021406595677863762
COHFACE_s14_session3_natural,16,111,19.7,-0.5395519733428955,-0.010970576182797571
COHFACE_s14_session3_natural,16,112,19.733333333333334,-0.6337134838104248,-0.0027944205016385494
COHFACE_s14_session3_natural,16,113,19.766666666666666,-0.7471221685409546,0.0030278585419568605
COHFACE_s14_session3_natural,16,114,19.8,-0.8710045218467712,0.006325574751020257
COHFACE_s14_session3_natural,16,115,19.833333333333332,-0.9952269792556763,0.007063309242523802
COHFACE_s14_session3_natural,16,116,19.866666666666667,-1.0587154626846313,0.005580996080801658
COHFACE_s14_session3_natural,16,117,19.9,-1.0349454879760742,0.002711985155326229
COHFACE_s14_session3_natural,16,118,19.933333333333334,-0.6237158179283142,-0.00031917457493040193
COHFACE_s14_session3_natural,16,119,19.966666666666665,0.4268871247768402,-0.0022383343820240502
COHFACE_s14_session3_natural,16,120,20.0,1.4737495183944702,-0.0021812348447452293
COHFACE_s14_session3_natural,16,121,20.033333333333335,1.8563125133514404,-4.229124972448379e-05
COHFACE_s14_session3_natural,16,122,20.066666666666666,1.7303897142410278,0.0034887647626588225
COHFACE_s14_session3_natural,16,123,20.1,1.3956046104431152,0.007266286471426655
COHFACE_s14_session3_natural,16,124,20.133333333333333,0.8824601173400879,0.010291632192528424
COHFACE_s14_session3_natural,16,125,20.166666666666668,0.5372353196144104,0.012280987467609293
COHFACE_s14_session3_natural,16,126,20.2,0.5393776297569275,0.013792202771940815
COHFACE_s14_session3_natural,16,127,20.233333333333334,0.5878016352653503,0.015694690139184304
COHFACE_s14_session3_natural,16,128,20.266666666666666,0.43627268075942993,0.018270251704834713
COHFACE_s14_session3_natural,16,129,20.3,0.15426425635814667,0.020608336346377938
COHFACE_s14_session3_natural,16,130,20.333333333333332,-0.14644725620746613,0.020807600504926364
COHFACE_s14_session3_natural,16,131,20.366666666666667,-0.3830242156982422,0.01695438090977959
COHFACE_s14_session3_natural,16,132,20.4,-0.5317987203598022,0.008334105458034612
COHFACE_s14_session3_natural,16,133,20.433333333333334,-0.6332374215126038,-0.0038243878987122386
COHFACE_s14_session3_natural,16,134,20.466666666666665,-0.7169591784477234,-0.016485333190601217
COHFACE_s14_session3_natural,16,135,20.5,-0.8308099508285522,-0.025743967471243825
COHFACE_s14_session3_natural,16,136,20.533333333333335,-0.9680564999580383,-0.028114802744824724
COHFACE_s14_session3_natural,16,137,20.566666666666666,-1.094217300415039,-0.021636254632147148
COHFACE_s14_session3_natural,16,138,20.6,-1.154203176498413,-0.006445589787970246
COHFACE_s14_session3_natural,16,139,20.633333333333333,-1.100168228149414,0.015225486544770156
COHFACE_s14_session3_natural,16,140,20.666666666666668,-0.5788284540176392,0.03947358143587419
COHFACE_s14_session3_natural,16,141,20.7,0.5227488875389099,0.06138782776999574
COHFACE_s14_session3_natural,16,142,20.733333333333334,1.4454227685928345,0.07590907671023799
COHFACE_s14_session3_natural,16,143,20.766666666666666,1.6714240312576294,0.07889780328024126
COHFACE_s14_session3_natural,16,144,20.8,1.4858894348144531,0.06827669394701946
COHFACE_s14_session3_natural,16,145,20.833333333333332,1.0976475477218628,0.044910505326219395
COHFACE_s14_session3_natural,16,146,20.866666666666667,0.5841630101203918,0.012835893503703486
COHFACE_s14_session3_natural,16,147,20.9,0.33809852600097656,-0.021435303487181645
COHFACE_s14_session3_natural,16,148,20.933333333333334,0.40015873312950134,-0.05058221177910129
COHFACE_s14_session3_natural,16,149,20.966666666666665,0.44542017579078674,-0.06871734626827448
COHFACE_s14_session3_natural,16,150,21.0,0.27097147703170776,-0.07329794782504054
COHFACE_s14_session3_natural,16,151,21.033333333333335,-0.024061109870672226,-0.06576834514150903
COHFACE_s14_session3_natural,16,152,21.066666666666666,-0.31654325127601624,-0.050708431530231905
COHFACE_s14_session3_natural,16,153,21.1,-0.5236373543739319,-0.034043695822739826
COHFACE_s14_session3_natural,16,154,21.133333333333333,-0.6604759097099304,-0.021048108728002356
COHFACE_s14_session3_natural,16,155,21.166666666666668,-0.7364444136619568,-0.014704838965167449
COHFACE_s14_session3_natural,16,156,21.2,-0.7991847395896912,-0.014925460257448175
COHFACE_s14_session3_natural,16,157,21.233333333333334,-0.9084787368774414,-0.01898221644370586
COHFACE_s14_session3_natural,16,158,21.266666666666666,-1.0358636379241943,-0.02301632493332766
COHFACE_s14_session3_natural,16,159,21.3,-1.157977819442749,-0.023906009789825135
COHFACE_s14_session3_natural,16,160,21.333333333333332,-1.2281653881072998,-0.020555183754890096
COHFACE_s14_session3_natural,16,161,21.366666666666667,-1.2228604555130005,-0.014002583417240677
COHFACE_s14_session3_natural,16,162,21.4,-0.7867386937141418,-0.006482171040358717
COHFACE_s14_session3_natural,16,163,21.433333333333334,0.228056401014328,-0.0001453102232552819
COHFACE_s14_session3_natural,16,164,21.466666666666665,1.1378082036972046,0.003837363451541817
COHFACE_s14_session3_natural,16,165,21.5,1.3844847679138184,0.0054922760160817
COHFACE_s14_session3_natural,16,166,21.533333333333335,1.1867082118988037,0.005711181681771574
COHFACE_s14_session3_natural,16,167,21.566666666666666,0.8234264254570007,0.00570718750264436
COHFACE_s14_session3_natural,16,168,21.6,0.35166674852371216,0.006529207493728511
COHFACE_s14_session3_natural,16,169,21.633333333333333,0.10407198965549469,0.008738425597189873
COHFACE_s14_session3_natural,16,170,21.666666666666668,0.1750756800174713,0.012261499872692806
COHFACE_s14_session3_natural,16,171,21.7,0.25260844826698303,0.01643959563515546
COHFACE_s14_session3_natural,16,172,21.733333333333334,0.12233299016952515,0.020297530293871213
COHFACE_s14_session3_natural,16,173,21.766666666666666,-0.13801386952400208,0.02296898075260826
COHFACE_s14_session3_natural,16,174,21.8,-0.397952675819397,0.024055573255271027
COHFACE_s14_session3_natural,16,175,21.833333333333332,-0.5873298645019531,0.023678813740951973
COHFACE_s14_session3_natural,16,176,21.866666666666667,-0.7168911695480347,0.022220430933912086
COHFACE_s14_session3_natural,16,177,21.9,-0.8043875694274902,0.020017772761798124
COHFACE_s14_session3_natural,16,178,21.933333333333334,-0.8721607327461243,0.017309291783106338
COHFACE_s14_session3_natural,16,179,21.966666666666665,-0.9388797283172607,0.014484904688793342
COHFACE_s14_session3_natural,16,180,22.0,-1.0470855236053467,0.012383179231678337
COHFACE_s14_session3_natural,16,181,22.033333333333335,-1.1701518297195435,0.012292155108275705
COHFACE_s14_session3_natural,16,182,22.066666666666666,-1.239693284034729,0.015564192469235275
COHFACE_s14_session3_natural,16,183,22.1,-1.222656488418579,0.023051700444054208
COHFACE_s14_session3_natural,16,184,22.133333333333333,-0.8156434297561646,0.03460252930018305
COHFACE_s14_session3_natural,16,185,22.166666666666668,0.17116503417491913,0.04869904621469154
COHFACE_s14_session3_natural,16,186,22.2,1.0703750848770142,0.062237174015002575
COHFACE_s14_session3_natural,16,187,22.233333333333334,1.3352786302566528,0.07056838612598534
COHFACE_s14_session3_natural,16,188,22.266666666666666,1.1624622344970703,0.06816784975499951
COHFACE_s14_session3_natural,16,189,22.3,0.8339001536369324,0.050263657025661
COHFACE_s14_session3_natural,16,190,22.333333333333332,0.39152130484580994,0.015217477856649083
COHFACE_s14_session3_natural,16,191,22.366666666666667,0.1265156865119934,-0.033354838517219154
COHFACE_s14_session3_natural,16,192,22.4,0.17079097032546997,-0.08619672220112203
COHFACE_s14_session3_natural,16,193,22.433333333333334,0.24383500218391418,-0.13074517874617012
COHFACE_s14_session3_natural,16,194,22.466666666666665,0.15181584656238556,-0.15568514901510083
COHFACE_s14_session3_natural,16,195,22.5,-0.08302681893110275,-0.1556263652476033
COHFACE_s14_session3_natural,16,196,22.533333333333335,-0.33000949025154114,-0.13327996474632955
COHFACE_s14_session3_natural,16,197,22.566666666666666,-0.5187745690345764,-0.09773229983015307
COHFACE_s14_session3_natural,16,198,22.6,-0.6570753455162048,-0.059865597903626784
COHFACE_s14_session3_natural,16,199,22.633333333333333,-0.7500126361846924,-0.027716324266427218
COHFACE_s14_session3_natural,16,200,22.666666666666668,-0.7898331880569458,-0.004141825475010341
COHFACE_s14_session3_natural,16,201,22.7,-0.8338704109191895,0.012634481121639795
COHFACE_s14_session3_natural,16,202,22.733333333333334,-0.920890748500824,0.02659824252581272
COHFACE_s14_session3_natural,16,203,22.766666666666666,-1.0338913202285767,0.041224138523606846
COHFACE_s14_session3_natural,16,204,22.8,-1.101358413696289,0.0577055974194823
COHFACE_s14_session3_natural,16,205,22.833333333333332,-1.067999005317688,0.07461082749912798
COHFACE_s14_session3_natural,16,206,22.866666666666667,-0.6707455515861511,0.08876603948576751
COHFACE_s14_session3_natural,16,207,22.9,0.2988220453262329,0.09675352915923625
COHFACE_s14_session3_natural,16,208,22.933333333333334,1.202928900718689,0.09626782522230273
COHFACE_s14_session3_natural,16,209,22.966666666666665,1.4672883749008179,0.08678692570822923
COHFACE_s14_session3_natural,16,210,23.0,1.3018511533737183,0.0695212413928837
COHFACE_s14_session3_natural,16,211,23.033333333333335,1.0660223960876465,0.04698068311061385
COHFACE_s14_session3_natural,16,212,23.066666666666666,0.6565949320793152,0.02244674685235762
COHFACE_s14_session3_natural,16,213,23.1,0.33116137981414795,-0.0006158261506703432
COHFACE_s14_session3_natural,16,214,23.133333333333333,0.3761847913265228,-0.019258352881987625
COHFACE_s14_session3_natural,16,215,23.166666666666668,0.476875364780426,-0.03177996556855029
COHFACE_s14_session3_natural,16,216,23.2,0.4260369837284088,-0.03823591714506519
COHFACE_s14_session3_natural,16,217,23.233333333333334,0.2506020963191986,-0.04042271331102999
COHFACE_s14_session3_natural,16,218,23.266666666666666,0.02147238701581955,-0.04121221097241831
COHFACE_s14_session3_natural,16,219,23.3,-0.18738999962806702,-0.0433985987310844
COHFACE_s14_session3_natural,16,220,23.333333333333332,-0.33721867203712463,-0.04847162349759935
COHFACE_s14_session3_natural,16,221,23.366666666666667,-0.44763484597206116,-0.05584155459081414
COHFACE_s14_session3_natural,16,222,23.4,-0.5528141856193542,-0.06294951343764295
COHFACE_s14_session3_natural,16,223,23.433333333333334,-0.6681271195411682,-0.06632484834440584
COHFACE_s14_session3_natural,16,224,23.466666666666665,-0.8116647601127625,-0.06310431913611156
COHFACE_s14_session3_natural,16,225,23.5,-0.9353771209716797,-0.05221777831570228
COHFACE_s14_session3_natural,16,226,23.533333333333335,-1.0249139070510864,-0.034673720298194474
COHFACE_s14_session3_natural,16,227,23.566666666666666,-1.036815881729126,-0.012952543103957687
COHFACE_s14_session3_natural,16,228,23.6,-0.6150444149971008,0.009991414986424842
COHFACE_s14_session3_natural,16,229,23.633333333333333,0.3703698217868805,0.03152055915914249
COHFACE_s14_session3_natural,16,230,23.666666666666668,1.1928632259368896,0.049623704186054045
COHFACE_s14_session3_natural,16,231,23.7,1.403153896331787,0.06289043062843526
COHFACE_s14_session3_natural,16,232,23.733333333333334,1.2529171705245972,0.07045755187227225
COHFACE_s14_session3_natural,16,233,23.766666666666666,0.9672700762748718,0.07209296127886052
COHFACE_s14_session3_natural,16,234,23.8,0.553864061832428,0.06832103147543574
COHFACE_s14_session3_natural,16,235,23.833333333333332,0.28100311756134033,0.06036454021921775
COHFACE_s14_session3_natural,16,236,23.866666666666667,0.29215696454048157,0.04980207551707531
COHFACE_s14_session3_natural,16,237,23.9,0.38125163316726685,0.03806788050596231
COHFACE_s14_session3_natural,16,238,23.933333333333334,0.3002502918243408,0.02604017831653243
COHFACE_s14_session3_natural,16,239,23.966666666666665,0.058606501668691635,0.013926705061980193
COHFACE_s14_session3_natural,17,0,17.0,-1.0169905424118042,-0.006821115017507811
COHFACE_s14_session3_natural,17,1,17.033333333333335,-1.1420972347259521,2.674886502245976
COHFACE_s14_session3_natural,17,2,17.066666666666666,-1.214699149131775,4.942231665983312
COHFACE_s14_session3_natural,17,3,17.1,-1.1777690649032593,6.481974183018333
COHFACE_s14_session3_natural,17,4,17.133333333333333,-0.703594982624054,7.154581973807188
COHFACE_s14_session3_natural,17,5,17.166666666666668,0.38216978311538696,7.012128803933634
COHFACE_s14_session3_natural,17,6,17.2,1.3589805364608765,6.255956961320833
COHFACE_s14_session3_natural,17,7,17.233333333333334,1.6065073013305664,5.157528686709671
COHFACE_s14_session3_natural,17,8,17.266666666666666,1.3594226837158203,3.976800094264103
COHFACE_s14_session3_natural,17,9,17.3,0.9070461988449097,2.9041462233741044
COHFACE_s14_session3_natural,17,10,17.333333333333332,0.36380675435066223,2.0368303336949825
COHFACE_s14_session3_natural,17,11,17.366666666666667,0.12927013635635376,1.3872556906672384
COHFACE_s14_session3_natural,17,12,17.4,0.21455617249011993,0.9113186843365382
COHFACE_s14_session3_natural,17,13,17.433333333333334,0.27784058451652527,0.5425088398409691
COHFACE_s14_session3_natural,17,14,17.466666666666665,0.1267877221107483,0.22017304345053473
COHFACE_s14_session3_natural,17,15,17.5,-0.15851925313472748,-0.09402146187389795
COHFACE_s14_session3_natural,17,16,17.533333333333335,-0.45025327801704407,-0.4118436399784048
COHFACE_s14_session3_natural,17,17,17.566666666666666,-0.6581634879112244,-0.7233468641322367
COHFACE_s14_session3_natural,17,18,17.6,-0.793573796749115,-1.0065909266938566
COHFACE_s14_session3_natural,17,19,17.633333333333333,-0.8857289552688599,-1.2384599341288522
COHFACE_s14_session3_natural,17,20,17.666666666666668,-0.9838351011276245,-1.4036031740719568
COHFACE_s14_session3_natural,17,21,17.7,-1.0910547971725464,-1.4993890312133344
COHFACE_s14_session3_natural,17,22,17.733333333333334,-1.2001787424087524,-1.5358823249661366
COHFACE_s14_session3_natural,17,23,17.766666666666666,-1.2801599502563477,-1.531298708587306
COHFACE_s14_session3_natural,17,24,17.8,-1.263565182685852,-1.5048831822013289
COHFACE_s14_session3_natural,17,25,17.833333333333332,-0.8658356666564941,-1.4700273690047294
COHFACE_s14_session3_natural,17,26,17.866666666666667,0.14861932396888733,-1.4301905718087187
COHFACE_s14_session3_natural,17,27,17.9,1.1546409130096436,-1.3790788179920885
COHFACE_s14_session3_natural,17,28,17.933333333333334,1.4666422605514526,-1.3050263084166787
COHFACE_s14_session3_natural,17,29,17.966666666666665,1.2542093992233276,-1.1977336932083213
COHFACE_s14_session3_natural,17,30,18.0,0.8244125843048096,-1.054008654204957
COHFACE_s14_session3_natural,17,31,18.033333333333335,0.30725544691085815,-0.879510104393879
COHFACE_s14_session3_natural,17,32,18.066666666666666,0.04871087148785591,-0.6861959776347669
COHFACE_s14_session3_natural,17,33,18.1,0.1285560131072998,-0.48783858384501827
COHFACE_s14_session3_natural,17,34,18.133333333333333,0.24118256568908691,-0.2962830093436171
COHFACE_s14_session3_natural,17,35,18.166666666666668,0.10655439645051956,-0.11971022966488792
COHFACE_s14_session3_natural,17,36,18.2,-0.17157739400863647,0.03722416634461921
COHFACE_s14_session3_natural,17,37,18.233333333333334,-0.451681524515152,0.17223109833673966
COHFACE_s14_session3_natural,17,38,18.266666666666666,-0.665100634098053,0.28420924242459944
COHFACE_s14_session3_natural,17,39,18.3,-0.8047956228256226,0.37271896026051193
COHFACE_s14_session3_natural,17,40,18.333333333333332,-0.8855589628219604,0.4381781712741784
COHFACE_s14_session3_natural,17,41,18.366666666666667,-0.9699608683586121,0.48232383660027545
COHFACE_s14_session3_natural,17,42,18.4,-1.0875861644744873,0.5083313846107957
COHFACE_s14_session3_natural,17,43,18.433333333333334,-1.188242793083191,0.5202565332110677
COHFACE_s14_session3_natural,17,44,18.466666666666665,-1.2334702014923096,0.5219707376523575
COHFACE_s14_session3_natural,17,45,18.5,-1.1715459823608398,0.5161653503179766
COHFACE_s14_session3_natural,17,46,18.533333333333335,-0.6250080466270447,0.5040152314246394
COHFACE_s14_session3_natural,17,47,18.566666666666666,0.5045559406280518,0.48567184944822944
COHFACE_s14_session3_natural,17,48,18.6,1.432024598121643,0.461157500078435
COHFACE_s14_session3_natural,17,49,18.633333333333333,1.6743484735488892,0.43097631406990095
COHFACE_s14_session3_natural,17,50,18.666666666666668,1.497213363647461,0.3961096274388593
COHFACE_s14_session3_natural,17,51,18.7,1.1216895580291748,0.3576152475978163
COHFACE_s14_session3_natural,17,52,18.733333333333334,0.6239495873451233,0.31627186580621597
COHFACE_s14_session3_natural,17,53,18.766666666666666,0.33609217405319214,0.2725420058660131
COHFACE_s14_session3_natural,17,54,18.8,0.38074153661727905,0.2268136705485996
COHFACE_s14_session3_natural,17,55,18.833333333333332,0.4563019871711731,0.1796837324193102
COHFACE_s14_session3_natural,17,56,18.866666666666667,0.30589520931243896,0.13208769825192485
COHFACE_s14_session3_natural,17,57,18.9,0.004605610389262438,0.08524973697098805
COHFACE_s14_session3_natural,17,58,18.933333333333334,-0.28049734234809875,0.04054469678400388
COHFACE_s14_session3_natural,17,59,18.966666666666665,-0.49170610308647156,-0.0006293999152017348
COHFACE_s14_session3_natural,17,60,19.0,-0.630856990814209,-0.03694229807620145
COHFACE_s14_session3_natural,17,61,19.033333333333335,-0.722740113735199,-0.06725246339825541
COHFACE_s14_session3_natural,17,62,19.066666666666666,-0.8183978796005249,-0.09086004538785475
COHFACE_s14_session3_natural,17,63,19.1,-0.9407840371131897,-0.1078919468129079
COHFACE_s14_session3_natural,17,64,19.133333333333333,-1.0471535921096802,-0.11961569580384192
COHFACE_s14_session3_natural,17,65,19.166666666666668,-1.0992841720581055,-0.12839722865299025
COHFACE_s14_session3_natural,17,66,19.2,-1.0310689210891724,-0.137194880382508
COHFACE_s14_session3_natural,17,67,19.233333333333334,-0.39713653922080994,-0.1487269151845072
COHFACE_s14_session3_natural,17,68,19.266666666666666,0.7673512101173401,-0.16454213251228636
COHFACE_s14_session3_natural,17,69,19.3,1.6492183208465576,-0.1842185793369635
COHFACE_s14_session3_natural,17,70,19.333333333333332,1.8493412733078003,-0.20495407904818902
COHFACE_s14_session3_natural,17,71,19.366666666666667,1.6714580059051514,-0.221891517513062
COHFACE_s14_session3_natural,17,72,19.4,1.302361249923706,-0.22945960265993712
COHFACE_s14_session3_natural,17,73,19.433333333333334,0.7629644870758057,-0.22350011842907266
COHFACE_s14_session3_natural,17,74,19.466666666666665,0.4953744113445282,-0.20312920205622506
COHFACE_s14_session3_natural,17,75,19.5,0.5464168190956116,-0.17109405012019047
COHFACE_s14_session3_natural,17,76,19.533333333333335,0.5539660453796387,-0.13238102107322564
COHFACE_s14_session3_natural,17,77,19.566666666666666,0.3642828166484833,-0.09206202456793244
COHFACE_s14_session3_natural,17,78,19.6,0.07591535151004791,-0.05367879543556093
COHFACE_s14_session3_natural,17,79,19.633333333333333,-0.2121460735797882,-0.018857660014566784
COHFACE_s14_session3_natural,17,80,19.666666666666668,-0.4293738305568695,0.012019124375554243
COHFACE_s14_session3_natural,17,81,19.7,-0.5395519733428955,0.03880506481213725
COHFACE_s14_session3_natural,17,82,19.733333333333334,-0.6337134838104248,0.06093647413233038
COHFACE_s14_session3_natural,17,83,19.766666666666666,-0.7471221685409546,0.07741106606103218
COHFACE_s14_session3_natural,17,84,19.8,-0.8710045218467712,0.08723795488046494
COHFACE_s14_session3_natural,17,85,19.833333333333332,-0.9952269792556763,0.08998871085897234
COHFACE_s14_session3_natural,17,86,19.866666666666667,-1.0587154626846313,0.08614284133249067
COHFACE_s14_session3_natural,17,87,19.9,-1.0349454879760742,0.07711259314119658
COHFACE_s14_session3_natural,17,88,19.933333333333334,-0.6237158179283142,0.06497653999429852
COHFACE_s14_session3_natural,17,89,19.966666666666665,0.4268871247768402,0.05201146544769621
COHFACE_s14_session3_natural,17,90,20.0,1.4737495183944702,0.04014045890549782
COHFACE_s14_session3_natural,17,91,20.033333333333335,1.8563125133514404,0.030469394959640326
COHFACE_s14_session3_natural,17,92,20.066666666666666,1.7303897142410278,0.023145675350648834
COHFACE_s14_session3_natural,17,93,20.1,1.3956046104431152,0.01770567636997389
COHFACE_s14_session3_natural,17,94,20.133333333333333,0.8824601173400879,0.013805113240445793
COHFACE_s14_session3_natural,17,95,20.166666666666668,0.5372353196144104,0.01189607309365015
COHFACE_s14_session3_natural,17,96,20.2,0.5393776297569275,0.013288999695008854
COHFACE_s14_session3_natural,17,97,20.233333333333334,0.5878016352653503,0.019335428310129875
COHFACE_s14_session3_natural,17,98,20.266666666666666,0.43627268075942993,0.030114108222954173
COHFACE_s14_session3_natural,17,99,20.3,0.15426425635814667,0.04349608356631166
COHFACE_s14_session3_natural,17,100,20.333333333333332,-0.14644725620746613,0.055349214447917044
COHFACE_s14_session3_natural,17,101,20.366666666666667,-0.3830242156982422,0.06098478278602339
COHFACE_s14_session3_natural,17,102,20.4,-0.5317987203598022,0.057179764033488095
COHFACE_s14_session3_natural,17,103,20.433333333333334,-0.6332374215126038,0.043737832902452096
COHFACE_s14_session3_natural,17,104,20.466666666666665,-0.7169591784477234,0.023824657481804373
COHFACE_s14_session3_natural,17,105,20.5,-0.8308099508285522,0.00296046323091337
COHFACE_s14_session3_natural,17,106,20.533333333333335,-0.9680564999580383,-0.012868457443099628
COHFACE_s14_session3_natural,17,107,20.566666666666666,-1.094217300415039,-0.019239152091279726
COHFACE_s14_session3_natural,17,108,20.6,-1.154203176498413,-0.01476789312067119
COHFACE_s14_session3_natural,17,109,20.633333333333333,-1.100168228149414,-0.0016057677308345506
COHFACE_s14_session3_natural,17,110,20.666666666666668,-0.5788284540176392,0.015136861194170598
COHFACE_s14_session3_natural,17,111,20.7,0.5227488875389099,0.02885320976818115
COHFACE_s14_session3_natural,17,112,20.733333333333334,1.4454227685928345,0.033432272473651777
COHFACE_s14_session3_natural,17,113,20.766666666666666,1.6714240312576294,0.02527338110557857
COHFACE_s14_session3_natural,17,114,20.8,1.4858894348144531,0.00467883404146841
COHFACE_s14_session3_natural,17,115,20.833333333333332,1.0976475477218628,-0.02395765676821476
COHFACE_s14_session3_natural,17,116,20.866666666666667,0.5841630101203918,-0.053362252202855
COHFACE_s14_session3_natural,17,117,20.9,0.33809852600097656,-0.07566726371304686
COHFACE_s14_session3_natural,17,118,20.933333333333334,0.40015873312950134,-0.08504967798749914
COHFACE_s14_session3_natural,17,119,20.966666666666665,0.44542017579078674,-0.07977286592247866
COHFACE_s14_session3_natural,17,120,21.0,0.27097147703170776,-0.06270868070259686
COHFACE_s14_session3_natural,17,121,21.033333333333335,-0.024061109870672226,-0.04000836764042116
COHFACE_s14_session3_natural,17,122,21.066666666666666,-0.31654325127601624,-0.018654920262821003
COHFACE_s14_session3_natural,17,123,21.1,-0.5236373543739319,-0.004186375612965344
COHFACE_s14_session3_natural,17,124,21.133333333333333,-0.6604759097099304,0.0006729049969511055
COHFACE_s14_session3_natural,17,125,21.166666666666668,-0.7364444136619568,-0.003500649907048997
COHFACE_s14_session3_natural,17,126,21.2,-0.7991847395896912,-0.013156429650578373
COHFACE_s14_session3_natural,17,127,21.233333333333334,-0.9084787368774414,-0.023031368260099112
COHFACE_s14_session3_natural,17,128,21.266666666666666,-1.0358636379241943,-0.02814201326232968
COHFACE_s14_session3_natural,17,129,21.3,-1.157977819442749,-0.025739457389550975
COHFACE_s14_session3_natural,17,130,21.333333333333332,-1.2281653881072998,-0.01630722481329221
COHFACE_s14_session3_natural,17,131,21.366666666666667,-1.2228604555130005,-0.00312562969798339
COHFACE_s14_session3_natural,17,132,21.4,-0.7867386937141418,0.00930448235780194
COHFACE_s14_session3_natural,17,133,21.433333333333334,0.228056401014328,0.01713425560431541
COHFACE_s14_session3_natural,17,134,21.466666666666665,1.1378082036972046,0.018522804211665127
COHFACE_s14_session3_natural,17,135,21.5,1.3844847679138184,0.014082742566762712
COHFACE_s14_session3_natural,17,136,21.533333333333335,1.1867082118988037,0.0064408588687635245
COHFACE_s14_session3_natural,17,137,21.566666666666666,0.8234264254570007,-0.0007910917098354216
COHFACE_s14_session3_natural,17,138,21.6,0.35166674852371216,-0.004222308698223073
COHFACE_s14_session3_natural,17,139,21.633333333333333,0.10407198965549469,-0.0016870815122959895
COHFACE_s14_session3_natural,17,140,21.666666666666668,0.1750756800174713,0.007181876381107217
COHFACE_s14_session3_natural,17,141,21.7,0.25260844826698303,0.020890285723184205
COHFACE_s14_session3_natural,17,142,21.733333333333334,0.12233299016952515,0.03652229375818401
COHFACE_s14_session3_natural,17,143,21.766666666666666,-0.13801386952400208,0.0505656433083029
COHFACE_s14_session3_natural,17,144,21.8,-0.397952675819397,0.05983249859564571
COHFACE_s14_session3_natural,17,145,21.833333333333332,-0.5873298645019531,0.06214699505447106
COHFACE_s14_session3_natural,17,146,21.866666666666667,-0.7168911695480347,0.05668370375104184
COHFACE_s14_session3_natural,17,147,21.9,-0.8043875694274902,0.044076687146725115
COHFACE_s14_session3_natural,17,148,21.933333333333334,-0.8721607327461243,0.02641741779279124
COHFACE_s14_session3_natural,17,149,21.966666666666665,-0.9388797283172607,0.007067091329133748
COHFACE_s14_session3_natural,17,150,22.0,-1.0470855236053467,-0.009933685465887746
COHFACE_s14_session3_natural,17,151,22.033333333333335,-1.1701518297195435,-0.020922278829754122
COHFACE_s14_session3_natural,17,152,22.066666666666666,-1.239693284034729,-0.023776895436643977
COHFACE_s14_session3_natural,17,153,22.1,-1.222656488418579,-0.018572020864490345
COHFACE_s14_session3_natural,17,154,22.133333333333333,-0.8156434297561646,-0.007386941028274063
COHFACE_s14_session3_natural,17,155,22.166666666666668,0.17116503417491913,0.006514570183532146
COHFACE_s14_session3_natural,17,156,22.2,1.0703750848770142,0.019558708024696468
COHFACE_s14_session3_natural,17,157,22.233333333333334,1.3352786302566528,0.028344716277850672
COHFACE_s14_session3_natural,17,158,22.266666666666666,1.1624622344970703,0.02981258246664888
COHFACE_s14_session3_natural,17,159,22.3,0.8339001536369324,0.021583398836404553
COHFACE_s14_session3_natural,17,160,22.333333333333332,0.39152130484580994,0.0028247296618962125
COHFACE_s14_session3_natural,17,161,22.366666666666667,0.1265156865119934,-0.024615340402477415
COHFACE_s14_session3_natural,17,162,22.4,0.17079097032546997,-0.0556676097978389
COHFACE_s14_session3_natural,17,163,22.433333333333334,0.24383500218391418,-0.08295744350521332
COHFACE_s14_session3_natural,17,164,22.466666666666665,0.15181584656238556,-0.09921919823775115
COHFACE_s14_session3_natural,17,165,22.5,-0.08302681893110275,-0.10015498604253317
COHFACE_s14_session3_natural,17,166,22.533333333333335,-0.33000949025154114,-0.0861442289505023
COHFACE_s14_session3_natural,17,167,22.566666666666666,-0.5187745690345764,-0.06175689805453706
COHFACE_s14_session3_natural,17,168,22.6,-0.6570753455162048,-0.03343074088826052
COHFACE_s14_session3_natural,17,169,22.633333333333333,-0.7500126361846924,-0.006797530009290251
COHFACE_s14_session3_natural,17,170,22.666666666666668,-0.7898331880569458,0.01493764764746999
COHFACE_s14_session3_natural,17,171,22.7,-0.8338704109191895,0.031095830251202657
COHFACE_s14_session3_natural,17,172,22.733333333333334,-0.920890748500824,0.04254102566097606
COHFACE_s14_session3_natural,17,173,22.766666666666666,-1.0338913202285767,0.05044386634830233
COHFACE_s14_session3_natural,17,174,22.8,-1.101358413696289,0.05545979719177142
COHFACE_s14_session3_natural,17,175,22.833333333333332,-1.067999005317688,0.057560799481953466
COHFACE_s14_session3_natural,17,176,22.866666666666667,-0.6707455515861511,0.0563902637145524
COHFACE_s14_session3_natural,17,177,22.9,0.2988220453262329,0.05179615038287438
COHFACE_s14_session3_natural,17,178,22.933333333333334,1.202928900718689,0.04414482559058596
COHFACE_s14_session3_natural,17,179,22.966666666666665,1.4672883749008179,0.03421750440188234
COHFACE_s14_session3_natural,17,180,23.0,1.3018511533737183,0.022883159579039913
COHFACE_s14_session3_natural,17,181,23.033333333333335,1.0660223960876465,0.010933397567232987
COHFACE_s14_session3_natural,17,182,23.066666666666666,0.6565949320793152,-0.0007887389599632773
COHFACE_s14_session3_natural,17,183,23.1,0.33116137981414795,-0.011206280346294199
COHFACE_s14_session3_natural,17,184,23.133333333333333,0.3761847913265228,-0.019084216528274335
COHFACE_s14_session3_natural,17,185,23.166666666666668,0.476875364780426,-0.023450908445000793
COHFACE_s14_session3_natural,17,186,23.2,0.4260369837284088,-0.024166362097280816
COHFACE_s14_session3_natural,17,187,23.233333333333334,0.2506020963191986,-0.02227848746668377
COHFACE_s14_session3_natural,17,188,23.266666666666666,0.02147238701581955,-0.01986086837079606
COHFACE_s14_session3_natural,17,189,23.3,-0.18738999962806702,-0.019266929982665215
COHFACE_s14_session3_natural,17,190,23.333333333333332,-0.33721867203712463,-0.022054672781962267
COHFACE_s14_session3_natural,17,191,23.366666666666667,-0.44763484597206116,-0.028083737574954797
COHFACE_s14_session3_natural,17,192,23.4,-0.5528141856193542,-0.035315129095562885
COHFACE_s14_session3_natural,17,193,23.433333333333334,-0.6681271195411682,-0.04055664968069042
COHFACE_s14_session3_natural,17,194,23.466666666666665,-0.8116647601127625,-0.040866314192825826
COHFACE_s14_session3_natural,17,195,23.5,-0.9353771209716797,-0.034857159222336516
COHFACE_s14_session3_natural,17,196,23.533333333333335,-1.0249139070510864,-0.023095128455874483
COHFACE_s14_session3_natural,17,197,23.566666666666666,-1.036815881729126,-0.007334614295369129
COHFACE_s14_session3_natural,17,198,23.6,-0.6150444149971008,0.010764408048952694
COHFACE_s14_session3_natural,17,199,23.633333333333333,0.3703698217868805,0.03035952804172154
COHFACE_s14_session3_natural,17,200,23.666666666666668,1.1928632259368896,0.05104219994140446
COHFACE_s14_session3_natural,17,201,23.7,1.403153896331787,0.07173402345161456
COHFACE_s14_session3_natural,17,202,23.733333333333334,1.2529171705245972,0.08975222572945253
COHFACE_s14_session3_natural,17,203,23.766666666666666,0.9672700762748718,0.10078788464181133
COHFACE_s14_session3_natural,17,204,23.8,0.553864061832428,0.09999124543795591
COHFACE_s14_session3_natural,17,205,23.833333333333332,0.28100311756134033,0.08378078436793421
COHFACE_s14_session3_natural,17,206,23.866666666666667,0.29215696454048157,0.05166304162149538
COHFACE_s14_session3_natural,17,207,23.9,0.38125163316726685,0.007273840409244354
COHFACE_s14_session3_natural,17,208,23.933333333333334,0.3002502918243408,-0.04199896826795282
COHFACE_s14_session3_natural,17,209,23.966666666666665,0.058606501668691635,-0.0869088104308233
COHFACE_s14_session3_natural,17,210,24.0,-0.2120780646800995,-0.11900836680088867
COHFACE_s14_session3_natural,17,211,24.033333333333335,-0.4177779257297516,-0.13286059426377717
COHFACE_s14_session3_natural,17,212,24.066666666666666,-0.5670965313911438,-0.12700134814012268
COHFACE_s14_session3_natural,17,213,24.1,-0.6770706176757812,-0.10364748946699816
COHFACE_s14_session3_natural,17,214,24.133333333333333,-0.7680355906486511,-0.06762397814776011
COHFACE_s14_session3_natural,17,215,24.166666666666668,-0.8731468915939331,-0.02505301976940046
COHFACE_s14_session3_natural,17,216,24.2,-0.9953629970550537,0.01777887210284327
COHFACE_s14_session3_natural,17,217,24.233333333333334,-1.1058131456375122,0.05518083268661735
COHFACE_s14_session3_natural,17,218,24.266666666666666,-1.1687915325164795,0.08250131670411227
COHFACE_s14_session3_natural,17,219,24.3,-1.0878922939300537,0.0964700352304714
COHFACE_s14_session3_natural,17,220,24.333333333333332,-0.5516239404678345,0.09561816314109746
COHFACE_s14_session3_natural,17,221,24.366666666666667,0.3913172781467438,0.08074196967734032
COHFACE_s14_session3_natural,17,222,24.4,1.1092435121536255,0.05512001196523482
COHFACE_s14_session3_natural,17,223,24.433333333333334,1.2417632341384888,0.024135733207552357
COHFACE_s14_session3_natural,17,224,24.466666666666665,1.0516040325164795,-0.005793337917035208
COHFACE_s14_session3_natural,17,225,24.5,0.7392285466194153,-0.02871409220557303
COHFACE_s14_session3_natural,17,226,24.533333333333335,0.34462758898735046,-0.04058609715075041
COHFACE_s14_session3_natural,17,227,24.566666666666666,0.14936743676662445,-0.04022770921029886
COHFACE_s14_session3_natural,17,228,24.6,0.20108996331691742,-0.02950579235441832
COHFACE_s14_session3_natural,17,229,24.633333333333333,0.22448581457138062,-0.0127470024304991
COHFACE_s14_session3_natural,17,230,24.666666666666668,0.08258044719696045,0.0044827627047589556
COHFACE_s14_session3_natural,17,231,24.7,-0.16249790787696838,0.01695458496417544
COHFACE_s14_session3_natural,17,232,24.733333333333334,-0.4064880609512329,0.021302759522238538
COHFACE_s14_session3_natural,17,233,24.766666666666666,-0.6089913845062256,0.017023372206035742
COHFACE_s14_session3_natural,17,234,24.8,-0.7464420199394226,0.006548051542292299
COHFACE_s14_session3_natural,17,235,24.833333333333332,-0.8483228087425232,-0.005725498010040249
COHFACE_s14_session3_natural,17,236,24.866666666666667,-0.9321126341819763,-0.01514954508204697
COHFACE_s14_session3_natural,17,237,24.9,-1.0111756324768066,-0.018634642649518408
COHFACE_s14_session3_natural,17,238,24.933333333333334,-1.087416172027588,-0.015804349456685414
COHFACE_s14_session3_natural,17,239,24.966666666666665,-1.1106419563293457,-0.00901731384634564
COHFACE_s14_session3_natural,18,0,18.0,0.8244125843048096,0.0028553832055486636
COHFACE_s14_session3_natural,18,1,18.033333333333335,0.30725544691085815,2.6622878910071393
COHFACE_s14_session3_natural,18,2,18.066666666666666,0.04871087148785591,4.912038287795266
COHFACE_s14_session3_natural,18,3,18.1,0.1285560131072998,6.442203564607122
COHFACE_s14_session3_natural,18,4,18.133333333333333,0.24118256568908691,7.1142639600368565
COHFACE_s14_session3_natural,18,5,18.166666666666668,0.10655439645051956,6.978806594411526
COHFACE_s14_session3_natural,18,6,18.2,-0.17157739400863647,6.233869117457661
COHFACE_s14_session3_natural,18,7,18.233333333333334,-0.451681524515152,5.1470515399619305
COHFACE_s14_session3_natural,18,8,18.266666666666666,-0.665100634098053,3.975215595142669
COHFACE_s14_session3_natural,18,9,18.3,-0.8047956228256226,2.9072496371264784
COHFACE_s14_session3_natural,18,10,18.333333333333332,-0.8855589628219604,2.0405123164429924
COHFACE_s14_session3_natural,18,11,18.366666666666667,-0.9699608683586121,1.3882444808403258
COHFACE_s14_session3_natural,18,12,18.4,-1.0875861644744873,0.9068771839430922
COHFACE_s14_session3_natural,18,13,18.433333333333334,-1.188242793083191,0.5296892913380699
COHFACE_s14_session3_natural,18,14,18.466666666666665,-1.2334702014923096,0.19557075999763157
COHFACE_s14_session3_natural,18,15,18.5,-1.1715459823608398,-0.1335300204609755
COHFACE_s14_session3_natural,18,16,18.533333333333335,-0.6250080466270447,-0.4678245749894339
COHFACE_s14_session3_natural,18,17,18.566666666666666,0.5045559406280518,-0.7950529606449854
COHFACE_s14_session3_natural,18,18,18.6,1.432024598121643,-1.0914080905654195
COHFACE_s14_session3_natural,18,19,18.633333333333333,1.6743484735488892,-1.3331201095344996
COHFACE_s14_session3_natural,18,20,18.666666666666668,1.497213363647461,-1.5048941119822508
COHFACE_s14_session3_natural,18,21,18.7,1.1216895580291748,-1.6033126247252685
COHFACE_s14_session3_natural,18,22,18.733333333333334,0.6239495873451233,-1.6354215846444489
COHFACE_s14_session3_natural,18,23,18.766666666666666,0.33609217405319214,-1.6143278013834554
COHFACE_s14_session3_natural,18,24,18.8,0.38074153661727905,-1.5542595459630077
COHFACE_s14_session3_natural,18,25,18.833333333333332,0.4563019871711731,-1.467083760462483
COHFACE_s14_session3_natural,18,26,18.866666666666667,0.30589520931243896,-1.3610678617038774
COHFACE_s14_session3_natural,18,27,18.9,0.004605610389262438,-1.2414193495403922
COHFACE_s14_session3_natural,18,28,18.933333333333334,-0.28049734234809875,-1.1114845218388296
COHFACE_s14_session3_natural,18,29,18.966666666666665,-0.49170610308647156,-0.9736683420240875
COHFACE_s14_session3_natural,18,30,19.0,-0.630856990814209,-0.8298669348515859
COHFACE_s14_session3_natural,18,31,19.033333333333335,-0.722740113735199,-0.6817750014041989
COHFACE_s14_session3_natural,18,32,19.066666666666666,-0.8183978796005249,-0.5313590104967365
COHFACE_s14_session3_natural,18,33,19.1,-0.9407840371131897,-0.38135716880670467
COHFACE_s14_session3_natural,18,34,19.133333333333333,-1.0471535921096802,-0.23543249355319495
COHFACE_s14_session3_natural,18,35,19.166666666666668,-1.0992841720581055,-0.0977864655000114
COHFACE_s14_session3_natural,18,36,19.2,-1.0310689210891724,0.027535352469391455
COHFACE_s14_session3_natural,18,37,19.233333333333334,-0.39713653922080994,0.13721124568967805
COHFACE_s14_session3_natural,18,38,19.266666666666666,0.7673512101173401,0.22892245802868993
COHFACE_s14_session3_natural,18,39,19.3,1.6492183208465576,0.3015611190324543
COHFACE_s14_session3_natural,18,40,19.333333333333332,1.8493412733078003,0.3555953637176373
COHFACE_s14_session3_natural,18,41,19.366666666666667,1.6714580059051514,0.39343265260066496
COHFACE_s14_session3_natural,18,42,19.4,1.302361249923706,0.4192150604935284
COHFACE_s14_session3_natural,18,43,19.433333333333334,0.7629644870758057,0.43762340121383836
COHFACE_s14_session3_natural,18,44,19.466666666666665,0.4953744113445282,0.4520789839534707
COHFACE_s14_session3_natural,18,45,19.5,0.5464168190956116,0.4634159205414488
COHFACE_s14_session3_natural,18,46,19.533333333333335,0.5539660453796387,0.46988700456298094
COHFACE_s14_session3_natural,18,47,19.566666666666666,0.3642828166484833,0.4684709938742947
COHFACE_s14_session3_natural,18,48,19.6,0.07591535151004791,0.45661005821193795
COHFACE_s14_session3_natural,18,49,19.633333333333333,-0.2121460735797882,0.43334723149495186
COHFACE_s14_session3_natural,18,50,19.666666666666668,-0.4293738305568695,0.3994488747797134
COHFACE_s14_session3_natural,18,51,19.7,-0.5395519733428955,0.3568444682495926
COHFACE_s14_session3_natural,18,52,19.733333333333334,-0.6337134838104248,0.3079447464970573
COHFACE_s14_session3_natural,18,53,19.766666666666666,-0.7471221685409546,0.25516574192546404
COHFACE_s14_session3_natural,18,54,19.8,-0.8710045218467712,0.2006867263712452
COHFACE_s14_session3_natural,18,55,19.833333333333332,-0.9952269792556763,0.14634231210437149
COHFACE_s14_session3_natural,18,56,19.866666666666667,-1.0587154626846313,0.09360757841513946
COHFACE_s14_session3_natural,18,57,19.9,-1.0349454879760742,0.04370655690483794
COHFACE_s14_session3_natural,18,58,19.933333333333334,-0.6237158179283142,-0.0021902056717714845
COHFACE_s14_session3_natural,18,59,19.966666666666665,0.4268871247768402,-0.04284036106319852
COHFACE_s14_session3_natural,18,60,20.0,1.4737495183944702,-0.07705846013911745
COHFACE_s14_session3_natural,18,61,20.033333333333335,1.8563125133514404,-0.10410061347282161
COHFACE_s14_session3_natural,18,62,20.066666666666666,1.7303897142410278,-0.12401753414739561
COHFACE_s14_session3_natural,18,63,20.1,1.3956046104431152,-0.13759488595298697
COHFACE_s14_session3_natural,18,64,20.133333333333333,0.8824601173400879,-0.14579218088648918
COHFACE_s14_session3_natural,18,65,20.166666666666668,0.5372353196144104,-0.14905163894163426
COHFACE_s14_session3_natural,18,66,20.2,0.5393776297569275,-0.14707850712670772
COHFACE_s14_session3_natural,18,67,20.233333333333334,0.5878016352653503,-0.1394219369602661
COHFACE_s14_session3_natural,18,68,20.266666666666666,0.43627268075942993,-0.12651715945460715
COHFACE_s14_session3_natural,18,69,20.3,0.15426425635814667,-0.11037779429705644
COHFACE_s14_session3_natural,18,70,20.333333333333332,-0.14644725620746613,-0.09432937713762544
COHFACE_s14_session3_natural,18,71,20.366666666666667,-0.3830242156982422,-0.08185293285161419
COHFACE_s14_session3_natural,18,72,20.4,-0.5317987203598022,-0.07521271486254767
COHFACE_s14_session3_natural,18,73,20.433333333333334,-0.6332374215126038,-0.07463833992357269
COHFACE_s14_session3_natural,18,74,20.466666666666665,-0.7169591784477234,-0.07836737767001421
COHFACE_s14_session3_natural,18,75,20.5,-0.8308099508285522,-0.08329016161591282
COHFACE_s14_session3_natural,18,76,20.533333333333335,-0.9680564999580383,-0.08575241339383355
COHFACE_s14_session3_natural,18,77,20.566666666666666,-1.094217300415039,-0.08226857807763233
COHFACE_s14_session3_natural,18,78,20.6,-1.154203176498413,-0.07018867858282649
COHFACE_s14_session3_natural,18,79,20.633333333333333,-1.100168228149414,-0.04844895204071249
COHFACE_s14_session3_natural,18,80,20.666666666666668,-0.5788284540176392,-0.018323676152609568
COHFACE_s14_session3_natural,18,81,20.7,0.5227488875389099,0.01620056415735433
COHFACE_s14_session3_natural,18,82,20.733333333333334,1.4454227685928345,0.04888279972261477
COHFACE_s14_session3_natural,18,83,20.766666666666666,1.6714240312576294,0.07270399843192374
COHFACE_s14_session3_natural,18,84,20.8,1.4858894348144531,0.08204074174845993
COHFACE_s14_session3_natural,18,85,20.833333333333332,1.0976475477218628,0.07476980022025988
COHFACE_s14_session3_natural,18,86,20.866666666666667,0.5841630101203918,0.053424945230674856
COHFACE_s14_session3_natural,18,87,20.9,0.33809852600097656,0.02477329621597683
COHFACE_s14_session3_natural,18,88,20.933333333333334,0.40015873312950134,-0.0022978652456230654
COHFACE_s14_session3_natural,18,89,20.966666666666665,0.44542017579078674,-0.019921838154723436
COHFACE_s14_session3_natural,18,90,21.0,0.27097147703170776,-0.024028822407704167
COHFACE_s14_session3_natural,18,91,21.033333333333335,-0.024061109870672226,-0.015420891139290413
COHFACE_s14_session3_natural,18,92,21.066666666666666,-0.31654325127601624,0.0011099505029407894
COHFACE_s14_session3_natural,18,93,21.1,-0.5236373543739319,0.018809400364248306
COHFACE_s14_session3_natural,18,94,21.133333333333333,-0.6604759097099304,0.031217335455578806
COHFACE_s14_session3_natural,18,95,21.166666666666668,-0.7364444136619568,0.034117480612268374
COHFACE_s14_session3_natural,18,96,21.2,-0.7991847395896912,0.026749259460785563
COHFACE_s14_session3_natural,18,97,21.233333333333334,-0.9084787368774414,0.011856940455856276
COHFACE_s14_session3_natural,18,98,21.266666666666666,-1.0358636379241943,-0.005505884356347671
COHFACE_s14_session3_natural,18,99,21.3,-1.157977819442749,-0.019938880668479236
COHFACE_s14_session3_natural,18,100,21.333333333333332,-1.2281653881072998,-0.027572736889892806
COHFACE_s14_session3_natural,18,101,21.366666666666667,-1.2228604555130005,-0.027104649175596535
COHFACE_s14_session3_natural,18,102,21.4,-0.7867386937141418,-0.019761009837670783
COHFACE_s14_session3_natural,18,103,21.433333333333334,0.228056401014328,-0.008476675201231994
COHFACE_s14_session3_natural,18,104,21.466666666666665,1.1378082036972046,0.0032720573135822844
COHFACE_s14_session3_natural,18,105,21.5,1.3844847679138184,0.01262070091153719
COHFACE_s14_session3_natural,18,106,21.533333333333335,1.1867082118988037,0.018136260684877475
COHFACE_s14_session3_natural,18,107,21.566666666666666,0.8234264254570007,0.020044588910814853
COHFACE_s14_session3_natural,18,108,21.6,0.35166674852371216,0.01981602200314727
COHFACE_s14_session3_natural,18,109,21.633333333333333,0.10407198965549469,0.019324975250632415
COHFACE_s14_session3_natural,18,110,21.666666666666668,0.1750756800174713,0.01995818552711787
COHFACE_s14_session3_natural,18,111,21.7,0.25260844826698303,0.02204996170129143
COHFACE_s14_session3_natural,18,112,21.733333333333334,0.12233299016952515,0.024881621619045904
COHFACE_s14_session3_natural,18,113,21.766666666666666,-0.13801386952400208,0.027199921289014824
COHFACE_s14_session3_natural,18,114,21.8,-0.397952675819397,0.027891057123515143
COHFACE_s14_session3_natural,18,115,21.833333333333332,-0.5873298645019531,0.026370091711031156
COHFACE_s14_session3_natural,18,116,21.866666666666667,-0.7168911695480347,0.02253965116730604
COHFACE_s14_session3_natural,18,117,21.9,-0.8043875694274902,0.016549458893730266
COHFACE_s14_session3_natural,18,118,21.933333333333334,-0.8721607327461243,0.008695375973865493
COHFACE_s14_session3_natural,18,119,21.966666666666665,-0.9388797283172607,-0.0004132724551716107
COHFACE_s14_session3_natural,18,120,22.0,-1.0470855236053467,-0.009610720678043062
COHFACE_s14_session3_natural,18,121,22.033333333333335,-1.1701518297195435,-0.017179852976167042
COHFACE_s14_session3_natural,18,122,22.066666666666666,-1.239693284034729,-0.021231884043089004
COHFACE_s14_session3_natural,18,123,22.1,-1.222656488418579,-0.020281534135017144
COHFACE_s14_session3_natural,18,124,22.133333333333333,-0.8156434297561646,-0.013726127576952827
COHFACE_s14_session3_natural,18,125,22.166666666666668,0.17116503417491913,-0.002093234301490286
COHFACE_s14_session3_natural,18,126,22.2,1.0703750848770142,0.012827505688325703
COHFACE_s14_session3_natural,18,127,22.233333333333334,1.3352786302566528,0.027850337240176652
COHFACE_s14_session3_natural,18,128,22.266666666666666,1.1624622344970703,0.038490482094786824
COHFACE_s14_session3_natural,18,129,22.3,0.8339001536369324,0.039790125476741676
COHFACE_s14_session3_natural,18,130,22.333333333333332,0.39152130484580994,0.028087869579910205
COHFACE_s14_session3_natural,18,131,22.366666666666667,0.1265156865119934,0.003181611256251308
COHFACE_s14_session3_natural,18,132,22.4,0.17079097032546997,-0.030381413043721286
COHFACE_s14_session3_natural,18,133,22.433333333333334,0.24383500218391418,-0.06408654853787268
COHFACE_s14_session3_natural,18,134,22.466666666666665,0.15181584656238556,-0.08839606677965715
COHFACE_s14_session3_natural,18,135,22.5,-0.08302681893110275,-0.09653034104121046
COHFACE_s14_session3_natural,18,136,22.533333333333335,-0.33000949025154114,-0.0870843109377112
COHFACE_s14_session3_natural,18,137,22.566666666666666,-0.5187745690345764,-0.06408925991868908
COHFACE_s14_session3_natural,18,138,22.6,-0.6570753455162048,-0.03471705857271185
COHFACE_s14_session3_natural,18,139,22.633333333333333,-0.7500126361846924,-0.006169584938238578
COHFACE_s14_session3_natural,18,140,22.666666666666668,-0.7898331880569458,0.016602284347570332
COHFACE_s14_session3_natural,18,141,22.7,-0.8338704109191895,0.03160356511116152
COHFACE_s14_session3_natural,18,142,22.733333333333334,-0.920890748500824,0.039207903289775546
COHFACE_s14_session3_natural,18,143,22.766666666666666,-1.0338913202285767,0.04107935523621103
COHFACE_s14_session3_natural,18,144,22.8,-1.101358413696289,0.039248554213789914
COHFACE_s14_session3_natural,18,145,22.833333333333332,-1.067999005317688,0.03554738707885336
COHFACE_s14_session3_natural,18,146,22.866666666666667,-0.6707455515861511,0.03133620828390697
COHFACE_s14_session3_natural,18,147,22.9,0.2988220453262329,0.027401028149754272
COHFACE_s14_session3_natural,18,148,22.933333333333334,1.202928900718689,0.023916005292566857
COHFACE_s14_session3_natural,18,149,22.966666666666665,1.4672883749008179,0.020445217545313088
COHFACE_s14_session3_natural,18,150,23.0,1.3018511533737183,0.0160804997101405
COHFACE_s14_session3_natural,18,151,23.033333333333335,1.0660223960876465,0.00982644006039672
COHFACE_s14_session3_natural,18,152,23.066666666666666,0.6565949320793152,0.0011644652563212747
COHFACE_s14_session3_natural,18,153,23.1,0.33116137981414795,-0.009482361720929745
COHFACE_s14_session3_natural,18,154,23.133333333333333,0.3761847913265228,-0.020689914359623963
COHFACE_s14_session3_natural,18,155,23.166666666666668,0.476875364780426,-0.03048528818384154
COHFACE_s14_session3_natural,18,156,23.2,0.4260369837284088,-0.03710955060551483
COHFACE_s14_session3_natural,18,157,23.233333333333334,0.2506020963191986,-0.03969156672490093
COHFACE_s14_session3_natural,18,158,23.266666666666666,0.02147238701581955,-0.0384919615265666
COHFACE_s14_session3_natural,18,159,23.3,-0.18738999962806702,-0.03462540058756718
COHFACE_s14_session3_natural,18,160,23.333333333333332,-0.33721867203712463,-0.029442273215067098
COHFACE_s14_session3_natural,18,161,23.366666666666667,-0.44763484597206116,-0.02392401734103781
COHFACE_s14_session3_natural,18,162,23.4,-0.5528141856193542,-0.01843786120823462
COHFACE_s14_session3_natural,18,163,23.433333333333334,-0.6681271195411682,-0.012953764860604504
COHFACE_s14_session3_natural,18,164,23.466666666666665,-0.8116647601127625,-0.007449227896809858
COHFACE_s14_session3_natural,18,165,23.5,-0.9353771209716797,-0.002038980494503544
COHFACE_s14_session3_natural,18,166,23.533333333333335,-1.0249139070510864,0.0034046432661674164
COHFACE_s14_session3_natural,18,167,23.566666666666666,-1.036815881729126,0.009880090929489148
COHFACE_s14_session3_natural,18,168,23.6,-0.6150444149971008,0.019493875459099568
COHFACE_s14_session3_natural,18,169,23.633333333333333,0.3703698217868805,0.03477057551723784
COHFACE_s14_session3_natural,18,170,23.666666666666668,1.1928632259368896,0.05712403624320391
COHFACE_s14_session3_natural,18,171,23.7,1.403153896331787,0.0852389401672725
COHFACE_s14_session3_natural,18,172,23.733333333333334,1.2529171705245972,0.11428853083519394
COHFACE_s14_session3_natural,18,173,23.766666666666666,0.9672700762748718,0.1365549401377689
COHFACE_s14_session3_natural,18,174,23.8,0.553864061832428,0.14339870384890166
COHFACE_s14_session3_natural,18,175,23.833333333333332,0.28100311756134033,0.12799134436146467
COHFACE_s14_session3_natural,18,176,23.866666666666667,0.29215696454048157,0.08797919406357038
COHFACE_s14_session3_natural,18,177,23.9,0.38125163316726685,0.027188656738490698
COHFACE_s14_session3_natural,18,178,23.933333333333334,0.3002502918243408,-0.044448319093633046
COHFACE_s14_session3_natural,18,179,23.966666666666665,0.058606501668691635,-0.11310430575832113
COHFACE_s14_session3_natural,18,180,24.0,-0.2120780646800995,-0.16482262868635744
COHFACE_s14_session3_natural,18,181,24.033333333333335,-0.4177779257297516,-0.18944956405138816
COHFACE_s14_session3_natural,18,182,24.066666666666666,-0.5670965313911438,-0.18326990590077794
COHFACE_s14_session3_natural,18,183,24.1,-0.6770706176757812,-0.14951059753584584
COHFACE_s14_session3_natural,18,184,24.133333333333333,-0.7680355906486511,-0.09677955560742328
COHFACE_s14_session3_natural,18,185,24.166666666666668,-0.8731468915939331,-0.03626632398193724
COHFACE_s14_session3_natural,18,186,24.2,-0.9953629970550537,0.021145584548795657
COHFACE_s14_session3_natural,18,187,24.233333333333334,-1.1058131456375122,0.06691960162595056
COHFACE_s14_session3_natural,18,188,24.266666666666666,-1.1687915325164795,0.09573154516144752
COHFACE_s14_session3_natural,18,189,24.3,-1.0878922939300537,0.10544796509198989
COHFACE_s14_session3_natural,18,190,24.333333333333332,-0.5516239404678345,0.09677558887297368
COHFACE_s14_session3_natural,18,191,24.366666666666667,0.3913172781467438,0.07296902003805787
COHFACE_s14_session3_natural,18,192,24.4,1.1092435121536255,0.03955313313047142
COHFACE_s14_session3_natural,18,193,24.433333333333334,1.2417632341384888,0.0036944754694662853
COHFACE_s14_session3_natural,18,194,24.466666666666665,1.0516040325164795,-0.027072710072139766
COHFACE_s14_session3_natural,18,195,24.5,0.7392285466194153,-0.04663154057129699
COHFACE_s14_session3_natural,18,196,24.533333333333335,0.34462758898735046,-0.05195869947666466
COHFACE_s14_session3_natural,18,197,24.566666666666666,0.14936743676662445,-0.04393521384511878
COHFACE_s14_session3_natural,18,198,24.6,0.20108996331691742,-0.026917710302542055
COHFACE_s14_session3_natural,18,199,24.633333333333333,0.22448581457138062,-0.0072767106843073595
COHFACE_s14_session3_natural,18,200,24.666666666666668,0.08258044719696045,0.008532402788741443
COHFACE_s14_session3_natural,18,201,24.7,-0.16249790787696838,0.01575863607071659
COHFACE_s14_session3_natural,18,202,24.733333333333334,-0.4064880609512329,0.012553305657418317
COHFACE_s14_session3_natural,18,203,24.766666666666666,-0.6089913845062256,0.0003271729748797842
COHFACE_s14_session3_natural,18,204,24.8,-0.7464420199394226,-0.016810642998355944
COHFACE_s14_session3_natural,18,205,24.833333333333332,-0.8483228087425232,-0.033412348178655266
COHFACE_s14_session3_natural,18,206,24.866666666666667,-0.9321126341819763,-0.044466622835380984
COHFACE_s14_session3_natural,18,207,24.9,-1.0111756324768066,-0.04698952010380357
COHFACE_s14_session3_natural,18,208,24.933333333333334,-1.087416172027588,-0.040832674932222625
COHFACE_s14_session3_natural,18,209,24.966666666666665,-1.1106419563293457,-0.028423612366918632
COHFACE_s14_session3_natural,18,210,25.0,-1.0603476762771606,-0.01366508597812199
COHFACE_s14_session3_natural,18,211,25.033333333333335,-0.7546713948249817,-0.000555749187328277
COHFACE_s14_session3_natural,18,212,25.066666666666666,0.05520594120025635,0.007991112303067035
COHFACE_s14_session3_natural,18,213,25.1,0.9301019906997681,0.010929586281576973
COHFACE_s14_session3_natural,18,214,25.133333333333333,1.2789654731750488,0.009399195654791213
COHFACE_s14_session3_natural,18,215,25.166666666666668,1.2117363214492798,0.006492117880389769
COHFACE_s14_session3_natural,18,216,25.2,0.9238789677619934,0.006375016883875405
COHFACE_s14_session3_natural,18,217,25.233333333333334,0.4678298830986023,0.012841546315012647
COHFACE_s14_session3_natural,18,218,25.266666666666666,0.18405315279960632,0.02770969488062583
COHFACE_s14_session3_natural,18,219,25.3,0.19150038063526154,0.04970756560306915
COHFACE_s14_session3_natural,18,220,25.333333333333332,0.28083309531211853,0.0743741950963557
COHFACE_s14_session3_natural,18,221,25.366666666666667,0.2518943250179291,0.09513623088074484
COHFACE_s14_session3_natural,18,222,25.4,0.05765434354543686,0.10532184299370123
COHFACE_s14_session3_natural,18,223,25.433333333333334,-0.166544571518898,0.10052085411225367
COHFACE_s14_session3_natural,18,224,25.466666666666665,-0.35983237624168396,0.08044365378582144
COHFACE_s14_session3_natural,18,225,25.5,-0.5084368586540222,0.049401551891437134
COHFACE_s14_session3_natural,18,226,25.533333333333335,-0.5902883410453796,0.014898833196312068
COHFACE_s14_session3_natural,18,227,25.566666666666666,-0.6605439186096191,-0.015286719689293793
COHFACE_s14_session3_natural,18,228,25.6,-0.7438915967941284,-0.03609284402642437
COHFACE_s14_session3_natural,18,229,25.633333333333333,-0.8320341110229492,-0.04657016122951639
COHFACE_s14_session3_natural,18,230,25.666666666666668,-0.910723090171814,-0.04915138090633916
COHFACE_s14_session3_natural,18,231,25.7,-0.9348670840263367,-0.047669312893032875
COHFACE_s14_session3_natural,18,232,25.733333333333334,-0.6868982315063477,-0.04545467706515334
COHFACE_s14_session3_natural,18,233,25.766666666666666,0.09730487316846848,-0.044327717483964364
COHFACE_s14_session3_natural,18,234,25.8,1.0271199941635132,-0.04451149956970996
COHFACE_s14_session3_natural,18,235,25.833333333333332,1.4710290431976318,-0.04505939826677741
COHFACE_s14_session3_natural,18,236,25.866666666666667,1.451169729232788,-0.044485200070549034
COHFACE_s14_session3_natural,18,237,25.9,1.236254334449768,-0.041492317863423105
COHFACE_s14_session3_natural,18,238,25.933333333333334,0.8333900570869446,-0.035623991704676165
COHFACE_s14_session3_natural,18,239,25.966666666666665,0.5124452114105225,-0.02752653832099201
COHFACE_s14_session3_natural,19,0,19.0,-0.630856990814209,0.004719139433782572
COHFACE_s14_session3_natural,19,1,19.033333333333335,-0.722740113735199,2.6787047692703614
COHFACE_s14_session3_natural,19,2,19.066666666666666,-0.8183978796005249,4.939224143609695
COHFACE_s14_session3_natural,19,3,19.1,-0.9407840371131897,6.473688597636641
COHFACE_s14_session3_natural,19,4,19.133333333333333,-1.0471535921096802,7.1428158412882015
COHFACE_s14_session3_natural,19,5,19.166666666666668,-1.0992841720581055,6.998201891830695
COHFACE_s14_session3_natural,19,6,19.2,-1.0310689210891724,6.239788834217391
COHFACE_s14_session3_natural,19,7,19.233333333333334,-0.39713653922080994,5.136933320009774
COHFACE_s14_session3_natural,19,8,19.266666666666666,0.7673512101173401,3.94752323170033
COHFACE_s14_session3_natural,19,9,19.3,1.6492183208465576,2.860963167610554
COHFACE_s14_session3_natural,19,10,19.333333333333332,1.8493412733078003,1.975521730293564
COHFACE_s14_session3_natural,19,11,19.366666666666667,1.6714580059051514,1.3067259027375688
COHFACE_s14_session3_natural,19,12,19.4,1.302361249923706,0.8148595570865413
COHFACE_s14_session3_natural,19,13,19.433333333333334,0.7629644870758057,0.43748223765802896
COHFACE_s14_session3_natural,19,14,19.466666666666665,0.4953744113445282,0.11613084801377363
COHFACE_s14_session3_natural,19,15,19.5,0.5464168190956116,-0.1880044225384176
COHFACE_s14_session3_natural,19,16,19.533333333333335,0.5539660453796387,-0.48962830978581384
COHFACE_s14_session3_natural,19,17,19.566666666666666,0.3642828166484833,-0.7833059953623644
COHFACE_s14_session3_natural,19,18,19.6,0.07591535151004791,-1.0519947571288037
COHFACE_s14_session3_natural,19,19,19.633333333333333,-0.2121460735797882,-1.276473764955719
COHFACE_s14_session3_natural,19,20,19.666666666666668,-0.4293738305568695,-1.442731087651961
COHFACE_s14_session3_natural,19,21,19.7,-0.5395519733428955,-1.5455749152945701
COHFACE_s14_session3_natural,19,22,19.733333333333334,-0.6337134838104248,-1.5883860441355462
COHFACE_s14_session3_natural,19,23,19.766666666666666,-0.7471221685409546,-1.5803332442537628
COHFACE_s14_session3_natural,19,24,19.8,-0.8710045218467712,-1.5328591228469313
COHFACE_s14_session3_natural,19,25,19.833333333333332,-0.9952269792556763,-1.456831804626851
COHFACE_s14_session3_natural,19,26,19.866666666666667,-1.0587154626846313,-1.360927257159337
COHFACE_s14_session3_natural,19,27,19.9,-1.0349454879760742,-1.2511210403640556
COHFACE_s14_session3_natural,19,28,19.933333333333334,-0.6237158179283142,-1.1309354121608095
COHFACE_s14_session3_natural,19,29,19.966666666666665,0.4268871247768402,-1.0021490899039645
COHFACE_s14_session3_natural,19,30,20.0,1.4737495183944702,-0.8657339588635485
COHFACE_s14_session3_natural,19,31,20.033333333333335,1.8563125133514404,-0.7227680333482721
COHFACE_s14_session3_natural,19,32,20.066666666666666,1.7303897142410278,-0.5750629697519595
COHFACE_s14_session3_natural,19,33,20.1,1.3956046104431152,-0.42529977337572494
COHFACE_s14_session3_natural,19,34,20.133333333333333,0.8824601173400879,-0.2766300463316611
COHFACE_s14_session3_natural,19,35,20.166666666666668,0.5372353196144104,-0.1319896536897208
COHFACE_s14_session3_natural,19,36,20.2,0.5393776297569275,0.006347930582547446
COHFACE_s14_session3_natural,19,37,20.233333333333334,0.5878016352653503,0.13652789871969392
COHFACE_s14_session3_natural,19,38,20.266666666666666,0.43627268075942993,0.2562794481787039
COHFACE_s14_session3_natural,19,39,20.3,0.15426425635814667,0.3621382668856987
COHFACE_s14_session3_natural,19,40,20.333333333333332,-0.14644725620746613,0.44941244725755586
COHFACE_s14_session3_natural,19,41,20.366666666666667,-0.3830242156982422,0.5131394875468999
COHFACE_s14_session3_natural,19,42,20.4,-0.5317987203598022,0.5497174423371001
COHFACE_s14_session3_natural,19,43,20.433333333333334,-0.6332374215126038,0.5585294152282331
COHFACE_s14_session3_natural,19,44,20.466666666666665,-0.7169591784477234,0.5428668962302876
COHFACE_s14_session3_natural,19,45,20.5,-0.8308099508285522,0.5096846767272635
COHFACE_s14_session3_natural,19,46,20.533333333333335,-0.9680564999580383,0.4680519770944072
COHFACE_s14_session3_natural,19,47,20.566666666666666,-1.094217300415039,0.4266556379444256
COHFACE_s14_session3_natural,19,48,20.6,-1.154203176498413,0.3912810141276609
COHFACE_s14_session3_natural,19,49,20.633333333333333,-1.100168228149414,0.36335708301040565
COHFACE_s14_session3_natural,19,50,20.666666666666668,-0.5788284540176392,0.3401168408682798
COHFACE_s14_session3_natural,19,51,20.7,0.5227488875389099,0.3161524519410108
COHFACE_s14_session3_natural,19,52,20.733333333333334,1.4454227685928345,0.2857083869257879
COHFACE_s14_session3_natural,19,53,20.766666666666666,1.6714240312576294,0.2449697173974763
COHFACE_s14_session3_natural,19,54,20.8,1.4858894348144531,0.1936558815797956
COHFACE_s14_session3_natural,19,55,20.833333333333332,1.0976475477218628,0.13539741492136784
COHFACE_s14_session3_natural,19,56,20.866666666666667,0.5841630101203918,0.07670296374054034
COHFACE_s14_session3_natural,19,57,20.9,0.33809852600097656,0.02477251127551604
COHFACE_s14_session3_natural,19,58,20.933333333333334,0.40015873312950134,-0.01513023216284995
COHFACE_s14_session3_natural,19,59,20.966666666666665,0.44542017579078674,-0.041696734058086646
COHFACE_s14_session3_natural,19,60,21.0,0.27097147703170776,-0.05794843944222337
COHFACE_s14_session3_natural,19,61,21.033333333333335,-0.024061109870672226,-0.0696419505097926
COHFACE_s14_session3_natural,19,62,21.066666666666666,-0.31654325127601624,-0.08260672059139067
COHFACE_s14_session3_natural,19,63,21.1,-0.5236373543739319,-0.10052482169192406
COHFACE_s14_session3_natural,19,64,21.133333333333333,-0.6604759097099304,-0.12396597602906805
COHFACE_s14_session3_natural,19,65,21.166666666666668,-0.7364444136619568,-0.150503345807629
COHFACE_s14_session3_natural,19,66,21.2,-0.7991847395896912,-0.1755628687559477
COHFACE_s14_session3_natural,19,67,21.233333333333334,-0.9084787368774414,-0.1938834141385547
COHFACE_s14_session3_natural,19,68,21.266666666666666,-1.0358636379241943,-0.20130824225764954
COHFACE_s14_session3_natural,19,69,21.3,-1.157977819442749,-0.19626326337266053
COHFACE_s14_session3_natural,19,70,21.333333333333332,-1.2281653881072998,-0.1802457403004373
COHFACE_s14_session3_natural,19,71,21.366666666666667,-1.2228604555130005,-0.15709933226229778
COHFACE_s14_session3_natural,19,72,21.4,-0.7867386937141418,-0.13152170376041494
COHFACE_s14_session3_natural,19,73,21.433333333333334,0.228056401014328,-0.10759759831190518
COHFACE_s14_session3_natural,19,74,21.466666666666665,1.1378082036972046,-0.08788445785251953
COHFACE_s14_session3_natural,19,75,21.5,1.3844847679138184,-0.07309326726836081
COHFACE_s14_session3_natural,19,76,21.533333333333335,1.1867082118988037,-0.06220127960323424
COHFACE_s14_session3_natural,19,77,21.566666666666666,0.8234264254570007,-0.05289642614385189
COHFACE_s14_session3_natural,19,78,21.6,0.35166674852371216,-0.0423277688005867
COHFACE_s14_session3_natural,19,79,21.633333333333333,0.10407198965549469,-0.028077019596246984
COHFACE_s14_session3_natural,19,80,21.666666666666668,0.1750756800174713,-0.00909184042260951
COHFACE_s14_session3_natural,19,81,21.7,0.25260844826698303,0.013806277842021951
COHFACE_s14_session3_natural,19,82,21.733333333333334,0.12233299016952515,0.03813606854133628
COHFACE_s14_session3_natural,19,83,21.766666666666666,-0.13801386952400208,0.06064017671109118
COHFACE_s14_session3_natural,19,84,21.8,-0.397952675819397,0.07836120935136168
COHFACE_s14_session3_natural,19,85,21.833333333333332,-0.5873298645019531,0.08933456531897818
COHFACE_s14_session3_natural,19,86,21.866666666666667,-0.7168911695480347,0.09272214789707242
COHFACE_s14_session3_natural,19,87,21.9,-0.8043875694274902,0.08868304131013173
COHFACE_s14_session3_natural,19,88,21.933333333333334,-0.8721607327461243,0.07833747686219587
COHFACE_s14_session3_natural,19,89,21.966666666666665,-0.9388797283172607,0.06384782038240057
COHFACE_s14_session3_natural,19,90,22.0,-1.0470855236053467,0.048281917753490285
COHFACE_s14_session3_natural,19,91,22.033333333333335,-1.1701518297195435,0.03495776898251373
COHFACE_s14_session3_natural,19,92,22.066666666666666,-1.239693284034729,0.026455387817844088
COHFACE_s14_session3_natural,19,93,22.1,-1.222656488418579,0.023866289682443094
COHFACE_s14_session3_natural,19,94,22.133333333333333,-0.8156434297561646,0.026657809823728524
COHFACE_s14_session3_natural,19,95,22.166666666666668,0.17116503417491913,0.03302881709402014
COHFACE_s14_session3_natural,19,96,22.2,1.0703750848770142,0.040356170671552914
COHFACE_s14_session3_natural,19,97,22.233333333333334,1.3352786302566528,0.045478564043171604
COHFACE_s14_session3_natural,19,98,22.266666666666666,1.1624622344970703,0.04497255577245724
COHFACE_s14_session3_natural,19,99,22.3,0.8339001536369324,0.035828933522229406
COHFACE_s14_session3_natural,19,100,22.333333333333332,0.39152130484580994,0.01671081219028904
COHFACE_s14_session3_natural,19,101,22.366666666666667,0.1265156865119934,-0.010655939428749676
COHFACE_s14_session3_natural,19,102,22.4,0.17079097032546997,-0.04098509668142389
COHFACE_s14_session3_natural,19,103,22.433333333333334,0.24383500218391418,-0.0667080012294623
COHFACE_s14_session3_natural,19,104,22.466666666666665,0.15181584656238556,-0.0808461914338719
COHFACE_s14_session3_natural,19,105,22.5,-0.08302681893110275,-0.0800697314021441
COHFACE_s14_session3_natural,19,106,22.533333333333335,-0.33000949025154114,-0.06614063340419772
COHFACE_s14_session3_natural,19,107,22.566666666666666,-0.5187745690345764,-0.04480363215968718
COHFACE_s14_session3_natural,19,108,22.6,-0.6570753455162048,-0.022840702164087668
COHFACE_s14_session3_natural,19,109,22.633333333333333,-0.7500126361846924,-0.005138652931115547
COHFACE_s14_session3_natural,19,110,22.666666666666668,-0.7898331880569458,0.006696366781435664
COHFACE_s14_session3_natural,19,111,22.7,-0.8338704109191895,0.013862393710710618
COHFACE_s14_session3_natural,19,112,22.733333333333334,-0.920890748500824,0.0187472532866054
COHFACE_s14_session3_natural,19,113,22.766666666666666,-1.0338913202285767,0.023258582883261138
COHFACE_s14_session3_natural,19,114,22.8,-1.101358413696289,0.027902072333751762
COHFACE_s14_session3_natural,19,115,22.833333333333332,-1.067999005317688,0.0318331473143745
COHFACE_s14_session3_natural,19,116,22.866666666666667,-0.6707455515861511,0.03360110451316048
COHFACE_s14_session3_natural,19,117,22.9,0.2988220453262329,0.032037360320435686
COHFACE_s14_session3_natural,19,118,22.933333333333334,1.202928900718689,0.026752800503505134
COHFACE_s14_session3_natural,19,119,22.966666666666665,1.4672883749008179,0.018041747196253802
COHFACE_s14_session3_natural,19,120,23.0,1.3018511533737183,0.006491000243388411
COHFACE_s14_session3_natural,19,121,23.033333333333335,1.0660223960876465,-0.007199352841101242
COHFACE_s14_session3_natural,19,122,23.066666666666666,0.6565949320793152,-0.022012875574261785
COHFACE_s14_session3_natural,19,123,23.1,0.33116137981414795,-0.03634385920757632
COHFACE_s14_session3_natural,19,124,23.133333333333333,0.3761847913265228,-0.04808547273920827
COHFACE_s14_session3_natural,19,125,23.166666666666668,0.476875364780426,-0.05522043775430414
COHFACE_s14_session3_natural,19,126,23.2,0.4260369837284088,-0.056635437352208565
COHFACE_s14_session3_natural,19,127,23.233333333333334,0.2506020963191986,-0.05265517658530913
COHFACE_s14_session3_natural,19,128,23.266666666666666,0.02147238701581955,-0.044933355081778224
COHFACE_s14_session3_natural,19,129,23.3,-0.18738999962806702,-0.03572122150224506
COHFACE_s14_session3_natural,19,130,23.333333333333332,-0.33721867203712463,-0.026896526536179643
COHFACE_s14_session3_natural,19,131,23.366666666666667,-0.44763484597206116,-0.019278922113907363
COHFACE_s14_session3_natural,19,132,23.4,-0.5528141856193542,-0.012600844674175944
COHFACE_s14_session3_natural,19,133,23.433333333333334,-0.6681271195411682,-0.006094033543546427
COHFACE_s14_session3_natural,19,134,23.466666666666665,-0.8116647601127625,0.0007916227451433409
COHFACE_s14_session3_natural,19,135,23.5,-0.9353771209716797,0.008134587996161633
COHFACE_s14_session3_natural,19,136,23.533333333333335,-1.0249139070510864,0.015967207239372415
COHFACE_s14_session3_natural,19,137,23.566666666666666,-1.036815881729126,0.02501045225052988
COHFACE_s14_session3_natural,19,138,23.6,-0.6150444149971008,0.03702074207081078
COHFACE_s14_session3_natural,19,139,23.633333333333333,0.3703698217868805,0.05422004153835992
COHFACE_s14_session3_natural,19,140,23.666666666666668,1.1928632259368896,0.0778633684632157
COHFACE_s14_session3_natural,19,141,23.7,1.403153896331787,0.10660504394650484
COHFACE_s14_session3_natural,19,142,23.733333333333334,1.2529171705245972,0.13555953017578112
COHFACE_s14_session3_natural,19,143,23.766666666666666,0.9672700762748718,0.15671489086292145
COHFACE_s14_session3_natural,19,144,23.8,0.553864061832428,0.16080734213873812
COHFACE_s14_session3_natural,19,145,23.833333333333332,0.28100311756134033,0.1402024377573293
COHFACE_s14_session3_natural,19,146,23.866666666666667,0.29215696454048157,0.09196144466896304
COHFACE_s14_session3_natural,19,147,23.9,0.38125163316726685,0.02004245942487635
COHFACE_s14_session3_natural,19,148,23.933333333333334,0.3002502918243408,-0.06447579923384797
COHFACE_s14_session3_natural,19,149,23.966666666666665,0.058606501668691635,-0.1457471947247929
COHFACE_s14_session3_natural,19,150,24.0,-0.2120780646800995,-0.20749838927937958
COHFACE_s14_session3_natural,19,151,24.033333333333335,-0.4177779257297516,-0.23768332890665728
COHFACE_s14_session3_natural,19,152,24.066666666666666,-0.5670965313911438,-0.2316333086950643
COHFACE_s14_session3_natural,19,153,24.1,-0.6770706176757812,-0.1926703509618915
COHFACE_s14_session3_natural,19,154,24.133333333333333,-0.7680355906486511,-0.13031547427808668
COHFACE_s14_session3_natural,19,155,24.166666666666668,-0.8731468915939331,-0.05712996702771281
COHFACE_s14_session3_natural,19,156,24.2,-0.9953629970550537,0.014514578483189588
COHFACE_s14_session3_natural,19,157,24.233333333333334,-1.1058131456375122,0.0747605328509831
COHFACE_s14_session3_natural,19,158,24.266666666666666,-1.1687915325164795,0.11729097985356014
COHFACE_s14_session3_natural,19,159,24.3,-1.0878922939300537,0.13925731380657086
COHFACE_s14_session3_natural,19,160,24.333333333333332,-0.5516239404678345,0.140688365716458
COHFACE_s14_session3_natural,19,161,24.366666666666667,0.3913172781467438,0.1239424711201119
COHFACE_s14_session3_natural,19,162,24.4,1.1092435121536255,0.09336771910222297
COHFACE_s14_session3_natural,19,163,24.433333333333334,1.2417632341384888,0.054932704042468014
COHFACE_s14_session3_natural,19,164,24.466666666666665,1.0516040325164795,0.015522624528150088
COHFACE_s14_session3_natural,19,165,24.5,0.7392285466194153,-0.018179386648384123
COHFACE_s14_session3_natural,19,166,24.533333333333335,0.34462758898735046,-0.041022115198088384
COHFACE_s14_session3_natural,19,167,24.566666666666666,0.14936743676662445,-0.05054192026291858
COHFACE_s14_session3_natural,19,168,24.6,0.20108996331691742,-0.04754520775868282
COHFACE_s14_session3_natural,19,169,24.633333333333333,0.22448581457138062,-0.035862495020419806
COHFACE_s14_session3_natural,19,170,24.666666666666668,0.08258044719696045,-0.021259144986033197
COHFACE_s14_session3_natural,19,171,24.7,-0.16249790787696838,-0.009749316783457395
COHFACE_s14_session3_natural,19,172,24.733333333333334,-0.4064880609512329,-0.0057740031071396684
COHFACE_s14_session3_natural,19,173,24.766666666666666,-0.6089913845062256,-0.010825747628277722
COHFACE_s14_session3_natural,19,174,24.8,-0.7464420199394226,-0.023063524262709093
COHFACE_s14_session3_natural,19,175,24.833333333333332,-0.8483228087425232,-0.03814871176345219
COHFACE_s14_session3_natural,19,176,24.866666666666667,-0.9321126341819763,-0.05098392713356645
COHFACE_s14_session3_natural,19,177,24.9,-1.0111756324768066,-0.05758235792497777
COHFACE_s14_session3_natural,19,178,24.933333333333334,-1.087416172027588,-0.05626572501637085
COHFACE_s14_session3_natural,19,179,24.966666666666665,-1.1106419563293457,-0.04780440969251402
COHFACE_s14_session3_natural,19,180,25.0,-1.0603476762771606,-0.03470266064066861
COHFACE_s14_session3_natural,19,181,25.033333333333335,-0.7546713948249817,-0.020155727315480165
COHFACE_s14_session3_natural,19,182,25.066666666666666,0.05520594120025635,-0.007060497675615544
COHFACE_s14_session3_natural,19,183,25.1,0.9301019906997681,0.002813920505380963
COHFACE_s14_session3_natural,19,184,25.133333333333333,1.2789654731750488,0.009412829316874864
COHFACE_s14_session3_natural,19,185,25.166666666666668,1.2117363214492798,0.014513560793942816
COHFACE_s14_session3_natural,19,186,25.2,0.9238789677619934,0.021127843569616177
COHFACE_s14_session3_natural,19,187,25.233333333333334,0.4678298830986023,0.03218942988307874
COHFACE_s14_session3_natural,19,188,25.266666666666666,0.18405315279960632,0.04895299878195043
COHFACE_s14_session3_natural,19,189,25.3,0.19150038063526154,0.06982467879074283
COHFACE_s14_session3_natural,19,190,25.333333333333332,0.28083309531211853,0.09025367179892739
COHFACE_s14_session3_natural,19,191,25.366666666666667,0.2518943250179291,0.1039040523125459
COHFACE_s14_session3_natural,19,192,25.4,0.05765434354543686,0.10481857648887422
COHFACE_s14_session3_natural,19,193,25.433333333333334,-0.166544571518898,0.08985200680235393
COHFACE_s14_session3_natural,19,194,25.466666666666665,-0.35983237624168396,0.06041605835125086
COHFACE_s14_session3_natural,19,195,25.5,-0.5084368586540222,0.0226472967935529
COHFACE_s14_session3_natural,19,196,25.533333333333335,-0.5902883410453796,-0.014419088179788866
COHFACE_s14_session3_natural,19,197,25.566666666666666,-0.6605439186096191,-0.04214238190144281
COHFACE_s14_session3_natural,19,198,25.6,-0.7438915967941284,-0.05545371692872429
COHFACE_s14_session3_natural,19,199,25.633333333333333,-0.8320341110229492,-0.054188688359864345
COHFACE_s14_session3_natural,19,200,25.666666666666668,-0.910723090171814,-0.04207602651332635
COHFACE_s14_session3_natural,19,201,25.7,-0.9348670840263367,-0.02438501491265434
COHFACE_s14_session3_natural,19,202,25.733333333333334,-0.6868982315063477,-0.005722206843640578
COHFACE_s14_session3_natural,19,203,25.766666666666666,0.09730487316846848,0.011070307945728048
COHFACE_s14_session3_natural,19,204,25.8,1.0271199941635132,0.024826603334875894
COHFACE_s14_session3_natural,19,205,25.833333333333332,1.4710290431976318,0.03529215014984616
COHFACE_s14_session3_natural,19,206,25.866666666666667,1.451169729232788,0.04229887939512765
COHFACE_s14_session3_natural,19,207,25.9,1.236254334449768,0.04528881762876481
COHFACE_s14_session3_natural,19,208,25.933333333333334,0.8333900570869446,0.04335394134292362
COHFACE_s14_session3_natural,19,209,25.966666666666665,0.5124452114105225,0.03569898507175555
COHFACE_s14_session3_natural,19,210,26.0,0.46888405084609985,0.02215924496186028
COHFACE_s14_session3_natural,19,211,26.033333333333335,0.5481510758399963,0.003377489493538723
COHFACE_s14_session3_natural,19,212,26.066666666666666,0.5306721925735474,-0.019413254606432766
COHFACE_s14_session3_natural,19,213,26.1,0.32912102341651917,-0.0446997562171798
COHFACE_s14_session3_natural,19,214,26.133333333333333,0.0724467784166336,-0.07079290112344
COHFACE_s14_session3_natural,19,215,26.166666666666668,-0.13131476938724518,-0.0956908920954969
COHFACE_s14_session3_natural,19,216,26.2,-0.2697175443172455,-0.11690525226594996
COHFACE_s14_session3_natural,19,217,26.233333333333334,-0.3560577630996704,-0.1315465883916102
COHFACE_s14_session3_natural,19,218,26.266666666666666,-0.4181860089302063,-0.13688354941491218
COHFACE_s14_session3_natural,19,219,26.3,-0.5292482972145081,-0.13128750749637305
COHFACE_s14_session3_natural,19,220,26.333333333333332,-0.6514303684234619,-0.11507760555905726
COHFACE_s14_session3_natural,19,221,26.366666666666667,-0.7478362917900085,-0.09067719562041288
COHFACE_s14_session3_natural,19,222,26.4,-0.801837146282196,-0.06189596333879513
COHFACE_s14_session3_natural,19,223,26.433333333333334,-0.6207573413848877,-0.0327088453360528
COHFACE_s14_session3_natural,19,224,26.466666666666665,0.13409893214702606,-0.006143691605386827
COHFACE_s14_session3_natural,19,225,26.5,1.1676990985870361,0.016276369444809813
COHFACE_s14_session3_natural,19,226,26.533333333333335,1.7448080778121948,0.03446818118351514
COHFACE_s14_session3_natural,19,227,26.566666666666666,1.7799699306488037,0.049343971606740734
COHFACE_s14_session3_natural,19,228,26.6,1.5957615375518799,0.062287982043251686
COHFACE_s14_session3_natural,19,229,26.633333333333333,1.2229242324829102,0.07471286535014128
COHFACE_s14_session3_natural,19,230,26.666666666666668,0.8099601864814758,0.08768270241726014
COHFACE_s14_session3_natural,19,231,26.7,0.6646542549133301,0.10152606527462127
COHFACE_s14_session3_natural,19,232,26.733333333333334,0.7314412593841553,0.11544973114676423
COHFACE_s14_session3_natural,19,233,26.766666666666666,0.70505291223526,0.12732706611377645
COHFACE_s14_session3_natural,19,234,26.8,0.5122411847114563,0.13392845027545303
COHFACE_s14_session3_natural,19,235,26.833333333333332,0.2566891014575958,0.13174133413304895
COHFACE_s14_session3_natural,19,236,26.866666666666667,0.007292052730917931,0.11819633131904604
COHFACE_s14_session3_natural,19,237,26.9,-0.1934089958667755,0.09280764899218376
COHFACE_s14_session3_natural,19,238,26.933333333333334,-0.3158971667289734,0.0577029375166541
COHFACE_s14_session3_natural,19,239,26.966666666666665,-0.4022373855113983,0.0173004073289979
COHFACE_s14_session3_natural,20,0,20.0,1.4737495183944702,-0.008563304728582005
COHFACE_s14_session3_natural,20,1,20.033333333333335,1.8563125133514404,2.6708143792846135
COHFACE_s14_session3_natural,20,2,20.066666666666666,1.7303897142410278,4.935390524584265
COHFACE_s14_session3_natural,20,3,20.1,1.3956046104431152,6.471791577804557
COHFACE_s14_session3_natural,20,4,20.133333333333333,0.8824601173400879,7.1410651160537615
COHFACE_s14_session3_natural,20,5,20.166666666666668,0.5372353196144104,6.99645586453879
COHFACE_s14_session3_natural,20,6,20.2,0.5393776297569275,6.240565840609353
COHFACE_s14_session3_natural,20,7,20.233333333333334,0.5878016352653503,5.1454991962608165
COHFACE_s14_session3_natural,20,8,20.266666666666666,0.43627268075942993,3.970662743542841
COHFACE_s14_session3_natural,20,9,20.3,0.15426425635814667,2.90457790490203
COHFACE_s14_session3_natural,20,10,20.333333333333332,-0.14644725620746613,2.04179375436238
COHFACE_s14_session3_natural,20,11,20.366666666666667,-0.3830242156982422,1.3919808118803825
COHFACE_s14_session3_natural,20,12,20.4,-0.5317987203598022,0.9092704830511164
COHFACE_s14_session3_natural,20,13,20.433333333333334,-0.6332374215126038,0.5272210389170494
COHFACE_s14_session3_natural,20,14,20.466666666666665,-0.7169591784477234,0.1875133616908871
COHFACE_s14_session3_natural,20,15,20.5,-0.8308099508285522,-0.14393604601748466
COHFACE_s14_session3_natural,20,16,20.533333333333335,-0.9680564999580383,-0.47405676718084055
COHFACE_s14_session3_natural,20,17,20.566666666666666,-1.094217300415039,-0.7894701523293438
COHFACE_s14_session3_natural,20,18,20.6,-1.154203176498413,-1.0679051858906357
COHFACE_s14_session3_natural,20,19,20.633333333333333,-1.100168228149414,-1.2892450558934074
COHFACE_s14_session3_natural,20,20,20.666666666666668,-0.5788284540176392,-1.4428046666295486
COHFACE_s14_session3_natural,20,21,20.7,0.5227488875389099,-1.5294973131100884
COHFACE_s14_session3_natural,20,22,20.733333333333334,1.4454227685928345,-1.5594812698786484
COHFACE_s14_session3_natural,20,23,20.766666666666666,1.6714240312576294,-1.547187308817308
COHFACE_s14_session3_natural,20,24,20.8,1.4858894348144531,-1.5060674538264718
COHFACE_s14_session3_natural,20,25,20.833333333333332,1.0976475477218628,-1.4450081293430765
COHFACE_s14_session3_natural,20,26,20.866666666666667,0.5841630101203918,-1.3673817298930455
COHFACE_s14_session3_natural,20,27,20.9,0.33809852600097656,-1.2725852798341213
COHFACE_s14_session3_natural,20,28,20.933333333333334,0.40015873312950134,-1.159019692772729
COHFACE_s14_session3_natural,20,29,20.966666666666665,0.44542017579078674,-1.0270111500094465
COHFACE_s14_session3_natural,20,30,21.0,0.27097147703170776,-0.8802960739808882
COHFACE_s14_session3_natural,20,31,21.033333333333335,-0.024061109870672226,-0.725511250640954
COHFACE_s14_session3_natural,20,32,21.066666666666666,-0.31654325127601624,-0.5703492755043846
COHFACE_s14_session3_natural,20,33,21.1,-0.5236373543739319,-0.42164544588622455
COHFACE_s14_session3_natural,20,34,21.133333333333333,-0.6604759097099304,-0.2841223738524777
COHFACE_s14_session3_natural,20,35,21.166666666666668,-0.7364444136619568,-0.1597781787616035
COHFACE_s14_session3_natural,20,36,21.2,-0.7991847395896912,-0.0479055276107041
COHFACE_s14_session3_natural,20,37,21.233333333333334,-0.9084787368774414,0.05404402341626498
COHFACE_s14_session3_natural,20,38,21.266666666666666,-1.0358636379241943,0.14885363893092973
COHFACE_s14_session3_natural,20,39,21.3,-1.157977819442749,0.2378682958640438
COHFACE_s14_session3_natural,20,40,21.333333333333332,-1.2281653881072998,0.32009880700912374
COHFACE_s14_session3_natural,20,41,21.366666666666667,-1.2228604555130005,0.3925444189744712
COHFACE_s14_session3_natural,20,42,21.4,-0.7867386937141418,0.45148121029603333
COHFACE_s14_session3_natural,20,43,21.433333333333334,0.228056401014328,0.4939731022756342
COHFACE_s14_session3_natural,20,44,21.466666666666665,1.1378082036972046,0.5188993908043724
COHFACE_s14_session3_natural,20,45,21.5,1.3844847679138184,0.5271847426362566
COHFACE_s14_session3_natural,20,46,21.533333333333335,1.1867082118988037,0.5213124948947173
COHFACE_s14_session3_natural,20,47,21.566666666666666,0.8234264254570007,0.5044400541385311
COHFACE_s14_session3_natural,20,48,21.6,0.35166674852371216,0.4795023956240456
COHFACE_s14_session3_natural,20,49,21.633333333333333,0.10407198965549469,0.4486110246026623
COHFACE_s14_session3_natural,20,50,21.666666666666668,0.1750756800174713,0.41288933682269907
COHFACE_s14_session3_natural,20,51,21.7,0.25260844826698303,0.37271598289703906
COHFACE_s14_session3_natural,20,52,21.733333333333334,0.12233299016952515,0.3282283477361148
COHFACE_s14_session3_natural,20,53,21.766666666666666,-0.13801386952400208,0.27984833064710646
COHFACE_s14_session3_natural,20,54,21.8,-0.397952675819397,0.2285480854309642
COHFACE_s14_session3_natural,20,55,21.833333333333332,-0.5873298645019531,0.17571246089938866
COHFACE_s14_session3_natural,20,56,21.866666666666667,-0.7168911695480347,0.12278486808818709
COHFACE_s14_session3_natural,20,57,21.9,-0.8043875694274902,0.07107643870016579
COHFACE_s14_session3_natural,20,58,21.933333333333334,-0.8721607327461243,0.02192158458416391
COHFACE_s14_session3_natural,20,59,21.966666666666665,-0.9388797283172607,-0.023016867709775936
COHFACE_s14_session3_natural,20,60,22.0,-1.0470855236053467,-0.061684751652863974
COHFACE_s14_session3_natural,20,61,22.033333333333335,-1.1701518297195435,-0.09205221297164977
COHFACE_s14_session3_natural,20,62,22.066666666666666,-1.239693284034729,-0.11284362367675459
COHFACE_s14_session3_natural,20,63,22.1,-1.222656488418579,-0.12410926289187249
COHFACE_s14_session3_natural,20,64,22.133333333333333,-0.8156434297561646,-0.12723782090211327
COHFACE_s14_session3_natural,20,65,22.166666666666668,0.17116503417491913,-0.12442995352152744
COHFACE_s14_session3_natural,20,66,22.2,1.0703750848770142,-0.1181036717184579
COHFACE_s14_session3_natural,20,67,22.233333333333334,1.3352786302566528,-0.11071506362157862
COHFACE_s14_session3_natural,20,68,22.266666666666666,1.1624622344970703,-0.10493408994018845
COHFACE_s14_session3_natural,20,69,22.3,0.8339001536369324,-0.10360303464914707
COHFACE_s14_session3_natural,20,70,22.333333333333332,0.39152130484580994,-0.10902075863332929
COHFACE_s14_session3_natural,20,71,22.366666666666667,0.1265156865119934,-0.12173707385076495
COHFACE_s14_session3_natural,20,72,22.4,0.17079097032546997,-0.1396551533571571
COHFACE_s14_session3_natural,20,73,22.433333333333334,0.24383500218391418,-0.15825194311925728
COHFACE_s14_session3_natural,20,74,22.466666666666665,0.15181584656238556,-0.17201007087549866
COHFACE_s14_session3_natural,20,75,22.5,-0.08302681893110275,-0.17632626425050504
COHFACE_s14_session3_natural,20,76,22.533333333333335,-0.33000949025154114,-0.16891295770905382
COHFACE_s14_session3_natural,20,77,22.566666666666666,-0.5187745690345764,-0.15011331404459352
COHFACE_s14_session3_natural,20,78,22.6,-0.6570753455162048,-0.12223556710930943
COHFACE_s14_session3_natural,20,79,22.633333333333333,-0.7500126361846924,-0.0885103249793289
COHFACE_s14_session3_natural,20,80,22.666666666666668,-0.7898331880569458,-0.052290298553930505
COHFACE_s14_session3_natural,20,81,22.7,-0.8338704109191895,-0.01673080457918171
COHFACE_s14_session3_natural,20,82,22.733333333333334,-0.920890748500824,0.015261652537075373
COHFACE_s14_session3_natural,20,83,22.766666666666666,-1.0338913202285767,0.04119873278423516
COHFACE_s14_session3_natural,20,84,22.8,-1.101358413696289,0.05945804457104072
COHFACE_s14_session3_natural,20,85,22.833333333333332,-1.067999005317688,0.06980744675163948
COHFACE_s14_session3_natural,20,86,22.866666666666667,-0.6707455515861511,0.07363434623122599
COHFACE_s14_session3_natural,20,87,22.9,0.2988220453262329,0.0735926297541455
COHFACE_s14_session3_natural,20,88,22.933333333333334,1.202928900718689,0.07263091635557092
COHFACE_s14_session3_natural,20,89,22.966666666666665,1.4672883749008179,0.07272043074682602
COHFACE_s14_session3_natural,20,90,23.0,1.3018511533737183,0.07391410250517319
COHFACE_s14_session3_natural,20,91,23.033333333333335,1.0660223960876465,0.07434146092515632
COHFACE_s14_session3_natural,20,92,23.066666666666666,0.6565949320793152,0.07125255636873667
COHFACE_s14_session3_natural,20,93,23.1,0.33116137981414795,0.06259406880125477
COHFACE_s14_session3_natural,20,94,23.133333333333333,0.3761847913265228,0.04827645890292966
COHFACE_s14_session3_natural,20,95,23.166666666666668,0.476875364780426,0.030457016150368273
COHFACE_s14_session3_natural,20,96,23.2,0.4260369837284088,0.012710455873962809
COHFACE_s14_session3_natural,20,97,23.233333333333334,0.2506020963191986,-0.001449885994561931
COHFACE_s14_session3_natural,20,98,23.266666666666666,0.02147238701581955,-0.009937531983484607
COHFACE_s14_session3_natural,20,99,23.3,-0.18738999962806702,-0.012689334346778042
COHFACE_s14_session3_natural,20,100,23.333333333333332,-0.33721867203712463,-0.011267205564099037
COHFACE_s14_session3_natural,20,101,23.366666666666667,-0.44763484597206116,-0.007791958349996698
COHFACE_s14_session3_natural,20,102,23.4,-0.5528141856193542,-0.003920539507865297
COHFACE_s14_session3_natural,20,103,23.433333333333334,-0.6681271195411682,-0.0004731025288695701
COHFACE_s14_session3_natural,20,104,23.466666666666665,-0.8116647601127625,0.0022842363162829367
COHFACE_s14_session3_natural,20,105,23.5,-0.9353771209716797,0.004251452394438064
COHFACE_s14_session3_natural,20,106,23.533333333333335,-1.0249139070510864,0.005539904290840909
COHFACE_s14_session3_natural,20,107,23.566666666666666,-1.036815881729126,0.006958954279414186
COHFACE_s14_session3_natural,20,108,23.6,-0.6150444149971008,0.01036688344938538
COHFACE_s14_session3_natural,20,109,23.633333333333333,0.3703698217868805,0.018221680511036665
COHFACE_s14_session3_natural,20,110,23.666666666666668,1.1928632259368896,0.0322528129358053
COHFACE_s14_session3_natural,20,111,23.7,1.403153896331787,0.05191120060833334
COHFACE_s14_session3_natural,20,112,23.733333333333334,1.2529171705245972,0.0735122256983796
COHFACE_s14_session3_natural,20,113,23.766666666666666,0.9672700762748718,0.09066156231147827
COHFACE_s14_session3_natural,20,114,23.8,0.553864061832428,0.09593155678399179
COHFACE_s14_session3_natural,20,115,23.833333333333332,0.28100311756134033,0.08323481057680929
COHFACE_s14_session3_natural,20,116,23.866666666666667,0.29215696454048157,0.050150761158153895
COHFACE_s14_session3_natural,20,117,23.9,0.38125163316726685,-0.0005414066871654997
COHFACE_s14_session3_natural,20,118,23.933333333333334,0.3002502918243408,-0.06080986317833939
COHFACE_s14_session3_natural,20,119,23.966666666666665,0.058606501668691635,-0.11911436548767519
COHFACE_s14_session3_natural,20,120,24.0,-0.2120780646800995,-0.16348539695732672
COHFACE_s14_session3_natural,20,121,24.033333333333335,-0.4177779257297516,-0.18480512369412688
COHFACE_s14_session3_natural,20,122,24.066666666666666,-0.5670965313911438,-0.17911886126696336
COHFACE_s14_session3_natural,20,123,24.1,-0.6770706176757812,-0.1482991670869019
COHFACE_s14_session3_natural,20,124,24.133333333333333,-0.7680355906486511,-0.09903000836380708
COHFACE_s14_session3_natural,20,125,24.166666666666668,-0.8731468915939331,-0.04065085031965001
COHFACE_s14_session3_natural,20,126,24.2,-0.9953629970550537,0.017248680035239636
COHFACE_s14_session3_natural,20,127,24.233333333333334,-1.1058131456375122,0.06664805455456009
COHFACE_s14_session3_natural,20,128,24.266666666666666,-1.1687915325164795,0.10196534952088385
COHFACE_s14_session3_natural,20,129,24.3,-1.0878922939300537,0.12017532089308797
COHFACE_s14_session3_natural,20,130,24.333333333333332,-0.5516239404678345,0.12064920298606763
COHFACE_s14_session3_natural,20,131,24.366666666666667,0.3913172781467438,0.10505066545995143
COHFACE_s14_session3_natural,20,132,24.4,1.1092435121536255,0.07723148659212448
COHFACE_s14_session3_natural,20,133,24.433333333333334,1.2417632341384888,0.04280527274132648
COHFACE_s14_session3_natural,20,134,24.466666666666665,1.0516040325164795,0.00819627106762506
COHFACE_s14_session3_natural,20,135,24.5,0.7392285466194153,-0.02068399139730978
COHFACE_s14_session3_natural,20,136,24.533333333333335,0.34462758898735046,-0.03970254433716007
COHFACE_s14_session3_natural,20,137,24.566666666666666,0.14936743676662445,-0.04726881572954214
COHFACE_s14_session3_natural,20,138,24.6,0.20108996331691742,-0.0443894081242125
COHFACE_s14_session3_natural,20,139,24.633333333333333,0.22448581457138062,-0.03410481317582235
COHFACE_s14_session3_natural,20,140,24.666666666666668,0.08258044719696045,-0.020563187363011468
COHFACE_s14_session3_natural,20,141,24.7,-0.16249790787696838,-0.00799136559335902
COHFACE_s14_session3_natural,20,142,24.733333333333334,-0.4064880609512329,0.0002451650224820834
COHFACE_s14_session3_natural,20,143,24.766666666666666,-0.6089913845062256,0.002347221014798916
COHFACE_s14_session3_natural,20,144,24.8,-0.7464420199394226,-0.001599966958988416
COHFACE_s14_session3_natural,20,145,24.833333333333332,-0.8483228087425232,-0.009820783276628341
COHFACE_s14_session3_natural,20,146,24.866666666666667,-0.9321126341819763,-0.019541534344115603
COHFACE_s14_session3_natural,20,147,24.9,-1.0111756324768066,-0.027955103699371476
COHFACE_s14_session3_natural,20,148,24.933333333333334,-1.087416172027588,-0.033078188686681026
COHFACE_s14_session3_natural,20,149,24.966666666666665,-1.1106419563293457,-0.03417833812645189
COHFACE_s14_session3_natural,20,150,25.0,-1.0603476762771606,-0.0317186333900441
COHFACE_s14_session3_natural,20,151,25.033333333333335,-0.7546713948249817,-0.026989744915440362
COHFACE_s14_session3_natural,20,152,25.066666666666666,0.05520594120025635,-0.021579502624428808
COHFACE_s14_session3_natural,20,153,25.1,0.9301019906997681,-0.016748482998681244
COHFACE_s14_session3_natural,20,154,25.133333333333333,1.2789654731750488,-0.01284871188835714
COHFACE_s14_session3_natural,20,155,25.166666666666668,1.2117363214492798,-0.009036855691857977
COHFACE_s14_session3_natural,20,156,25.2,0.9238789677619934,-0.003497822495464206
COHFACE_s14_session3_natural,20,157,25.233333333333334,0.4678298830986023,0.005806582874973427
COHFACE_s14_session3_natural,20,158,25.266666666666666,0.18405315279960632,0.02010390866482482
COHFACE_s14_session3_natural,20,159,25.3,0.19150038063526154,0.03889981921873668
COHFACE_s14_session3_natural,20,160,25.333333333333332,0.28083309531211853,0.059589780679477365
COHFACE_s14_session3_natural,20,161,25.366666666666667,0.2518943250179291,0.07783905409661704
COHFACE_s14_session3_natural,20,162,25.4,0.05765434354543686,0.08874247603558887
COHFACE_s14_session3_natural,20,163,25.433333333333334,-0.166544571518898,0.08849546702258883
COHFACE_s14_session3_natural,20,164,25.466666666666665,-0.35983237624168396,0.07602437651440912
COHFACE_s14_session3_natural,20,165,25.5,-0.5084368586540222,0.0538362280029797
COHFACE_s14_session3_natural,20,166,25.533333333333335,-0.5902883410453796,0.027441636003062132
COHFACE_s14_session3_natural,20,167,25.566666666666666,-0.6605439186096191,0.0033274883493400265
COHFACE_s14_session3_natural,20,168,25.6,-0.7438915967941284,-0.01355920951879196
COHFACE_s14_session3_natural,20,169,25.633333333333333,-0.8320341110229492,-0.021402880139583344
COHFACE_s14_session3_natural,20,170,25.666666666666668,-0.910723090171814,-0.021440166085560774
COHFACE_s14_session3_natural,20,171,25.7,-0.9348670840263367,-0.016597118184911733
COHFACE_s14_session3_natural,20,172,25.733333333333334,-0.6868982315063477,-0.00985591301652199
COHFACE_s14_session3_natural,20,173,25.766666666666666,0.09730487316846848,-0.0032277330221108114
COHFACE_s14_session3_natural,20,174,25.8,1.0271199941635132,0.0023861416805557945
COHFACE_s14_session3_natural,20,175,25.833333333333332,1.4710290431976318,0.00672374557795421
COHFACE_s14_session3_natural,20,176,25.866666666666667,1.451169729232788,0.009550081780379461
COHFACE_s14_session3_natural,20,177,25.9,1.236254334449768,0.010265992702963788
COHFACE_s14_session3_natural,20,178,25.933333333333334,0.8333900570869446,0.007918047915397412
COHFACE_s14_session3_natural,20,179,25.966666666666665,0.5124452114105225,0.0015614658344377877
COHFACE_s14_session3_natural,20,180,26.0,0.46888405084609985,-0.009306284238016486
COHFACE_s14_session3_natural,20,181,26.033333333333335,0.5481510758399963,-0.024533339006727564
COHFACE_s14_session3_natural,20,182,26.066666666666666,0.5306721925735474,-0.043322756444811324
COHFACE_s14_session3_natural,20,183,26.1,0.32912102341651917,-0.06423558598517207
COHFACE_s14_session3_natural,20,184,26.133333333333333,0.0724467784166336,-0.0850992709397456
COHFACE_s14_session3_natural,20,185,26.166666666666668,-0.13131476938724518,-0.10299766305603034
COHFACE_s14_session3_natural,20,186,26.2,-0.2697175443172455,-0.11456421484580707
COHFACE_s14_session3_natural,20,187,26.233333333333334,-0.3560577630996704,-0.11665990934897458
COHFACE_s14_session3_natural,20,188,26.266666666666666,-0.4181860089302063,-0.10734805291274772
COHFACE_s14_session3_natural,20,189,26.3,-0.5292482972145081,-0.08685502088810317
COHFACE_s14_session3_natural,20,190,26.333333333333332,-0.6514303684234619,-0.05797268050788066
COHFACE_s14_session3_natural,20,191,26.366666666666667,-0.7478362917900085,-0.025441937606329925
COHFACE_s14_session3_natural,20,192,26.4,-0.801837146282196,0.005592664678504537
COHFACE_s14_session3_natural,20,193,26.433333333333334,-0.6207573413848877,0.03138105180138035
COHFACE_s14_session3_natural,20,194,26.466666666666665,0.13409893214702606,0.050810033963143784
COHFACE_s14_session3_natural,20,195,26.5,1.1676990985870361,0.06560299413545162
COHFACE_s14_session3_natural,20,196,26.533333333333335,1.7448080778121948,0.07947234109563699
COHFACE_s14_session3_natural,20,197,26.566666666666666,1.7799699306488037,0.09658294828842132
COHFACE_s14_session3_natural,20,198,26.6,1.5957615375518799,0.11979853088165829
COHFACE_s14_session3_natural,20,199,26.633333333333333,1.2229242324829102,0.14914256060376407
COHFACE_s14_session3_natural,20,200,26.666666666666668,0.8099601864814758,0.18085981098035542
COHFACE_s14_session3_natural,20,201,26.7,0.6646542549133301,0.20743650787509052
COHFACE_s14_session3_natural,20,202,26.733333333333334,0.7314412593841553,0.21885155438486156
COHFACE_s14_session3_natural,20,203,26.766666666666666,0.70505291223526,0.205097116103455
COHFACE_s14_session3_natural,20,204,26.8,0.5122411847114563,0.15958909508599906
COHFACE_s14_session3_natural,20,205,26.833333333333332,0.2566891014575958,0.08256747949459156
COHFACE_s14_session3_natural,20,206,26.866666666666667,0.007292052730917931,-0.016845895518152104
COHFACE_s14_session3_natural,20,207,26.9,-0.1934089958667755,-0.12136366478007965
COHFACE_s14_session3_natural,20,208,26.933333333333334,-0.3158971667289734,-0.2098566137878655
COHFACE_s14_session3_natural,20,209,26.966666666666665,-0.4022373855113983,-0.2643798818219812
COHFACE_s14_session3_natural,20,210,27.0,-0.5018057823181152,-0.2767171054938162
COHFACE_s14_session3_natural,20,211,27.033333333333335,-0.6224576234817505,-0.25076463306289093
COHFACE_s14_session3_natural,20,212,27.066666666666666,-0.7437896132469177,-0.19961411866683987
COHFACE_s14_session3_natural,20,213,27.1,-0.8207102417945862,-0.1394764801400326
COHFACE_s14_session3_natural,20,214,27.133333333333333,-0.8363528251647949,-0.08381339507556874
COHFACE_s14_session3_natural,20,215,27.166666666666668,-0.41645172238349915,-0.040058044642000384
COHFACE_s14_session3_natural,20,216,27.2,0.5926304459571838,-0.009479313915447983
COHFACE_s14_session3_natural,20,217,27.233333333333334,1.4971452951431274,0.010762216411885463
COHFACE_s14_session3_natural,20,218,27.266666666666666,1.7715024948120117,0.024900841903652476
COHFACE_s14_session3_natural,20,219,27.3,1.6559514999389648,0.03644480554882509
COHFACE_s14_session3_natural,20,220,27.333333333333332,1.3554099798202515,0.047194857221851315
COHFACE_s14_session3_natural,20,221,27.366666666666667,0.9033395648002625,0.05729189031209762
COHFACE_s14_session3_natural,20,222,27.4,0.5927324295043945,0.06584988708312856
COHFACE_s14_session3_natural,20,223,27.433333333333334,0.5846391320228577,0.07170934790443825
COHFACE_s14_session3_natural,20,224,27.466666666666665,0.627078115940094,0.07398939265552996
COHFACE_s14_session3_natural,20,225,27.5,0.5270336270332336,0.07233124136464002
COHFACE_s14_session3_natural,20,226,27.533333333333335,0.2716175615787506,0.06692844779440395
COHFACE_s14_session3_natural,20,227,27.566666666666666,-0.0023315318394452333,0.058495801980227406
COHFACE_s14_session3_natural,20,228,27.6,-0.23176731169223785,0.04820071344510185
COHFACE_s14_session3_natural,20,229,27.633333333333333,-0.399142861366272,0.037436689566506566
COHFACE_s14_session3_natural,20,230,27.666666666666668,-0.4912640154361725,0.027357061541137737
COHFACE_s14_session3_natural,20,231,27.7,-0.5667904615402222,0.0183463358681016
COHFACE_s14_session3_natural,20,232,27.733333333333334,-0.6796890497207642,0.009882765231993664
COHFACE_s14_session3_natural,20,233,27.766666666666666,-0.8101345300674438,0.0011178520948077083
COHFACE_s14_session3_natural,20,234,27.8,-0.9287460446357727,-0.008131110968754794
COHFACE_s14_session3_natural,20,235,27.833333333333332,-0.999987781047821,-0.016771802366594916
COHFACE_s14_session3_natural,20,236,27.866666666666667,-0.9530260562896729,-0.022775168092314346
COHFACE_s14_session3_natural,20,237,27.9,-0.4370250999927521,-0.02430923407751099
COHFACE_s14_session3_natural,20,238,27.933333333333334,0.5698806643486023,-0.020933762955867782
COHFACE_s14_session3_natural,20,239,27.966666666666665,1.3642514944076538,-0.014069090390684182
COHFACE_s14_session3_natural,21,0,21.0,0.27097147703170776,0.0026821607939439005
COHFACE_s14_session3_natural,21,1,21.033333333333335,-0.024061109870672226,2.61001333127053
COHFACE_s14_session3_natural,21,2,21.066666666666666,-0.31654325127601624,4.811098674454184
COHFACE_s14_session3_natural,21,3,21.1,-0.5236373543739319,6.299266163922534
COHFACE_s14_session3_natural,21,4,21.133333333333333,-0.6604759097099304,6.938706497550117
COHFACE_s14_session3_natural,21,5,21.166666666666668,-0.7364444136619568,6.782036191230805
COHFACE_s14_session3_natural,21,6,21.2,-0.7991847395896912,6.028532824369987
COHFACE_s14_session3_natural,21,7,21.233333333333334,-0.9084787368774414,4.946028007840777
COHFACE_s14_session3_natural,21,8,21.266666666666666,-1.0358636379241943,3.790297269929128
COHFACE_s14_session3_natural,21,9,21.3,-1.157977819442749,2.7477058985504055
COHFACE_s14_session3_natural,21,10,21.333333333333332,-1.2281653881072998,1.911991377631421
COHFACE_s14_session3_natural,21,11,21.366666666666667,-1.2228604555130005,1.2924745751208002
COHFACE_s14_session3_natural,21,12,21.4,-0.7867386937141418,0.8423417407089241
COHFACE_s14_session3_natural,21,13,21.433333333333334,0.228056401014328,0.4930285422300041
COHFACE_s14_session3_natural,21,14,21.466666666666665,1.1378082036972046,0.1831317403499101
COHFACE_s14_session3_natural,21,15,21.5,1.3844847679138184,-0.12462001336134428
COHFACE_s14_session3_natural,21,16,21.533333333333335,1.1867082118988037,-0.43940155674487014
COHFACE_s14_session3_natural,21,17,21.566666666666666,0.8234264254570007,-0.7483647244864603
COHFACE_s14_session3_natural,21,18,21.6,0.35166674852371216,-1.027821688460559
COHFACE_s14_session3_natural,21,19,21.633333333333333,0.10407198965549469,-1.2546256665698408
COHFACE_s14_session3_natural,21,20,21.666666666666668,0.1750756800174713,-1.414221845411008
COHFACE_s14_session3_natural,21,21,21.7,0.25260844826698303,-1.5038173530643697
COHFACE_s14_session3_natural,21,22,21.733333333333334,0.12233299016952515,-1.5310016674365556
COHFACE_s14_session3_natural,21,23,21.766666666666666,-0.13801386952400208,-1.5094872784434548
COHFACE_s14_session3_natural,21,24,21.8,-0.397952675819397,-1.4541920849487244
COHFACE_s14_session3_natural,21,25,21.833333333333332,-0.5873298645019531,-1.377535516588134
COHFACE_s14_session3_natural,21,26,21.866666666666667,-0.7168911695480347,-1.2877727404210104
COHFACE_s14_session3_natural,21,27,21.9,-0.8043875694274902,-1.1890893757990122
COHFACE_s14_session3_natural,21,28,21.933333333333334,-0.8721607327461243,-1.0826264919138764
COHFACE_s14_session3_natural,21,29,21.966666666666665,-0.9388797283172607,-0.9677157822255501
COHFACE_s14_session3_natural,21,30,22.0,-1.0470855236053467,-0.8430648824811215
COHFACE_s14_session3_natural,21,31,22.033333333333335,-1.1701518297195435,-0.7079218917083493
COHFACE_s14_session3_natural,21,32,22.066666666666666,-1.239693284034729,-0.5631048479364548
COHFACE_s14_session3_natural,21,33,22.1,-1.222656488418579,-0.41155066195750667
COHFACE_s14_session3_natural,21,34,22.133333333333333,-0.8156434297561646,-0.2581425441421601
COHFACE_s14_session3_natural,21,35,22.166666666666668,0.17116503417491913,-0.10895777730276009
COHFACE_s14_session3_natural,21,36,22.2,1.0703750848770142,0.029606968211256544
COHFACE_s14_session3_natural,21,37,22.233333333333334,1.3352786302566528,0.15144596527301715
COHFACE_s14_session3_natural,21,38,22.266666666666666,1.1624622344970703,0.25116257217160415
COHFACE_s14_session3_natural,21,39,22.3,0.8339001536369324,0.3247398204260853
COHFACE_s14_session3_natural,21,40,22.333333333333332,0.39152130484580994,0.3707377144460657
COHFACE_s14_session3_natural,21,41,22.366666666666667,0.1265156865119934,0.39163647900489323
COHFACE_s14_session3_natural,21,42,22.4,0.17079097032546997,0.39430289546839303
COHFACE_s14_session3_natural,21,43,22.433333333333334,0.24383500218391418,0.38860761094635604
COHFACE_s14_session3_natural,21,44,22.466666666666665,0.15181584656238556,0.38422249864385183
COHFACE_s14_session3_natural,21,45,22.5,-0.08302681893110275,0.3869573647818978
COHFACE_s14_session3_natural,21,46,22.533333333333335,-0.33000949025154114,0.396659634317775
COHFACE_s14_session3_natural,21,47,22.566666666666666,-0.5187745690345764,0.4080008767915757
COHFACE_s14_session3_natural,21,48,22.6,-0.6570753455162048,0.41365092268680725
COHFACE_s14_session3_natural,21,49,22.633333333333333,-0.7500126361846924,0.40786820458568734
COHFACE_s14_session3_natural,21,50,22.666666666666668,-0.7898331880569458,0.38862970235012206
COHFACE_s14_session3_natural,21,51,22.7,-0.8338704109191895,0.3576493939833389
COHFACE_s14_session3_natural,21,52,22.733333333333334,-0.920890748500824,0.3188490480616501
COHFACE_s14_session3_natural,21,53,22.766666666666666,-1.0338913202285767,0.2763981056907564
COHFACE_s14_session3_natural,21,54,22.8,-1.101358413696289,0.23326322537508226
COHFACE_s14_session3_natural,21,55,22.833333333333332,-1.067999005317688,0.19067529399073652
COHFACE_s14_session3_natural,21,56,22.866666666666667,-0.6707455515861511,0.14845742915880822
COHFACE_s14_session3_natural,21,57,22.9,0.2988220453262329,0.10586567875564745
COHFACE_s14_session3_natural,21,58,22.933333333333334,1.202928900718689,0.06244750944478315
COHFACE_s14_session3_natural,21,59,22.966666666666665,1.4672883749008179,0.018504858551793776
COHFACE_s14_session3_natural,21,60,23.0,1.3018511533737183,-0.024932692224722657
COHFACE_s14_session3_natural,21,61,23.033333333333335,1.0660223960876465,-0.06639965808958688
COHFACE_s14_session3_natural,21,62,23.066666666666666,0.6565949320793152,-0.1042522132403167
COHFACE_s14_session3_natural,21,63,23.1,0.33116137981414795,-0.13677860402373443
COHFACE_s14_session3_natural,21,64,23.133333333333333,0.3761847913265228,-0.16231279429649523
COHFACE_s14_session3_natural,21,65,23.166666666666668,0.476875364780426,-0.1795709896995085
COHFACE_s14_session3_natural,21,66,23.2,0.4260369837284088,-0.18819362851354957
COHFACE_s14_session3_natural,21,67,23.233333333333334,0.2506020963191986,-0.1891625174468278
COHFACE_s14_session3_natural,21,68,23.266666666666666,0.02147238701581955,-0.1846885025485966
COHFACE_s14_session3_natural,21,69,23.3,-0.18738999962806702,-0.17743228431435812
COHFACE_s14_session3_natural,21,70,23.333333333333332,-0.33721867203712463,-0.16938161174972063
COHFACE_s14_session3_natural,21,71,23.366666666666667,-0.44763484597206116,-0.16101967493187933
COHFACE_s14_session3_natural,21,72,23.4,-0.5528141856193542,-0.1513093181383801
COHFACE_s14_session3_natural,21,73,23.433333333333334,-0.6681271195411682,-0.13852669464629278
COHFACE_s14_session3_natural,21,74,23.466666666666665,-0.8116647601127625,-0.12140830108242767
COHFACE_s14_session3_natural,21,75,23.5,-0.9353771209716797,-0.09984090366650805
COHFACE_s14_session3_natural,21,76,23.533333333333335,-1.0249139070510864,-0.0746475786306846
COHFACE_s14_session3_natural,21,77,23.566666666666666,-1.036815881729126,-0.04669814899259696
COHFACE_s14_session3_natural,21,78,23.6,-0.6150444149971008,-0.01613050212199336
COHFACE_s14_session3_natural,21,79,23.633333333333333,0.3703698217868805,0.017550490487882275
COHFACE_s14_session3_natural,21,80,23.666666666666668,1.1928632259368896,0.05439705148405642
COHFACE_s14_session3_natural,21,81,23.7,1.403153896331787,0.0926192634797884
COHFACE_s14_session3_natural,21,82,23.733333333333334,1.2529171705245972,0.12775711192996
COHFACE_s14_session3_natural,21,83,23.766666666666666,0.9672700762748718,0.1530181841439657
COHFACE_s14_session3_natural,21,84,23.8,0.553864061832428,0.1608448794075408
COHFACE_s14_session3_natural,21,85,23.833333333333332,0.28100311756134033,0.14531501402004934
COHFACE_s14_session3_natural,21,86,23.866666666666667,0.29215696454048157,0.10471132408939303
COHFACE_s14_session3_natural,21,87,23.9,0.38125163316726685,0.04337798662295551
COHFACE_s14_session3_natural,21,88,23.933333333333334,0.3002502918243408,-0.028167334848069697
COHFACE_s14_session3_natural,21,89,23.966666666666665,0.058606501668691635,-0.09547825013745759
COHFACE_s14_session3_natural,21,90,24.0,-0.2120780646800995,-0.1442248817356116
COHFACE_s14_session3_natural,21,91,24.033333333333335,-0.4177779257297516,-0.16440276998702383
COHFACE_s14_session3_natural,21,92,24.066666666666666,-0.5670965313911438,-0.15297245594384087
COHFACE_s14_session3_natural,21,93,24.1,-0.6770706176757812,-0.11403654409993459
COHFACE_s14_session3_natural,21,94,24.133333333333333,-0.7680355906486511,-0.0568164015050415
COHFACE_s14_session3_natural,21,95,24.166666666666668,-0.8731468915939331,0.0074600757022356915
COHFACE_s14_session3_natural,21,96,24.2,-0.9953629970550537,0.06845861989652868
COHFACE_s14_session3_natural,21,97,24.233333333333334,-1.1058131456375122,0.11852167529084386
COHFACE_s14_session3_natural,21,98,24.266666666666666,-1.1687915325164795,0.15309482398564667
COHFACE_s14_session3_natural,21,99,24.3,-1.0878922939300537,0.17018089435675612
COHFACE_s14_session3_natural,21,100,24.333333333333332,-0.5516239404678345,0.16954211569595284
COHFACE_s14_session3_natural,21,101,24.366666666666667,0.3913172781467438,0.15226459589036137
COHFACE_s14_session3_natural,21,102,24.4,1.1092435121536255,0.12082558353171673
COHFACE_s14_session3_natural,21,103,24.433333333333334,1.2417632341384888,0.07932916905966107
COHFACE_s14_session3_natural,21,104,24.466666666666665,1.0516040325164795,0.03343209096083446
COHFACE_s14_session3_natural,21,105,24.5,0.7392285466194153,-0.010342975330270617
COHFACE_s14_session3_natural,21,106,24.533333333333335,0.34462758898735046,-0.04589325914466853
COHFACE_s14_session3_natural,21,107,24.566666666666666,0.14936743676662445,-0.06906988443209885
COHFACE_s14_session3_natural,21,108,24.6,0.20108996331691742,-0.07886635447089967
COHFACE_s14_session3_natural,21,109,24.633333333333333,0.22448581457138062,-0.0776959496768796
COHFACE_s14_session3_natural,21,110,24.666666666666668,0.08258044719696045,-0.07054570270181311
COHFACE_s14_session3_natural,21,111,24.7,-0.16249790787696838,-0.06325893068620403
COHFACE_s14_session3_natural,21,112,24.733333333333334,-0.4064880609512329,-0.060518519289987846
COHFACE_s14_session3_natural,21,113,24.766666666666666,-0.6089913845062256,-0.06421991926958587
COHFACE_s14_session3_natural,21,114,24.8,-0.7464420199394226,-0.07284977596047386
COHFACE_s14_session3_natural,21,115,24.833333333333332,-0.8483228087425232,-0.08217221035525084
COHFACE_s14_session3_natural,21,116,24.866666666666667,-0.9321126341819763,-0.08699770263586376
COHFACE_s14_session3_natural,21,117,24.9,-1.0111756324768066,-0.08330528190557798
COHFACE_s14_session3_natural,21,118,24.933333333333334,-1.087416172027588,-0.06980073231332676
COHFACE_s14_session3_natural,21,119,24.966666666666665,-1.1106419563293457,-0.048287897572604835
COHFACE_s14_session3_natural,21,120,25.0,-1.0603476762771606,-0.02287673040890741
COHFACE_s14_session3_natural,21,121,25.033333333333335,-0.7546713948249817,0.0014419552727437304
COHFACE_s14_session3_natural,21,122,25.066666666666666,0.05520594120025635,0.02030557351608683
COHFACE_s14_session3_natural,21,123,25.1,0.9301019906997681,0.031245944039135987
COHFACE_s14_session3_natural,21,124,25.133333333333333,1.2789654731750488,0.034478426303051285
COHFACE_s14_session3_natural,21,125,25.166666666666668,1.2117363214492798,0.03294602749168345
COHFACE_s14_session3_natural,21,126,25.2,0.9238789677619934,0.031406327563113
COHFACE_s14_session3_natural,21,127,25.233333333333334,0.4678298830986023,0.03465897035519819
COHFACE_s14_session3_natural,21,128,25.266666666666666,0.18405315279960632,0.045507286633997196
COHFACE_s14_session3_natural,21,129,25.3,0.19150038063526154,0.06334398444325057
COHFACE_s14_session3_natural,21,130,25.333333333333332,0.28083309531211853,0.08404015602436245
COHFACE_s14_session3_natural,21,131,25.366666666666667,0.2518943250179291,0.10124644875270787
COHFACE_s14_session3_natural,21,132,25.4,0.05765434354543686,0.10863573288340976
COHFACE_s14_session3_natural,21,133,25.433333333333334,-0.166544571518898,0.10226265469441158
COHFACE_s14_session3_natural,21,134,25.466666666666665,-0.35983237624168396,0.08216835091913081
COHFACE_s14_session3_natural,21,135,25.5,-0.5084368586540222,0.05256445127156352
COHFACE_s14_session3_natural,21,136,25.533333333333335,-0.5902883410453796,0.020351190188329923
COHFACE_s14_session3_natural,21,137,25.566666666666666,-0.6605439186096191,-0.0075501902522154
COHFACE_s14_session3_natural,21,138,25.6,-0.7438915967941284,-0.026753475053096745
COHFACE_s14_session3_natural,21,139,25.633333333333333,-0.8320341110229492,-0.036464259051601916
COHFACE_s14_session3_natural,21,140,25.666666666666668,-0.910723090171814,-0.03867638367854523
COHFACE_s14_session3_natural,21,141,25.7,-0.9348670840263367,-0.03636524309292219
COHFACE_s14_session3_natural,21,142,25.733333333333334,-0.6868982315063477,-0.03188660632693439
COHFACE_s14_session3_natural,21,143,25.766666666666666,0.09730487316846848,-0.02631369797702074
COHFACE_s14_session3_natural,21,144,25.8,1.0271199941635132,-0.019747408516736103
COHFACE_s14_session3_natural,21,145,25.833333333333332,1.4710290431976318,-0.012144311591477377
COHFACE_s14_session3_natural,21,146,25.866666666666667,1.451169729232788,-0.004083258173230027
COHFACE_s14_session3_natural,21,147,25.9,1.236254334449768,0.002951450726543073
COHFACE_s14_session3_natural,21,148,25.933333333333334,0.8333900570869446,0.006913702393130006
COHFACE_s14_session3_natural,21,149,25.966666666666665,0.5124452114105225,0.005966679332417726
COHFACE_s14_session3_natural,21,150,26.0,0.46888405084609985,-0.0008122168887922225
COHFACE_s14_session3_natural,21,151,26.033333333333335,0.5481510758399963,-0.013228629066047227
COHFACE_s14_session3_natural,21,152,26.066666666666666,0.5306721925735474,-0.030230935519282628
COHFACE_s14_session3_natural,21,153,26.1,0.32912102341651917,-0.050211017780915676
COHFACE_s14_session3_natural,21,154,26.133333333333333,0.0724467784166336,-0.0710658868365856
COHFACE_s14_session3_natural,21,155,26.166666666666668,-0.13131476938724518,-0.09012101031342498
COHFACE_s14_session3_natural,21,156,26.2,-0.2697175443172455,-0.10418519285184316
COHFACE_s14_session3_natural,21,157,26.233333333333334,-0.3560577630996704,-0.10994851872626059
COHFACE_s14_session3_natural,21,158,26.266666666666666,-0.4181860089302063,-0.10479430875604934
COHFACE_s14_session3_natural,21,159,26.3,-0.5292482972145081,-0.08784210006718297
COHFACE_s14_session3_natural,21,160,26.333333333333332,-0.6514303684234619,-0.06071491190683077
COHFACE_s14_session3_natural,21,161,26.366666666666667,-0.7478362917900085,-0.027472133676479018
COHFACE_s14_session3_natural,21,162,26.4,-0.801837146282196,0.00643445640413258
COHFACE_s14_session3_natural,21,163,26.433333333333334,-0.6207573413848877,0.03578554771617527
COHFACE_s14_session3_natural,21,164,26.466666666666665,0.13409893214702606,0.057173842091655255
COHFACE_s14_session3_natural,21,165,26.5,1.1676990985870361,0.07001653019084629
COHFACE_s14_session3_natural,21,166,26.533333333333335,1.7448080778121948,0.07672025434339624
COHFACE_s14_session3_natural,21,167,26.566666666666666,1.7799699306488037,0.08193593568623472
COHFACE_s14_session3_natural,21,168,26.6,1.5957615375518799,0.09099117139236955
COHFACE_s14_session3_natural,21,169,26.633333333333333,1.2229242324829102,0.1077614634415429
COHFACE_s14_session3_natural,21,170,26.666666666666668,0.8099601864814758,0.13250647596040008
COHFACE_s14_session3_natural,21,171,26.7,0.6646542549133301,0.16045234420371418
COHFACE_s14_session3_natural,21,172,26.733333333333334,0.7314412593841553,0.18194955809136912
COHFACE_s14_session3_natural,21,173,26.766666666666666,0.70505291223526,0.18471604818569187
COHFACE_s14_session3_natural,21,174,26.8,0.5122411847114563,0.15796169431893467
COHFACE_s14_session3_natural,21,175,26.833333333333332,0.2566891014575958,0.09726721559565274
COHFACE_s14_session3_natural,21,176,26.866666666666667,0.007292052730917931,0.008312451199380514
COHFACE_s14_session3_natural,21,177,26.9,-0.1934089958667755,-0.09266493602924004
COHFACE_s14_session3_natural,21,178,26.933333333333334,-0.3158971667289734,-0.18300145760637973
COHFACE_s14_session3_natural,21,179,26.966666666666665,-0.4022373855113983,-0.24148199866159908
COHFACE_s14_session3_natural,21,180,27.0,-0.5018057823181152,-0.25636473945040567
COHFACE_s14_session3_natural,21,181,27.033333333333335,-0.6224576234817505,-0.22920916417171033
COHFACE_s14_session3_natural,21,182,27.066666666666666,-0.7437896132469177,-0.1727689337179562
COHFACE_s14_session3_natural,21,183,27.1,-0.8207102417945862,-0.10484492160263571
COHFACE_s14_session3_natural,21,184,27.133333333333333,-0.8363528251647949,-0.041641884537657436
COHFACE_s14_session3_natural,21,185,27.166666666666668,-0.41645172238349915,0.006549953847951474
COHFACE_s14_session3_natural,21,186,27.2,0.5926304459571838,0.03637689439746191
COHFACE_s14_session3_natural,21,187,27.233333333333334,1.4971452951431274,0.04988144986461861
COHFACE_s14_session3_natural,21,188,27.266666666666666,1.7715024948120117,0.05191026796813297
COHFACE_s14_session3_natural,21,189,27.3,1.6559514999389648,0.047796748864222104
COHFACE_s14_session3_natural,21,190,27.333333333333332,1.3554099798202515,0.04195545695658939
COHFACE_s14_session3_natural,21,191,27.366666666666667,0.9033395648002625,0.037352892377039426
COHFACE_s14_session3_natural,21,192,27.4,0.5927324295043945,0.035498895681536836
COHFACE_s14_session3_natural,21,193,27.433333333333334,0.5846391320228577,0.03663044754248934
COHFACE_s14_session3_natural,21,194,27.466666666666665,0.627078115940094,0.03994207249399426
COHFACE_s14_session3_natural,21,195,27.5,0.5270336270332336,0.043887581194991636
COHFACE_s14_session3_natural,21,196,27.533333333333335,0.2716175615787506,0.04663336085413211
COHFACE_s14_session3_natural,21,197,27.566666666666666,-0.0023315318394452333,0.04664922119311356
COHFACE_s14_session3_natural,21,198,27.6,-0.23176731169223785,0.043245895821421736
COHFACE_s14_session3_natural,21,199,27.633333333333333,-0.399142861366272,0.03677221283532325
COHFACE_s14_session3_natural,21,200,27.666666666666668,-0.4912640154361725,0.028305016990494435
COHFACE_s14_session3_natural,21,201,27.7,-0.5667904615402222,0.018989130248903384
COHFACE_s14_session3_natural,21,202,27.733333333333334,-0.6796890497207642,0.009503738781491636
COHFACE_s14_session3_natural,21,203,27.766666666666666,-0.8101345300674438,7.197487868684799e-05
COHFACE_s14_session3_natural,21,204,27.8,-0.9287460446357727,-0.009091092540968421
COHFACE_s14_session3_natural,21,205,27.833333333333332,-0.999987781047821,-0.01743111427857088
COHFACE_s14_session3_natural,21,206,27.866666666666667,-0.9530260562896729,-0.024196142144409023
COHFACE_s14_session3_natural,21,207,27.9,-0.4370250999927521,-0.02894007576256919
COHFACE_s14_session3_natural,21,208,27.933333333333334,0.5698806643486023,-0.03190438037274087
COHFACE_s14_session3_natural,21,209,27.966666666666665,1.3642514944076538,-0.03389117792122755
COHFACE_s14_session3_natural,21,210,28.0,1.548731803894043,-0.0357058912090648
COHFACE_s14_session3_natural,21,211,28.033333333333335,1.3725148439407349,-0.03762363843957172
COHFACE_s14_session3_natural,21,212,28.066666666666666,1.0213390588760376,-0.039253157356278
COHFACE_s14_session3_natural,21,213,28.1,0.5608012080192566,-0.03978308933545019
COHFACE_s14_session3_natural,21,214,28.133333333333333,0.3319435119628906,-0.03829473840709467
COHFACE_s14_session3_natural,21,215,28.166666666666668,0.3745185136795044,-0.03389372141023176
COHFACE_s14_session3_natural,21,216,28.2,0.42573094367980957,-0.025789458099401925
COHFACE_s14_session3_natural,21,217,28.233333333333334,0.29474136233329773,-0.013649881497057825
COHFACE_s14_session3_natural,21,218,28.266666666666666,0.025076979771256447,0.0017526995078618875
COHFACE_s14_session3_natural,21,219,28.3,-0.22870680689811707,0.018070185599823933
COHFACE_s14_session3_natural,21,220,28.333333333333332,-0.4344746768474579,0.031667378372576
COHFACE_s14_session3_natural,21,221,28.366666666666667,-0.5836232304573059,0.038855618415905166
COHFACE_s14_session3_natural,21,222,28.4,-0.6691133379936218,0.037575546779093555
COHFACE_s14_session3_natural,21,223,28.433333333333334,-0.7348461151123047,0.028586342685870837
COHFACE_s14_session3_natural,21,224,28.466666666666665,-0.8318641185760498,0.015396166707562
COHFACE_s14_session3_natural,21,225,28.5,-0.9603712558746338,0.0028800401779169546
COHFACE_s14_session3_natural,21,226,28.533333333333335,-1.070107340812683,-0.004679163210337495
COHFACE_s14_session3_natural,21,227,28.566666666666666,-1.1247882843017578,-0.0050959805732833305
COHFACE_s14_session3_natural,21,228,28.6,-1.0525944232940674,0.0012702675732786546
COHFACE_s14_session3_natural,21,229,28.633333333333333,-0.4848029613494873,0.01203373673162303
COHFACE_s14_session3_natural,21,230,28.666666666666668,0.48537677526474,0.023784583065629278
COHFACE_s14_session3_natural,21,231,28.7,1.1315851211547852,0.03312677630512918
COHFACE_s14_session3_natural,21,232,28.733333333333334,1.1924551725387573,0.03753759734332559
COHFACE_s14_session3_natural,21,233,28.766666666666666,0.9465606808662415,0.035983422229623224
COHFACE_s14_session3_natural,21,234,28.8,0.5485591888427734,0.02916839574316562
COHFACE_s14_session3_natural,21,235,28.833333333333332,0.154672309756279,0.019240353619838484
COHFACE_s14_session3_natural,21,236,28.866666666666667,0.04847283288836479,0.008951317868835263
COHFACE_s14_session3_natural,21,237,28.9,0.16579215228557587,0.0005662712087885637
COHFACE_s14_session3_natural,21,238,28.933333333333334,0.20401443541049957,-0.005004576908864744
COHFACE_s14_session3_natural,21,239,28.966666666666665,0.05731428787112236,-0.008438566391766246
COHFACE_s14_session3_natural,22,0,22.0,-1.0470855236053467,0.0036913229519208056
COHFACE_s14_session3_natural,22,1,22.033333333333335,-1.1701518297195435,2.6714968044652427
COHFACE_s14_session3_natural,22,2,22.066666666666666,-1.239693284034729,4.928681870881383
COHFACE_s14_session3_natural,22,3,22.1,-1.222656488418579,6.464665865061649
COHFACE_s14_session3_natural,22,4,22.133333333333333,-0.8156434297561646,7.140765406294593
COHFACE_s14_session3_natural,22,5,22.166666666666668,0.17116503417491913,7.007818570248418
COHFACE_s14_session3_natural,22,6,22.2,1.0703750848770142,6.264060142824177
COHFACE_s14_session3_natural,22,7,22.233333333333334,1.3352786302566528,5.176556975481673
COHFACE_s14_session3_natural,22,8,22.266666666666666,1.1624622344970703,4.000482435140334
COHFACE_s14_session3_natural,22,9,22.3,0.8339001536369324,2.922261104814767
COHFACE_s14_session3_natural,22,10,22.333333333333332,0.39152130484580994,2.0374115982008743
COHFACE_s14_session3_natural,22,11,22.366666666666667,0.1265156865119934,1.3598776430212667
COHFACE_s14_session3_natural,22,12,22.4,0.17079097032546997,0.8505831786190535
COHFACE_s14_session3_natural,22,13,22.433333333333334,0.24383500218391418,0.45045317979214294
COHFACE_s14_session3_natural,22,14,22.466666666666665,0.15181584656238556,0.10640754532880363
COHFACE_s14_session3_natural,22,15,22.5,-0.08302681893110275,-0.21492121219105062
COHFACE_s14_session3_natural,22,16,22.533333333333335,-0.33000949025154114,-0.5250038224961475
COHFACE_s14_session3_natural,22,17,22.566666666666666,-0.5187745690345764,-0.8185484191896012
COHFACE_s14_session3_natural,22,18,22.6,-0.6570753455162048,-1.0813474956356466
COHFACE_s14_session3_natural,22,19,22.633333333333333,-0.7500126361846924,-1.2976853815859744
COHFACE_s14_session3_natural,22,20,22.666666666666668,-0.7898331880569458,-1.4557711131828013
COHFACE_s14_session3_natural,22,21,22.7,-0.8338704109191895,-1.5507086784443247
COHFACE_s14_session3_natural,22,22,22.733333333333334,-0.920890748500824,-1.5850508594511787
COHFACE_s14_session3_natural,22,23,22.766666666666666,-1.0338913202285767,-1.5673297067518
COHFACE_s14_session3_natural,22,24,22.8,-1.101358413696289,-1.50933979216873
COHFACE_s14_session3_natural,22,25,22.833333333333332,-1.067999005317688,-1.423193798198027
COHFACE_s14_session3_natural,22,26,22.866666666666667,-0.6707455515861511,-1.3190433491898543
COHFACE_s14_session3_natural,22,27,22.9,0.2988220453262329,-1.203968019322249
COHFACE_s14_session3_natural,22,28,22.933333333333334,1.202928900718689,-1.0820959094801594
COHFACE_s14_session3_natural,22,29,22.966666666666665,1.4672883749008179,-0.9555954568027281
COHFACE_s14_session3_natural,22,30,23.0,1.3018511533737183,-0.8258543651718296
COHFACE_s14_session3_natural,22,31,23.033333333333335,1.0660223960876465,-0.6941968338443995
COHFACE_s14_session3_natural,22,32,23.066666666666666,0.6565949320793152,-0.5619658328114157
COHFACE_s14_session3_natural,22,33,23.1,0.33116137981414795,-0.4303177484842712
COHFACE_s14_session3_natural,22,34,23.133333333333333,0.3761847913265228,-0.30020869289581564
COHFACE_s14_session3_natural,22,35,23.166666666666668,0.476875364780426,-0.17277608356610538
COHFACE_s14_session3_natural,22,36,23.2,0.4260369837284088,-0.049903591709600806
COHFACE_s14_session3_natural,22,37,23.233333333333334,0.2506020963191986,0.06547885749409058
COHFACE_s14_session3_natural,22,38,23.266666666666666,0.02147238701581955,0.16969236042187652
COHFACE_s14_session3_natural,22,39,23.3,-0.18738999962806702,0.2591788281086721
COHFACE_s14_session3_natural,22,40,23.333333333333332,-0.33721867203712463,0.3315693025070994
COHFACE_s14_session3_natural,22,41,23.366666666666667,-0.44763484597206116,0.3864283706825506
COHFACE_s14_session3_natural,22,42,23.4,-0.5528141856193542,0.42528592156672607
COHFACE_s14_session3_natural,22,43,23.433333333333334,-0.6681271195411682,0.45093388393978756
COHFACE_s14_session3_natural,22,44,23.466666666666665,-0.8116647601127625,0.46638221939734414
COHFACE_s14_session3_natural,22,45,23.5,-0.9353771209716797,0.4740620039762751
COHFACE_s14_session3_natural,22,46,23.533333333333335,-1.0249139070510864,0.4756681741565323
COHFACE_s14_session3_natural,22,47,23.566666666666666,-1.036815881729126,0.472558454096644
COHFACE_s14_session3_natural,22,48,23.6,-0.6150444149971008,0.46618237604749335
COHFACE_s14_session3_natural,22,49,23.633333333333333,0.3703698217868805,0.4579796096412111
COHFACE_s14_session3_natural,22,50,23.666666666666668,1.1928632259368896,0.4486520629152474
COHFACE_s14_session3_natural,22,51,23.7,1.403153896331787,0.4372518444670685
COHFACE_s14_session3_natural,22,52,23.733333333333334,1.2529171705245972,0.42068195065894026
COHFACE_s14_session3_natural,22,53,23.766666666666666,0.9672700762748718,0.3939943671645987
COHFACE_s14_session3_natural,22,54,23.8,0.553864061832428,0.351545935654935
COHFACE_s14_session3_natural,22,55,23.833333333333332,0.28100311756134033,0.2888110635669964
COHFACE_s14_session3_natural,22,56,23.866666666666667,0.29215696454048157,0.20447225306180436
COHFACE_s14_session3_natural,22,57,23.9,0.38125163316726685,0.1021796611122292
COHFACE_s14_session3_natural,22,58,23.933333333333334,0.3002502918243408,-0.008884422130047247
COHFACE_s14_session3_natural,22,59,23.966666666666665,0.058606501668691635,-0.11536036400165409
COHFACE_s14_session3_natural,22,60,24.0,-0.2120780646800995,-0.20292246088874571
COHFACE_s14_session3_natural,22,61,24.033333333333335,-0.4177779257297516,-0.26028594943960137
COHFACE_s14_session3_natural,22,62,24.066666666666666,-0.5670965313911438,-0.28241365951581815
COHFACE_s14_session3_natural,22,63,24.1,-0.6770706176757812,-0.27160928902487647
COHFACE_s14_session3_natural,22,64,24.133333333333333,-0.7680355906486511,-0.23617325529946256
COHFACE_s14_session3_natural,22,65,24.166666666666668,-0.8731468915939331,-0.187416524551001
COHFACE_s14_session3_natural,22,66,24.2,-0.9953629970550537,-0.1364402506089974
COHFACE_s14_session3_natural,22,67,24.233333333333334,-1.1058131456375122,-0.09191347506810923
COHFACE_s14_session3_natural,22,68,24.266666666666666,-1.1687915325164795,-0.05928998983820705
COHFACE_s14_session3_natural,22,69,24.3,-1.0878922939300537,-0.041069075164631215
COHFACE_s14_session3_natural,22,70,24.333333333333332,-0.5516239404678345,-0.037359927937546
COHFACE_s14_session3_natural,22,71,24.366666666666667,0.3913172781467438,-0.04625281393880632
COHFACE_s14_session3_natural,22,72,24.4,1.1092435121536255,-0.06403561750692248
COHFACE_s14_session3_natural,22,73,24.433333333333334,1.2417632341384888,-0.08562662187874634
COHFACE_s14_session3_natural,22,74,24.466666666666665,1.0516040325164795,-0.10544282590127431
COHFACE_s14_session3_natural,22,75,24.5,0.7392285466194153,-0.11854600335302182
COHFACE_s14_session3_natural,22,76,24.533333333333335,0.34462758898735046,-0.12170260157837096
COHFACE_s14_session3_natural,22,77,24.566666666666666,0.14936743676662445,-0.11404412463843666
COHFACE_s14_session3_natural,22,78,24.6,0.20108996331691742,-0.09719087191074142
COHFACE_s14_session3_natural,22,79,24.633333333333333,0.22448581457138062,-0.0748368587670329
COHFACE_s14_session3_natural,22,80,24.666666666666668,0.08258044719696045,-0.05182670951803218
COHFACE_s14_session3_natural,22,81,24.7,-0.16249790787696838,-0.03282115680103765
COHFACE_s14_session3_natural,22,82,24.733333333333334,-0.4064880609512329,-0.02085246360901922
COHFACE_s14_session3_natural,22,83,24.766666666666666,-0.6089913845062256,-0.016279368077021513
COHFACE_s14_session3_natural,22,84,24.8,-0.7464420199394226,-0.01664838732046806
COHFACE_s14_session3_natural,22,85,24.833333333333332,-0.8483228087425232,-0.01766558460231573
COHFACE_s14_session3_natural,22,86,24.866666666666667,-0.9321126341819763,-0.014971543916515338
COHFACE_s14_session3_natural,22,87,24.9,-1.0111756324768066,-0.005956217560187897
COHFACE_s14_session3_natural,22,88,24.933333333333334,-1.087416172027588,0.009253424313851698
COHFACE_s14_session3_natural,22,89,24.966666666666665,-1.1106419563293457,0.02808541734431682
COHFACE_s14_session3_natural,22,90,25.0,-1.0603476762771606,0.046792171833305425
COHFACE_s14_session3_natural,22,91,25.033333333333335,-0.7546713948249817,0.06191023611836609
COHFACE_s14_session3_natural,22,92,25.066666666666666,0.05520594120025635,0.07130443241050877
COHFACE_s14_session3_natural,22,93,25.1,0.9301019906997681,0.07465469911843087
COHFACE_s14_session3_natural,22,94,25.133333333333333,1.2789654731750488,0.0734598075070269
COHFACE_s14_session3_natural,22,95,25.166666666666668,1.2117363214492798,0.07059264469454324
COHFACE_s14_session3_natural,22,96,25.2,0.9238789677619934,0.06940650773642885
COHFACE_s14_session3_natural,22,97,25.233333333333334,0.4678298830986023,0.07251319568067509
COHFACE_s14_session3_natural,22,98,25.266666666666666,0.18405315279960632,0.08059611614459623
COHFACE_s14_session3_natural,22,99,25.3,0.19150038063526154,0.09176465945257933
COHFACE_s14_session3_natural,22,100,25.333333333333332,0.28083309531211853,0.1018218243172586
COHFACE_s14_session3_natural,22,101,25.366666666666667,0.2518943250179291,0.10548718628404939
COHFACE_s14_session3_natural,22,102,25.4,0.05765434354543686,0.09826883266362045
COHFACE_s14_session3_natural,22,103,25.433333333333334,-0.166544571518898,0.07839032820337162
COHFACE_s14_session3_natural,22,104,25.466666666666665,-0.35983237624168396,0.04800765443666042
COHFACE_s14_session3_natural,22,105,25.5,-0.5084368586540222,0.013006416258315215
COHFACE_s14_session3_natural,22,106,25.533333333333335,-0.5902883410453796,-0.018913404563107805
COHFACE_s14_session3_natural,22,107,25.566666666666666,-0.6605439186096191,-0.041288680110355754
COHFACE_s14_session3_natural,22,108,25.6,-0.7438915967941284,-0.05153674419927517
COHFACE_s14_session3_natural,22,109,25.633333333333333,-0.8320341110229492,-0.051593959874916044
COHFACE_s14_session3_natural,22,110,25.666666666666668,-0.910723090171814,-0.04625623715989512
COHFACE_s14_session3_natural,22,111,25.7,-0.9348670840263367,-0.04044509699883857
COHFACE_s14_session3_natural,22,112,25.733333333333334,-0.6868982315063477,-0.03703798335361881
COHFACE_s14_session3_natural,22,113,25.766666666666666,0.09730487316846848,-0.03622259302533821
COHFACE_s14_session3_natural,22,114,25.8,1.0271199941635132,-0.0363143295415345
COHFACE_s14_session3_natural,22,115,25.833333333333332,1.4710290431976318,-0.03525985116615934
COHFACE_s14_session3_natural,22,116,25.866666666666667,1.451169729232788,-0.03193579286138047
COHFACE_s14_session3_natural,22,117,25.9,1.236254334449768,-0.02670008963606197
COHFACE_s14_session3_natural,22,118,25.933333333333334,0.8333900570869446,-0.021133579120024556
COHFACE_s14_session3_natural,22,119,25.966666666666665,0.5124452114105225,-0.017297625493477804
COHFACE_s14_session3_natural,22,120,26.0,0.46888405084609985,-0.016994951640288972
COHFACE_s14_session3_natural,22,121,26.033333333333335,0.5481510758399963,-0.02135595719135664
COHFACE_s14_session3_natural,22,122,26.066666666666666,0.5306721925735474,-0.030683202712953158
COHFACE_s14_session3_natural,22,123,26.1,0.32912102341651917,-0.04427132022760708
COHFACE_s14_session3_natural,22,124,26.133333333333333,0.0724467784166336,-0.06012578786984548
COHFACE_s14_session3_natural,22,125,26.166666666666668,-0.13131476938724518,-0.07484126197318519
COHFACE_s14_session3_natural,22,126,26.2,-0.2697175443172455,-0.08397901829719492
COHFACE_s14_session3_natural,22,127,26.233333333333334,-0.3560577630996704,-0.0830927185907393
COHFACE_s14_session3_natural,22,128,26.266666666666666,-0.4181860089302063,-0.06925278088310366
COHFACE_s14_session3_natural,22,129,26.3,-0.5292482972145081,-0.042575066637671355
COHFACE_s14_session3_natural,22,130,26.333333333333332,-0.6514303684234619,-0.006990293692054108
COHFACE_s14_session3_natural,22,131,26.366666666666667,-0.7478362917900085,0.03039604493965101
COHFACE_s14_session3_natural,22,132,26.4,-0.801837146282196,0.06138466304535555
COHFACE_s14_session3_natural,22,133,26.433333333333334,-0.6207573413848877,0.07948966935407095
COHFACE_s14_session3_natural,22,134,26.466666666666665,0.13409893214702606,0.08236608677922676
COHFACE_s14_session3_natural,22,135,26.5,1.1676990985870361,0.07286281259006772
COHFACE_s14_session3_natural,22,136,26.533333333333335,1.7448080778121948,0.058213708704796
COHFACE_s14_session3_natural,22,137,26.566666666666666,1.7799699306488037,0.04758435496151856
COHFACE_s14_session3_natural,22,138,26.6,1.5957615375518799,0.048825343102418324
COHFACE_s14_session3_natural,22,139,26.633333333333333,1.2229242324829102,0.06554521228298832
COHFACE_s14_session3_natural,22,140,26.666666666666668,0.8099601864814758,0.09540072320003315
COHFACE_s14_session3_natural,22,141,26.7,0.6646542549133301,0.13005989051681038
COHFACE_s14_session3_natural,22,142,26.733333333333334,0.7314412593841553,0.15691545871318996
COHFACE_s14_session3_natural,22,143,26.766666666666666,0.70505291223526,0.16233509929239592
COHFACE_s14_session3_natural,22,144,26.8,0.5122411847114563,0.13590573950881712
COHFACE_s14_session3_natural,22,145,26.833333333333332,0.2566891014575958,0.07468624565509903
COHFACE_s14_session3_natural,22,146,26.866666666666667,0.007292052730917931,-0.013982758481208068
COHFACE_s14_session3_natural,22,147,26.9,-0.1934089958667755,-0.11274877998316186
COHFACE_s14_session3_natural,22,148,26.933333333333334,-0.3158971667289734,-0.19865657959752095
COHFACE_s14_session3_natural,22,149,26.966666666666665,-0.4022373855113983,-0.25091255316802247
COHFACE_s14_session3_natural,22,150,27.0,-0.5018057823181152,-0.25869985340827595
COHFACE_s14_session3_natural,22,151,27.033333333333335,-0.6224576234817505,-0.22489195401021242
COHFACE_s14_session3_natural,22,152,27.066666666666666,-0.7437896132469177,-0.1637740759539087
COHFACE_s14_session3_natural,22,153,27.1,-0.8207102417945862,-0.09439880243032511
COHFACE_s14_session3_natural,22,154,27.133333333333333,-0.8363528251647949,-0.033237018768555934
COHFACE_s14_session3_natural,22,155,27.166666666666668,-0.41645172238349915,0.010544394721017996
COHFACE_s14_session3_natural,22,156,27.2,0.5926304459571838,0.035828150277644855
COHFACE_s14_session3_natural,22,157,27.233333333333334,1.4971452951431274,0.04713534157824288
COHFACE_s14_session3_natural,22,158,27.266666666666666,1.7715024948120117,0.05099534546966447
COHFACE_s14_session3_natural,22,159,27.3,1.6559514999389648,0.052912494145028424
COHFACE_s14_session3_natural,22,160,27.333333333333332,1.3554099798202515,0.05588757234552879
COHFACE_s14_session3_natural,22,161,27.366666666666667,0.9033395648002625,0.060467559271741904
COHFACE_s14_session3_natural,22,162,27.4,0.5927324295043945,0.06565703890766679
COHFACE_s14_session3_natural,22,163,27.433333333333334,0.5846391320228577,0.06991450936032881
COHFACE_s14_session3_natural,22,164,27.466666666666665,0.627078115940094,0.0717734637719064
COHFACE_s14_session3_natural,22,165,27.5,0.5270336270332336,0.07007431474526163
COHFACE_s14_session3_natural,22,166,27.533333333333335,0.2716175615787506,0.06406430875020716
COHFACE_s14_session3_natural,22,167,27.566666666666666,-0.0023315318394452333,0.05358189493126398
COHFACE_s14_session3_natural,22,168,27.6,-0.23176731169223785,0.03927606672853807
COHFACE_s14_session3_natural,22,169,27.633333333333333,-0.399142861366272,0.022599554341899378
COHFACE_s14_session3_natural,22,170,27.666666666666668,-0.4912640154361725,0.0053933038261330234
COHFACE_s14_session3_natural,22,171,27.7,-0.5667904615402222,-0.010778896631767636
COHFACE_s14_session3_natural,22,172,27.733333333333334,-0.6796890497207642,-0.02506243323227887
COHFACE_s14_session3_natural,22,173,27.766666666666666,-0.8101345300674438,-0.03713596217497721
COHFACE_s14_session3_natural,22,174,27.8,-0.9287460446357727,-0.04664559686754272
COHFACE_s14_session3_natural,22,175,27.833333333333332,-0.999987781047821,-0.05287533248753294
COHFACE_s14_session3_natural,22,176,27.866666666666667,-0.9530260562896729,-0.054977078058049675
COHFACE_s14_session3_natural,22,177,27.9,-0.4370250999927521,-0.05249135610987489
COHFACE_s14_session3_natural,22,178,27.933333333333334,0.5698806643486023,-0.04566867080121356
COHFACE_s14_session3_natural,22,179,27.966666666666665,1.3642514944076538,-0.0353478563925876
COHFACE_s14_session3_natural,22,180,28.0,1.548731803894043,-0.02255803284728274
COHFACE_s14_session3_natural,22,181,28.033333333333335,1.3725148439407349,-0.008208859631647138
COHFACE_s14_session3_natural,22,182,28.066666666666666,1.0213390588760376,0.0069430775955987125
COHFACE_s14_session3_natural,22,183,28.1,0.5608012080192566,0.02216891464767264
COHFACE_s14_session3_natural,22,184,28.133333333333333,0.3319435119628906,0.03670246233698774
COHFACE_s14_session3_natural,22,185,28.166666666666668,0.3745185136795044,0.04979441049060806
COHFACE_s14_session3_natural,22,186,28.2,0.42573094367980957,0.06070960448869607
COHFACE_s14_session3_natural,22,187,28.233333333333334,0.29474136233329773,0.06848875941023354
COHFACE_s14_session3_natural,22,188,28.266666666666666,0.025076979771256447,0.07162328609839529
COHFACE_s14_session3_natural,22,189,28.3,-0.22870680689811707,0.06809228170347925
COHFACE_s14_session3_natural,22,190,28.333333333333332,-0.4344746768474579,0.05609583945582265
COHFACE_s14_session3_natural,22,191,28.366666666666667,-0.5836232304573059,0.035310993906284185
COHFACE_s14_session3_natural,22,192,28.4,-0.6691133379936218,0.007941814389339675
COHFACE_s14_session3_natural,22,193,28.433333333333334,-0.7348461151123047,-0.021313688068932284
COHFACE_s14_session3_natural,22,194,28.466666666666665,-0.8318641185760498,-0.0467492070527193
COHFACE_s14_session3_natural,22,195,28.5,-0.9603712558746338,-0.06399120964117865
COHFACE_s14_session3_natural,22,196,28.533333333333335,-1.070107340812683,-0.07178880418364776
COHFACE_s14_session3_natural,22,197,28.566666666666666,-1.1247882843017578,-0.07202177519586797
COHFACE_s14_session3_natural,22,198,28.6,-1.0525944232940674,-0.06799930394596551
COHFACE_s14_session3_natural,22,199,28.633333333333333,-0.4848029613494873,-0.06236332934209039
COHFACE_s14_session3_natural,22,200,28.666666666666668,0.48537677526474,-0.05594584534998402
COHFACE_s14_session3_natural,22,201,28.7,1.1315851211547852,-0.048016888804785884
COHFACE_s14_session3_natural,22,202,28.733333333333334,1.1924551725387573,-0.03741825148089249
COHFACE_s14_session3_natural,22,203,28.766666666666666,0.9465606808662415,-0.02369787749251493
COHFACE_s14_session3_natural,22,204,28.8,0.5485591888427734,-0.007629398832905105
COHFACE_s14_session3_natural,22,205,28.833333333333332,0.154672309756279,0.008963158113350193
COHFACE_s14_session3_natural,22,206,28.866666666666667,0.04847283288836479,0.023804948184466938
COHFACE_s14_session3_natural,22,207,28.9,0.16579215228557587,0.034867656219474734
COHFACE_s14_session3_natural,22,208,28.933333333333334,0.20401443541049957,0.04094547333995958
COHFACE_s14_session3_natural,22,209,28.966666666666665,0.05731428787112236,0.04198628388461716
COHFACE_s14_session3_natural,22,210,29.0,-0.1794326901435852,0.0390678656514062
COHFACE_s14_session3_natural,22,211,29.033333333333335,-0.4033595621585846,0.03396560518264864
COHFACE_s14_session3_natural,22,212,29.066666666666666,-0.5727414488792419,0.028452110906068917
COHFACE_s14_session3_natural,22,213,29.1,-0.6732959747314453,0.023644551310897093
COHFACE_s14_session3_natural,22,214,29.133333333333333,-0.7442317008972168,0.019690715830287992
COHFACE_s14_session3_natural,22,215,29.166666666666668,-0.8168676495552063,0.01589122602703066
COHFACE_s14_session3_natural,22,216,29.2,-0.9165040254592896,0.011142799649728832
COHFACE_s14_session3_natural,22,217,29.233333333333334,-1.0192348957061768,0.0044849883257654325
COHFACE_s14_session3_natural,22,218,29.266666666666666,-1.1023106575012207,-0.004428827595593919
COHFACE_s14_session3_natural,22,219,29.3,-1.1488982439041138,-0.015040797826329786
COHFACE_s14_session3_natural,22,220,29.333333333333332,-1.0010079145431519,-0.02586868719397533
COHFACE_s14_session3_natural,22,221,29.366666666666667,-0.30532142519950867,-0.03484725693940289
COHFACE_s14_session3_natural,22,222,29.4,0.6289483904838562,-0.040028407502373596
COHFACE_s14_session3_natural,22,223,29.433333333333334,1.0922746658325195,-0.04039407194314229
COHFACE_s14_session3_natural,22,224,29.466666666666665,1.0548685789108276,-0.03627796343263086
COHFACE_s14_session3_natural,22,225,29.5,0.800438642501831,-0.029004431439992876
COHFACE_s14_session3_natural,22,226,29.533333333333335,0.4155292510986328,-0.019949550304832045
COHFACE_s14_session3_natural,22,227,29.566666666666666,0.10750655084848404,-0.009740360064011867
COHFACE_s14_session3_natural,22,228,29.6,0.06714190542697906,0.0018152462101386462
COHFACE_s14_session3_natural,22,229,29.633333333333333,0.15633858740329742,0.015052753364054842
COHFACE_s14_session3_natural,22,230,29.666666666666668,0.1485513150691986,0.029536845631853707
COHFACE_s14_session3_natural,22,231,29.7,-0.027427664026618004,0.04357302742030532
COHFACE_s14_session3_natural,22,232,29.733333333333334,-0.2568974494934082,0.054545778545841285
COHFACE_s14_session3_natural,22,233,29.766666666666666,-0.4741252064704895,0.0599670970652499
COHFACE_s14_session3_natural,22,234,29.8,-0.6321832537651062,0.05864827025159087
COHFACE_s14_session3_natural,22,235,29.833333333333332,-0.7172312140464783,0.051283436138671264
COHFACE_s14_session3_natural,22,236,29.866666666666667,-0.7764349579811096,0.04006728824159462
COHFACE_s14_session3_natural,22,237,29.9,-0.8342785239219666,0.02755382681617797
COHFACE_s14_session3_natural,22,238,29.933333333333334,-0.9304463267326355,0.015434755285945236
COHFACE_s14_session3_natural,22,239,29.966666666666665,-1.0382781028747559,0.003972660986266838
COHFACE_s14_session3_natural,23,0,23.0,1.3018511533737183,-0.010106350364549656
COHFACE_s14_session3_natural,23,1,23.033333333333335,1.0660223960876465,2.6540954269868684
COHFACE_s14_session3_natural,23,2,23.066666666666666,0.6565949320793152,4.9035876259485836
COHFACE_s14_session3_natural,23,3,23.1,0.33116137981414795,6.425765787092289
COHFACE_s14_session3_natural,23,4,23.133333333333333,0.3761847913265228,7.083052333735067
COHFACE_s14_session3_natural,23,5,23.166666666666668,0.476875364780426,6.929990128850523
COHFACE_s14_session3_natural,23,6,23.2,0.4260369837284088,6.169461578121308
COHFACE_s14_session3_natural,23,7,23.233333333333334,0.2506020963191986,5.07243231410637
COHFACE_s14_session3_natural,23,8,23.266666666666666,0.02147238701581955,3.89635830852582
COHFACE_s14_session3_natural,23,9,23.3,-0.18738999962806702,2.8283380034867744
COHFACE_s14_session3_natural,23,10,23.333333333333332,-0.33721867203712463,1.9632363118369922
COHFACE_s14_session3_natural,23,11,23.366666666666667,-0.44763484597206116,1.3129905652023552
COHFACE_s14_session3_natural,23,12,23.4,-0.5528141856193542,0.8349115725587585
COHFACE_s14_session3_natural,23,13,23.433333333333334,-0.6681271195411682,0.4648993595564892
COHFACE_s14_session3_natural,23,14,23.466666666666665,-0.8116647601127625,0.1446443028852495
COHFACE_s14_session3_natural,23,15,23.5,-0.9353771209716797,-0.1626430032205352
COHFACE_s14_session3_natural,23,16,23.533333333333335,-1.0249139070510864,-0.46827725216289295
COHFACE_s14_session3_natural,23,17,23.566666666666666,-1.036815881729126,-0.76293991652191
COHFACE_s14_session3_natural,23,18,23.6,-0.6150444149971008,-1.0261919016545966
COHFACE_s14_session3_natural,23,19,23.633333333333333,0.3703698217868805,-1.2368198289543124
COHFACE_s14_session3_natural,23,20,23.666666666666668,1.1928632259368896,-1.381036412218796
COHFACE_s14_session3_natural,23,21,23.7,1.403153896331787,-1.4567021738858104
COHFACE_s14_session3_natural,23,22,23.733333333333334,1.2529171705245972,-1.4731276144082661
COHFACE_s14_session3_natural,23,23,23.766666666666666,0.9672700762748718,-1.447333982123156
COHFACE_s14_session3_natural,23,24,23.8,0.553864061832428,-1.3985069792976625
COHFACE_s14_session3_natural,23,25,23.833333333333332,0.28100311756134033,-1.3425532953541404
COHFACE_s14_session3_natural,23,26,23.866666666666667,0.29215696454048157,-1.2882388468746886
COHFACE_s14_session3_natural,23,27,23.9,0.38125163316726685,-1.235758588867996
COHFACE_s14_session3_natural,23,28,23.933333333333334,0.3002502918243408,-1.1780354098677734
COHFACE_s14_session3_natural,23,29,23.966666666666665,0.058606501668691635,-1.1043411405694816
COHFACE_s14_session3_natural,23,30,24.0,-0.2120780646800995,-1.0049049864445794
COHFACE_s14_session3_natural,23,31,24.033333333333335,-0.4177779257297516,-0.8747052668048866
COHFACE_s14_session3_natural,23,32,24.066666666666666,-0.5670965313911438,-0.7151771069527181
COHFACE_s14_session3_natural,23,33,24.1,-0.6770706176757812,-0.5336568226800309
COHFACE_s14_session3_natural,23,34,24.133333333333333,-0.7680355906486511,-0.3412528909511335
COHFACE_s14_session3_natural,23,35,24.166666666666668,-0.8731468915939331,-0.15018926917252462
COHFACE_s14_session3_natural,23,36,24.2,-0.9953629970550537,0.028434499352566648
COHFACE_s14_session3_natural,23,37,24.233333333333334,-1.1058131456375122,0.18592944830964028
COHFACE_s14_session3_natural,23,38,24.266666666666666,-1.1687915325164795,0.3163310715611895
COHFACE_s14_session3_natural,23,39,24.3,-1.0878922939300537,0.41615014137641104
COHFACE_s14_session3_natural,23,40,24.333333333333332,-0.5516239404678345,0.48413113743517994
COHFACE_s14_session3_natural,23,41,24.366666666666667,0.3913172781467438,0.5213615297863919
COHFACE_s14_session3_natural,23,42,24.4,1.1092435121536255,0.5315607504486645
COHFACE_s14_session3_natural,23,43,24.433333333333334,1.2417632341384888,0.5209974995891307
COHFACE_s14_session3_natural,23,44,24.466666666666665,1.0516040325164795,0.49758718539606306
COHFACE_s14_session3_natural,23,45,24.5,0.7392285466194153,0.46921710200075445
COHFACE_s14_session3_natural,23,46,24.533333333333335,0.34462758898735046,0.4418735982993766
COHFACE_s14_session3_natural,23,47,24.566666666666666,0.14936743676662445,0.41834026858807943
COHFACE_s14_session3_natural,23,48,24.6,0.20108996331691742,0.3979639585742008
COHFACE_s14_session3_natural,23,49,24.633333333333333,0.22448581457138062,0.3774835340903585
COHFACE_s14_session3_natural,23,50,24.666666666666668,0.08258044719696045,0.35252648787769075
COHFACE_s14_session3_natural,23,51,24.7,-0.16249790787696838,0.3192488079878919
COHFACE_s14_session3_natural,23,52,24.733333333333334,-0.4064880609512329,0.27568117466521735
COHFACE_s14_session3_natural,23,53,24.766666666666666,-0.6089913845062256,0.2224901590125273
COHFACE_s14_session3_natural,23,54,24.8,-0.7464420199394226,0.16296425874663625
COHFACE_s14_session3_natural,23,55,24.833333333333332,-0.8483228087425232,0.10218071497402909
COHFACE_s14_session3_natural,23,56,24.866666666666667,-0.9321126341819763,0.045583853879441236
COHFACE_s14_session3_natural,23,57,24.9,-1.0111756324768066,-0.002512843728501881
COHFACE_s14_session3_natural,23,58,24.933333333333334,-1.087416172027588,-0.039910292625821374
COHFACE_s14_session3_natural,23,59,24.966666666666665,-1.1106419563293457,-0.0666591105295459
COHFACE_s14_session3_natural,23,60,25.0,-1.0603476762771606,-0.08449753495227898
COHFACE_s14_session3_natural,23,61,25.033333333333335,-0.7546713948249817,-0.09603603214336282
COHFACE_s14_session3_natural,23,62,25.066666666666666,0.05520594120025635,-0.10398142364285741
COHFACE_s14_session3_natural,23,63,25.1,0.9301019906997681,-0.11042160635478057
COHFACE_s14_session3_natural,23,64,25.133333333333333,1.2789654731750488,-0.11619079269135449
COHFACE_s14_session3_natural,23,65,25.166666666666668,1.2117363214492798,-0.12053120792816216
COHFACE_s14_session3_natural,23,66,25.2,0.9238789677619934,-0.12136078558411895
COHFACE_s14_session3_natural,23,67,25.233333333333334,0.4678298830986023,-0.1162601207729532
COHFACE_s14_session3_natural,23,68,25.266666666666666,0.18405315279960632,-0.10386326577017851
COHFACE_s14_session3_natural,23,69,25.3,0.19150038063526154,-0.08501260170004558
COHFACE_s14_session3_natural,23,70,25.333333333333332,0.28083309531211853,-0.06309509635491717
COHFACE_s14_session3_natural,23,71,25.366666666666667,0.2518943250179291,-0.04331369753501604
COHFACE_s14_session3_natural,23,72,25.4,0.05765434354543686,-0.0310334333753842
COHFACE_s14_session3_natural,23,73,25.433333333333334,-0.166544571518898,-0.029706669348322043
COHFACE_s14_session3_natural,23,74,25.466666666666665,-0.35983237624168396,-0.03918086310397453
COHFACE_s14_session3_natural,23,75,25.5,-0.5084368586540222,-0.05526045036383679
COHFACE_s14_session3_natural,23,76,25.533333333333335,-0.5902883410453796,-0.07104212386045863
COHFACE_s14_session3_natural,23,77,25.566666666666666,-0.6605439186096191,-0.079689464222769
COHFACE_s14_session3_natural,23,78,25.6,-0.7438915967941284,-0.0773014697324684
COHFACE_s14_session3_natural,23,79,25.633333333333333,-0.8320341110229492,-0.06426883487423928
COHFACE_s14_session3_natural,23,80,25.666666666666668,-0.910723090171814,-0.0444743667952478
COHFACE_s14_session3_natural,23,81,25.7,-0.9348670840263367,-0.023061199752666826
COHFACE_s14_session3_natural,23,82,25.733333333333334,-0.6868982315063477,-0.004164879506620107
COHFACE_s14_session3_natural,23,83,25.766666666666666,0.09730487316846848,0.010283561961280299
COHFACE_s14_session3_natural,23,84,25.8,1.0271199941635132,0.02042572294446789
COHFACE_s14_session3_natural,23,85,25.833333333333332,1.4710290431976318,0.02751241624265824
COHFACE_s14_session3_natural,23,86,25.866666666666667,1.451169729232788,0.032819580582689675
COHFACE_s14_session3_natural,23,87,25.9,1.236254334449768,0.03694563977733977
COHFACE_s14_session3_natural,23,88,25.933333333333334,0.8333900570869446,0.03968410332982433
COHFACE_s14_session3_natural,23,89,25.966666666666665,0.5124452114105225,0.04035942708284216
COHFACE_s14_session3_natural,23,90,26.0,0.46888405084609985,0.03826945498980432
COHFACE_s14_session3_natural,23,91,26.033333333333335,0.5481510758399963,0.03290982485092216
COHFACE_s14_session3_natural,23,92,26.066666666666666,0.5306721925735474,0.02400204370583817
COHFACE_s14_session3_natural,23,93,26.1,0.32912102341651917,0.01159587050015494
COHFACE_s14_session3_natural,23,94,26.133333333333333,0.0724467784166336,-0.003649401496252286
COHFACE_s14_session3_natural,23,95,26.166666666666668,-0.13131476938724518,-0.02020126604812188
COHFACE_s14_session3_natural,23,96,26.2,-0.2697175443172455,-0.03566071265670027
COHFACE_s14_session3_natural,23,97,26.233333333333334,-0.3560577630996704,-0.04715997640311845
COHFACE_s14_session3_natural,23,98,26.266666666666666,-0.4181860089302063,-0.05213391525819465
COHFACE_s14_session3_natural,23,99,26.3,-0.5292482972145081,-0.04925563349090724
COHFACE_s14_session3_natural,23,100,26.333333333333332,-0.6514303684234619,-0.039080081116665576
COHFACE_s14_session3_natural,23,101,26.366666666666667,-0.7478362917900085,-0.023941333146389555
COHFACE_s14_session3_natural,23,102,26.4,-0.801837146282196,-0.007068600308847138
COHFACE_s14_session3_natural,23,103,26.433333333333334,-0.6207573413848877,0.008640178555850829
COHFACE_s14_session3_natural,23,104,26.466666666666665,0.13409893214702606,0.021632410334240463
COHFACE_s14_session3_natural,23,105,26.5,1.1676990985870361,0.03214909046847477
COHFACE_s14_session3_natural,23,106,26.533333333333335,1.7448080778121948,0.0420186206823698
COHFACE_s14_session3_natural,23,107,26.566666666666666,1.7799699306488037,0.053887679198441264
COHFACE_s14_session3_natural,23,108,26.6,1.5957615375518799,0.07006295483895766
COHFACE_s14_session3_natural,23,109,26.633333333333333,1.2229242324829102,0.09121180326638649
COHFACE_s14_session3_natural,23,110,26.666666666666668,0.8099601864814758,0.11529384645864249
COHFACE_s14_session3_natural,23,111,26.7,0.6646542549133301,0.13717945628837194
COHFACE_s14_session3_natural,23,112,26.733333333333334,0.7314412593841553,0.1493322832845225
COHFACE_s14_session3_natural,23,113,26.766666666666666,0.70505291223526,0.1436740181457176
COHFACE_s14_session3_natural,23,114,26.8,0.5122411847114563,0.11435760137621954
COHFACE_s14_session3_natural,23,115,26.833333333333332,0.2566891014575958,0.06070735077437814
COHFACE_s14_session3_natural,23,116,26.866666666666667,0.007292052730917931,-0.010833206503018661
COHFACE_s14_session3_natural,23,117,26.9,-0.1934089958667755,-0.08704978398026628
COHFACE_s14_session3_natural,23,118,26.933333333333334,-0.3158971667289734,-0.1514153130847616
COHFACE_s14_session3_natural,23,119,26.966666666666665,-0.4022373855113983,-0.18990711498668628
COHFACE_s14_session3_natural,23,120,27.0,-0.5018057823181152,-0.19636220812844773
COHFACE_s14_session3_natural,23,121,27.033333333333335,-0.6224576234817505,-0.17420033282552524
COHFACE_s14_session3_natural,23,122,27.066666666666666,-0.7437896132469177,-0.13380677955878512
COHFACE_s14_session3_natural,23,123,27.1,-0.8207102417945862,-0.08770564156409005
COHFACE_s14_session3_natural,23,124,27.133333333333333,-0.8363528251647949,-0.046215320508577976
COHFACE_s14_session3_natural,23,125,27.166666666666668,-0.41645172238349915,-0.015073041376655574
COHFACE_s14_session3_natural,23,126,27.2,0.5926304459571838,0.0047428145547952286
COHFACE_s14_session3_natural,23,127,27.233333333333334,1.4971452951431274,0.015563701235430586
COHFACE_s14_session3_natural,23,128,27.266666666666666,1.7715024948120117,0.02098107403313179
COHFACE_s14_session3_natural,23,129,27.3,1.6559514999389648,0.024203468635400002
COHFACE_s14_session3_natural,23,130,27.333333333333332,1.3554099798202515,0.02730622862650721
COHFACE_s14_session3_natural,23,131,27.366666666666667,0.9033395648002625,0.031238137807704486
COHFACE_s14_session3_natural,23,132,27.4,0.5927324295043945,0.03615213255913423
COHFACE_s14_session3_natural,23,133,27.433333333333334,0.5846391320228577,0.04168422447612615
COHFACE_s14_session3_natural,23,134,27.466666666666665,0.627078115940094,0.04703183984516387
COHFACE_s14_session3_natural,23,135,27.5,0.5270336270332336,0.05093822012902622
COHFACE_s14_session3_natural,23,136,27.533333333333335,0.2716175615787506,0.05184605721370553
COHFACE_s14_session3_natural,23,137,27.566666666666666,-0.0023315318394452333,0.048389501781829096
COHFACE_s14_session3_natural,23,138,27.6,-0.23176731169223785,0.04006155798885353
COHFACE_s14_session3_natural,23,139,27.633333333333333,-0.399142861366272,0.02762871246994252
COHFACE_s14_session3_natural,23,140,27.666666666666668,-0.4912640154361725,0.012951402852476283
COHFACE_s14_session3_natural,23,141,27.7,-0.5667904615402222,-0.001737295809647349
COHFACE_s14_session3_natural,23,142,27.733333333333334,-0.6796890497207642,-0.014639077610703446
COHFACE_s14_session3_natural,23,143,27.766666666666666,-0.8101345300674438,-0.02478742551674539
COHFACE_s14_session3_natural,23,144,27.8,-0.9287460446357727,-0.03194158151137535
COHFACE_s14_session3_natural,23,145,27.833333333333332,-0.999987781047821,-0.03627505874476775
COHFACE_s14_session3_natural,23,146,27.866666666666667,-0.9530260562896729,-0.03812438045603151
COHFACE_s14_session3_natural,23,147,27.9,-0.4370250999927521,-0.03781509300314297
COHFACE_s14_session3_natural,23,148,27.933333333333334,0.5698806643486023,-0.03549285882574602
COHFACE_s14_session3_natural,23,149,27.966666666666665,1.3642514944076538,-0.030994105250434088
COHFACE_s14_session3_natural,23,150,28.0,1.548731803894043,-0.02390968013258967
COHFACE_s14_session3_natural,23,151,28.033333333333335,1.3725148439407349,-0.013938224983820285
COHFACE_s14_session3_natural,23,152,28.066666666666666,1.0213390588760376,-0.0013687335019905073
COHFACE_s14_session3_natural,23,153,28.1,0.5608012080192566,0.012687615846267907
COHFACE_s14_session3_natural,23,154,28.133333333333333,0.3319435119628906,0.026617993179277242
COHFACE_s14_session3_natural,23,155,28.166666666666668,0.3745185136795044,0.03908305460381239
COHFACE_s14_session3_natural,23,156,28.2,0.42573094367980957,0.0496860917754782
COHFACE_s14_session3_natural,23,157,28.233333333333334,0.29474136233329773,0.05891849160840086
COHFACE_s14_session3_natural,23,158,28.266666666666666,0.025076979771256447,0.06730414194096908
COHFACE_s14_session3_natural,23,159,28.3,-0.22870680689811707,0.0743313758848023
COHFACE_s14_session3_natural,23,160,28.333333333333332,-0.4344746768474579,0.07796928814017469
COHFACE_s14_session3_natural,23,161,28.366666666666667,-0.5836232304573059,0.07521881774316523
COHFACE_s14_session3_natural,23,162,28.4,-0.6691133379936218,0.06351600407607814
COHFACE_s14_session3_natural,23,163,28.433333333333334,-0.7348461151123047,0.04226442667211164
COHFACE_s14_session3_natural,23,164,28.466666666666665,-0.8318641185760498,0.013638013357536055
COHFACE_s14_session3_natural,23,165,28.5,-0.9603712558746338,-0.01784406765013358
COHFACE_s14_session3_natural,23,166,28.533333333333335,-1.070107340812683,-0.046796999646414005
COHFACE_s14_session3_natural,23,167,28.566666666666666,-1.1247882843017578,-0.06877525996931726
COHFACE_s14_session3_natural,23,168,28.6,-1.0525944232940674,-0.081582656453571
COHFACE_s14_session3_natural,23,169,28.633333333333333,-0.4848029613494873,-0.08561876455260316
COHFACE_s14_session3_natural,23,170,28.666666666666668,0.48537677526474,-0.08330880424210335
COHFACE_s14_session3_natural,23,171,28.7,1.1315851211547852,-0.0780091030214794
COHFACE_s14_session3_natural,23,172,28.733333333333334,1.1924551725387573,-0.07280302520629106
COHFACE_s14_session3_natural,23,173,28.766666666666666,0.9465606808662415,-0.06949389665494073
COHFACE_s14_session3_natural,23,174,28.8,0.5485591888427734,-0.06806661580371177
COHFACE_s14_session3_natural,23,175,28.833333333333332,0.154672309756279,-0.06682495934302841
COHFACE_s14_session3_natural,23,176,28.866666666666667,0.04847283288836479,-0.0631747998914776
COHFACE_s14_session3_natural,23,177,28.9,0.16579215228557587,-0.05472752862709405
COHFACE_s14_session3_natural,23,178,28.933333333333334,0.20401443541049957,-0.0402534964121099
COHFACE_s14_session3_natural,23,179,28.966666666666665,0.05731428787112236,-0.02012701003000177
COHFACE_s14_session3_natural,23,180,29.0,-0.1794326901435852,0.0037949640250885845
COHFACE_s14_session3_natural,23,181,29.033333333333335,-0.4033595621585846,0.028671784087288547
COHFACE_s14_session3_natural,23,182,29.066666666666666,-0.5727414488792419,0.0513453061719496
COHFACE_s14_session3_natural,23,183,29.1,-0.6732959747314453,0.06904802912602907
COHFACE_s14_session3_natural,23,184,29.133333333333333,-0.7442317008972168,0.08003738481286438
COHFACE_s14_session3_natural,23,185,29.166666666666668,-0.8168676495552063,0.08396992455165417
COHFACE_s14_session3_natural,23,186,29.2,-0.9165040254592896,0.08180583127005933
COHFACE_s14_session3_natural,23,187,29.233333333333334,-1.0192348957061768,0.07520556704819145
COHFACE_s14_session3_natural,23,188,29.266666666666666,-1.1023106575012207,0.06572472039381087
COHFACE_s14_session3_natural,23,189,29.3,-1.1488982439041138,0.05431759993353115
COHFACE_s14_session3_natural,23,190,29.333333333333332,-1.0010079145431519,0.04146267118943679
COHFACE_s14_session3_natural,23,191,29.366666666666667,-0.30532142519950867,0.027742241577951344
COHFACE_s14_session3_natural,23,192,29.4,0.6289483904838562,0.014313288519192724
COHFACE_s14_session3_natural,23,193,29.433333333333334,1.0922746658325195,0.0027812951718215176
COHFACE_s14_session3_natural,23,194,29.466666666666665,1.0548685789108276,-0.005442496375035309
COHFACE_s14_session3_natural,23,195,29.5,0.800438642501831,-0.009735027876343836
COHFACE_s14_session3_natural,23,196,29.533333333333335,0.4155292510986328,-0.010347059975734797
COHFACE_s14_session3_natural,23,197,29.566666666666666,0.10750655084848404,-0.008013108019916233
COHFACE_s14_session3_natural,23,198,29.6,0.06714190542697906,-0.0034953841707502484
COHFACE_s14_session3_natural,23,199,29.633333333333333,0.15633858740329742,0.002533680658421076
COHFACE_s14_session3_natural,23,200,29.666666666666668,0.1485513150691986,0.009212460748459961
COHFACE_s14_session3_natural,23,201,29.7,-0.027427664026618004,0.015144701282192623
COHFACE_s14_session3_natural,23,202,29.733333333333334,-0.2568974494934082,0.018427906333023172
COHFACE_s14_session3_natural,23,203,29.766666666666666,-0.4741252064704895,0.017237973419771048
COHFACE_s14_session3_natural,23,204,29.8,-0.6321832537651062,0.010699314422524628
COHFACE_s14_session3_natural,23,205,29.833333333333332,-0.7172312140464783,-0.0005072230229717205
COHFACE_s14_session3_natural,23,206,29.866666666666667,-0.7764349579811096,-0.014206015064441517
COHFACE_s14_session3_natural,23,207,29.9,-0.8342785239219666,-0.02747699591540404
COHFACE_s14_session3_natural,23,208,29.933333333333334,-0.9304463267326355,-0.03777485800530634
COHFACE_s14_session3_natural,23,209,29.966666666666665,-1.0382781028747559,-0.04391067654873047
COHFACE_s14_session3_natural,23,210,30.0,-1.1281888484954834,-0.046387690974492815
COHFACE_s14_session3_natural,23,211,30.033333333333335,-1.1175111532211304,-0.04687233449244331
COHFACE_s14_session3_natural,23,212,30.066666666666666,-0.7648730874061584,-0.04710464427012938
COHFACE_s14_session3_natural,23,213,30.1,0.12151686102151871,-0.047904287913293035
COHFACE_s14_session3_natural,23,214,30.133333333333333,0.9811784029006958,-0.04879783393473134
COHFACE_s14_session3_natural,23,215,30.166666666666668,1.2736265659332275,-0.04837040477353497
COHFACE_s14_session3_natural,23,216,30.2,1.185041904449463,-0.045084852959867555
COHFACE_s14_session3_natural,23,217,30.233333333333334,0.9388074278831482,-0.03813876640416344
COHFACE_s14_session3_natural,23,218,30.266666666666666,0.533358633518219,-0.02793433704515712
COHFACE_s14_session3_natural,23,219,30.3,0.23189903795719147,-0.015920719455339946
COHFACE_s14_session3_natural,23,220,30.333333333333332,0.21690256893634796,-0.003892219151714376
COHFACE_s14_session3_natural,23,221,30.366666666666667,0.3100098967552185,0.0068479562584823584
COHFACE_s14_session3_natural,23,222,30.4,0.2539346516132355,0.01591331578966041
COHFACE_s14_session3_natural,23,223,30.433333333333334,0.05088723078370094,0.023541894107770453
COHFACE_s14_session3_natural,23,224,30.466666666666665,-0.1892603039741516,0.02983288977505079
COHFACE_s14_session3_natural,23,225,30.5,-0.39213770627975464,0.034189869582263256
COHFACE_s14_session3_natural,23,226,30.533333333333335,-0.547441303730011,0.035546310791508044
COHFACE_s14_session3_natural,23,227,30.566666666666666,-0.6410247087478638,0.03334058123283499
COHFACE_s14_session3_natural,23,228,30.6,-0.6796210408210754,0.028506923371221574
COHFACE_s14_session3_natural,23,229,30.633333333333333,-0.7400490045547485,0.023560576039471457
COHFACE_s14_session3_natural,23,230,30.666666666666668,-0.8527435660362244,0.021457266912468284
COHFACE_s14_session3_natural,23,231,30.7,-0.9557805061340332,0.023854673727523947
COHFACE_s14_session3_natural,23,232,30.733333333333334,-1.0172966718673706,0.02995941377084317
COHFACE_s14_session3_natural,23,233,30.766666666666666,-1.0087271928787231,0.03682944556385763
COHFACE_s14_session3_natural,23,234,30.8,-0.640548586845398,0.04095267531770927
COHFACE_s14_session3_natural,23,235,30.833333333333332,0.2884843349456787,0.0400091164654821
COHFACE_s14_session3_natural,23,236,30.866666666666667,1.1101956367492676,0.03371633964921239
COHFACE_s14_session3_natural,23,237,30.9,1.3692842721939087,0.023426418142434062
COHFACE_s14_session3_natural,23,238,30.933333333333334,1.2564877271652222,0.01102417167827278
COHFACE_s14_session3_natural,23,239,30.966666666666665,0.9823685884475708,-0.001960569630698593
COHFACE_s14_session3_natural,24,0,24.0,-0.2120780646800995,0.013357566380445721
COHFACE_s14_session3_natural,24,1,24.033333333333335,-0.4177779257297516,2.5870412786307964
COHFACE_s14_session3_natural,24,2,24.066666666666666,-0.5670965313911438,4.766866620465376
COHFACE_s14_session3_natural,24,3,24.1,-0.6770706176757812,6.25475461813625
COHFACE_s14_session3_natural,24,4,24.133333333333333,-0.7680355906486511,6.917106848534819
COHFACE_s14_session3_natural,24,5,24.166666666666668,-0.8731468915939331,6.801638196006142
COHFACE_s14_session3_natural,24,6,24.2,-0.9953629970550537,6.097174682388328
COHFACE_s14_session3_natural,24,7,24.233333333333334,-1.1058131456375122,5.058892524131302
COHFACE_s14_session3_natural,24,8,24.266666666666666,-1.1687915325164795,3.9315891728226986
COHFACE_s14_session3_natural,24,9,24.3,-1.0878922939300537,2.895337585884568
COHFACE_s14_session3_natural,24,10,24.333333333333332,-0.5516239404678345,2.043532886052191
COHFACE_s14_session3_natural,24,11,24.366666666666667,0.3913172781467438,1.3905453782901926
COHFACE_s14_session3_natural,24,12,24.4,1.1092435121536255,0.8980888556122749
COHFACE_s14_session3_natural,24,13,24.433333333333334,1.2417632341384888,0.5070198285722851
COHFACE_s14_session3_natural,24,14,24.466666666666665,1.0516040325164795,0.16370909292409225
COHFACE_s14_session3_natural,24,15,24.5,0.7392285466194153,-0.16484606416395947
COHFACE_s14_session3_natural,24,16,24.533333333333335,0.34462758898735046,-0.487781949351479
COHFACE_s14_session3_natural,24,17,24.566666666666666,0.14936743676662445,-0.7958885798037171
COHFACE_s14_session3_natural,24,18,24.6,0.20108996331691742,-1.0712105300675794
COHFACE_s14_session3_natural,24,19,24.633333333333333,0.22448581457138062,-1.2963824376435058
COHFACE_s14_session3_natural,24,20,24.666666666666668,0.08258044719696045,-1.4608305334479545
COHFACE_s14_session3_natural,24,21,24.7,-0.16249790787696838,-1.5628127487697125
COHFACE_s14_session3_natural,24,22,24.733333333333334,-0.4064880609512329,-1.6078804815315917
COHFACE_s14_session3_natural,24,23,24.766666666666666,-0.6089913845062256,-1.6053772415529093
COHFACE_s14_session3_natural,24,24,24.8,-0.7464420199394226,-1.5648928489839968
COHFACE_s14_session3_natural,24,25,24.833333333333332,-0.8483228087425232,-1.4941208016455247
COHFACE_s14_session3_natural,24,26,24.866666666666667,-0.9321126341819763,-1.3985364770765212
COHFACE_s14_session3_natural,24,27,24.9,-1.0111756324768066,-1.2823085135188597
COHFACE_s14_session3_natural,24,28,24.933333333333334,-1.087416172027588,-1.1494219266024843
COHFACE_s14_session3_natural,24,29,24.966666666666665,-1.1106419563293457,-1.004254031690848
COHFACE_s14_session3_natural,24,30,25.0,-1.0603476762771606,-0.8514985999000176
COHFACE_s14_session3_natural,24,31,25.033333333333335,-0.7546713948249817,-0.6957905346258775
COHFACE_s14_session3_natural,24,32,25.066666666666666,0.05520594120025635,-0.5413087505436667
COHFACE_s14_session3_natural,24,33,25.1,0.9301019906997681,-0.39137505902247777
COHFACE_s14_session3_natural,24,34,25.133333333333333,1.2789654731750488,-0.24806873519856243
COHFACE_s14_session3_natural,24,35,25.166666666666668,1.2117363214492798,-0.11207544119922347
COHFACE_s14_session3_natural,24,36,25.2,0.9238789677619934,0.016928326466547215
COHFACE_s14_session3_natural,24,37,25.233333333333334,0.4678298830986023,0.1392763770574449
COHFACE_s14_session3_natural,24,38,25.266666666666666,0.18405315279960632,0.2540693478103452
COHFACE_s14_session3_natural,24,39,25.3,0.19150038063526154,0.3583539148576136
COHFACE_s14_session3_natural,24,40,25.333333333333332,0.28083309531211853,0.4472468205019718
COHFACE_s14_session3_natural,24,41,25.366666666666667,0.2518943250179291,0.5150894921920727
COHFACE_s14_session3_natural,24,42,25.4,0.05765434354543686,0.5572945572775833
COHFACE_s14_session3_natural,24,43,25.433333333333334,-0.166544571518898,0.5722480582128028
COHFACE_s14_session3_natural,24,44,25.466666666666665,-0.35983237624168396,0.5624927269250544
COHFACE_s14_session3_natural,24,45,25.5,-0.5084368586540222,0.534521495174116
COHFACE_s14_session3_natural,24,46,25.533333333333335,-0.5902883410453796,0.4969496236193302
COHFACE_s14_session3_natural,24,47,25.566666666666666,-0.6605439186096191,0.4576362819557302
COHFACE_s14_session3_natural,24,48,25.6,-0.7438915967941284,0.42115422090951204
COHFACE_s14_session3_natural,24,49,25.633333333333333,-0.8320341110229492,0.3880107731905914
COHFACE_s14_session3_natural,24,50,25.666666666666668,-0.910723090171814,0.35586863178591
COHFACE_s14_session3_natural,24,51,25.7,-0.9348670840263367,0.3217197898386834
COHFACE_s14_session3_natural,24,52,25.733333333333334,-0.6868982315063477,0.28365458164793067
COHFACE_s14_session3_natural,24,53,25.766666666666666,0.09730487316846848,0.24147829894306927
COHFACE_s14_session3_natural,24,54,25.8,1.0271199941635132,0.19626637322209367
COHFACE_s14_session3_natural,24,55,25.833333333333332,1.4710290431976318,0.1494764240436163
COHFACE_s14_session3_natural,24,56,25.866666666666667,1.451169729232788,0.10225138731280688
COHFACE_s14_session3_natural,24,57,25.9,1.236254334449768,0.05522801698240562
COHFACE_s14_session3_natural,24,58,25.933333333333334,0.8333900570869446,0.008804128956325033
COHFACE_s14_session3_natural,24,59,25.966666666666665,0.5124452114105225,-0.036452122104684376
COHFACE_s14_session3_natural,24,60,26.0,0.46888405084609985,-0.07966387237014497
COHFACE_s14_session3_natural,24,61,26.033333333333335,0.5481510758399963,-0.11994879229622092
COHFACE_s14_session3_natural,24,62,26.066666666666666,0.5306721925735474,-0.15683070890967996
COHFACE_s14_session3_natural,24,63,26.1,0.32912102341651917,-0.19021056582043022
COHFACE_s14_session3_natural,24,64,26.133333333333333,0.0724467784166336,-0.21976291862306377
COHFACE_s14_session3_natural,24,65,26.166666666666668,-0.13131476938724518,-0.24420489913281693
COHFACE_s14_session3_natural,24,66,26.2,-0.2697175443172455,-0.26103398980198633
COHFACE_s14_session3_natural,24,67,26.233333333333334,-0.3560577630996704,-0.26705006727761216
COHFACE_s14_session3_natural,24,68,26.266666666666666,-0.4181860089302063,-0.2595571082012707
COHFACE_s14_session3_natural,24,69,26.3,-0.5292482972145081,-0.23774730648834386
COHFACE_s14_session3_natural,24,70,26.333333333333332,-0.6514303684234619,-0.20354714278252675
COHFACE_s14_session3_natural,24,71,26.366666666666667,-0.7478362917900085,-0.16137811634951496
COHFACE_s14_session3_natural,24,72,26.4,-0.801837146282196,-0.11686774826412052
COHFACE_s14_session3_natural,24,73,26.433333333333334,-0.6207573413848877,-0.07510934589357546
COHFACE_s14_session3_natural,24,74,26.466666666666665,0.13409893214702606,-0.03919849434649931
COHFACE_s14_session3_natural,24,75,26.5,1.1676990985870361,-0.009526392123796513
COHFACE_s14_session3_natural,24,76,26.533333333333335,1.7448080778121948,0.016033573144257494
COHFACE_s14_session3_natural,24,77,26.566666666666666,1.7799699306488037,0.04116357634262084
COHFACE_s14_session3_natural,24,78,26.6,1.5957615375518799,0.06960109275065009
COHFACE_s14_session3_natural,24,79,26.633333333333333,1.2229242324829102,0.1034011495289484
COHFACE_s14_session3_natural,24,80,26.666666666666668,0.8099601864814758,0.14135759162431266
COHFACE_s14_session3_natural,24,81,26.7,0.6646542549133301,0.17810583122663004
COHFACE_s14_session3_natural,24,82,26.733333333333334,0.7314412593841553,0.20448211033772712
COHFACE_s14_session3_natural,24,83,26.766666666666666,0.70505291223526,0.20953503762855835
COHFACE_s14_session3_natural,24,84,26.8,0.5122411847114563,0.1840781375011499
COHFACE_s14_session3_natural,24,85,26.833333333333332,0.2566891014575958,0.12491467869994544
COHFACE_s14_session3_natural,24,86,26.866666666666667,0.007292052730917931,0.03812985443469109
COHFACE_s14_session3_natural,24,87,26.9,-0.1934089958667755,-0.0604604860980281
COHFACE_s14_session3_natural,24,88,26.933333333333334,-0.3158971667289734,-0.14901195900905095
COHFACE_s14_session3_natural,24,89,26.966666666666665,-0.4022373855113983,-0.20690709292139725
COHFACE_s14_session3_natural,24,90,27.0,-0.5018057823181152,-0.2224197428096106
COHFACE_s14_session3_natural,24,91,27.033333333333335,-0.6224576234817505,-0.19671415515693993
COHFACE_s14_session3_natural,24,92,27.066666666666666,-0.7437896132469177,-0.14216939963405079
COHFACE_s14_session3_natural,24,93,27.1,-0.8207102417945862,-0.07638265797720871
COHFACE_s14_session3_natural,24,94,27.133333333333333,-0.8363528251647949,-0.015273343813396534
COHFACE_s14_session3_natural,24,95,27.166666666666668,-0.41645172238349915,0.03149095392826215
COHFACE_s14_session3_natural,24,96,27.2,0.5926304459571838,0.0614186421939603
COHFACE_s14_session3_natural,24,97,27.233333333333334,1.4971452951431274,0.07723258371804285
COHFACE_s14_session3_natural,24,98,27.266666666666666,1.7715024948120117,0.08379060495530888
COHFACE_s14_session3_natural,24,99,27.3,1.6559514999389648,0.08547143934808003
COHFACE_s14_session3_natural,24,100,27.333333333333332,1.3554099798202515,0.0848342943271461
COHFACE_s14_session3_natural,24,101,27.366666666666667,0.9033395648002625,0.08255655749801873
COHFACE_s14_session3_natural,24,102,27.4,0.5927324295043945,0.07816391905310244
COHFACE_s14_session3_natural,24,103,27.433333333333334,0.5846391320228577,0.07094989866158267
COHFACE_s14_session3_natural,24,104,27.466666666666665,0.627078115940094,0.06062650225092332
COHFACE_s14_session3_natural,24,105,27.5,0.5270336270332336,0.04753507412687578
COHFACE_s14_session3_natural,24,106,27.533333333333335,0.2716175615787506,0.03253542228315446
COHFACE_s14_session3_natural,24,107,27.566666666666666,-0.0023315318394452333,0.016801250523235556
COHFACE_s14_session3_natural,24,108,27.6,-0.23176731169223785,0.001625217527604821
COHFACE_s14_session3_natural,24,109,27.633333333333333,-0.399142861366272,-0.01183541018420763
COHFACE_s14_session3_natural,24,110,27.666666666666668,-0.4912640154361725,-0.022938417487788697
COHFACE_s14_session3_natural,24,111,27.7,-0.5667904615402222,-0.031910060690568544
COHFACE_s14_session3_natural,24,112,27.733333333333334,-0.6796890497207642,-0.03978895256538369
COHFACE_s14_session3_natural,24,113,27.766666666666666,-0.8101345300674438,-0.04772035362019238
COHFACE_s14_session3_natural,24,114,27.8,-0.9287460446357727,-0.05595048469945193
COHFACE_s14_session3_natural,24,115,27.833333333333332,-0.999987781047821,-0.06328132453492542
COHFACE_s14_session3_natural,24,116,27.866666666666667,-0.9530260562896729,-0.06744581553417177
COHFACE_s14_session3_natural,24,117,27.9,-0.4370250999927521,-0.06617194153417846
COHFACE_s14_session3_natural,24,118,27.933333333333334,0.5698806643486023,-0.05825497877728923
COHFACE_s14_session3_natural,24,119,27.966666666666665,1.3642514944076538,-0.044032586529297
COHFACE_s14_session3_natural,24,120,28.0,1.548731803894043,-0.025135266822883365
COHFACE_s14_session3_natural,24,121,28.033333333333335,1.3725148439407349,-0.003842636040339679
COHFACE_s14_session3_natural,24,122,28.066666666666666,1.0213390588760376,0.017533912908711233
COHFACE_s14_session3_natural,24,123,28.1,0.5608012080192566,0.03703554605394725
COHFACE_s14_session3_natural,24,124,28.133333333333333,0.3319435119628906,0.053239791862057274
COHFACE_s14_session3_natural,24,125,28.166666666666668,0.3745185136795044,0.06532325028010705
COHFACE_s14_session3_natural,24,126,28.2,0.42573094367980957,0.07294570615109663
COHFACE_s14_session3_natural,24,127,28.233333333333334,0.29474136233329773,0.07587498060649599
COHFACE_s14_session3_natural,24,128,28.266666666666666,0.025076979771256447,0.07353813807899501
COHFACE_s14_session3_natural,24,129,28.3,-0.22870680689811707,0.06493524416626609
COHFACE_s14_session3_natural,24,130,28.333333333333332,-0.4344746768474579,0.04922155464137999
COHFACE_s14_session3_natural,24,131,28.366666666666667,-0.5836232304573059,0.026782641174320117
COHFACE_s14_session3_natural,24,132,28.4,-0.6691133379936218,0.00012505115006369955
COHFACE_s14_session3_natural,24,133,28.433333333333334,-0.7348461151123047,-0.026202343012076124
COHFACE_s14_session3_natural,24,134,28.466666666666665,-0.8318641185760498,-0.04695450950683041
COHFACE_s14_session3_natural,24,135,28.5,-0.9603712558746338,-0.05826658492835012
COHFACE_s14_session3_natural,24,136,28.533333333333335,-1.070107340812683,-0.05928800511264641
COHFACE_s14_session3_natural,24,137,28.566666666666666,-1.1247882843017578,-0.05235675856029425
COHFACE_s14_session3_natural,24,138,28.6,-1.0525944232940674,-0.04168659818315071
COHFACE_s14_session3_natural,24,139,28.633333333333333,-0.4848029613494873,-0.031487932992878706
COHFACE_s14_session3_natural,24,140,28.666666666666668,0.48537677526474,-0.024533907583268965
COHFACE_s14_session3_natural,24,141,28.7,1.1315851211547852,-0.02162534025234688
COHFACE_s14_session3_natural,24,142,28.733333333333334,1.1924551725387573,-0.021842367081389907
COHFACE_s14_session3_natural,24,143,28.766666666666666,0.9465606808662415,-0.023221320894733683
COHFACE_s14_session3_natural,24,144,28.8,0.5485591888427734,-0.023551865069076704
COHFACE_s14_session3_natural,24,145,28.833333333333332,0.154672309756279,-0.02113151355686078
COHFACE_s14_session3_natural,24,146,28.866666666666667,0.04847283288836479,-0.01534530581615978
COHFACE_s14_session3_natural,24,147,28.9,0.16579215228557587,-0.006893663964156978
COHFACE_s14_session3_natural,24,148,28.933333333333334,0.20401443541049957,0.0024792276908996384
COHFACE_s14_session3_natural,24,149,28.966666666666665,0.05731428787112236,0.010710931634559391
COHFACE_s14_session3_natural,24,150,29.0,-0.1794326901435852,0.01627088570973991
COHFACE_s14_session3_natural,24,151,29.033333333333335,-0.4033595621585846,0.018703486356784954
COHFACE_s14_session3_natural,24,152,29.066666666666666,-0.5727414488792419,0.01865899128357344
COHFACE_s14_session3_natural,24,153,29.1,-0.6732959747314453,0.01750940455275246
COHFACE_s14_session3_natural,24,154,29.133333333333333,-0.7442317008972168,0.016748831295843015
COHFACE_s14_session3_natural,24,155,29.166666666666668,-0.8168676495552063,0.01736319053021453
COHFACE_s14_session3_natural,24,156,29.2,-0.9165040254592896,0.019383178549162824
COHFACE_s14_session3_natural,24,157,29.233333333333334,-1.0192348957061768,0.021835558702146766
COHFACE_s14_session3_natural,24,158,29.266666666666666,-1.1023106575012207,0.023166245052013798
COHFACE_s14_session3_natural,24,159,29.3,-1.1488982439041138,0.021981118469239905
COHFACE_s14_session3_natural,24,160,29.333333333333332,-1.0010079145431519,0.017773928573023578
COHFACE_s14_session3_natural,24,161,29.366666666666667,-0.30532142519950867,0.011276776766795065
COHFACE_s14_session3_natural,24,162,29.4,0.6289483904838562,0.0042150999170554515
COHFACE_s14_session3_natural,24,163,29.433333333333334,1.0922746658325195,-0.0014375602480421676
COHFACE_s14_session3_natural,24,164,29.466666666666665,1.0548685789108276,-0.0042734385347616135
COHFACE_s14_session3_natural,24,165,29.5,0.800438642501831,-0.003845763735304088
COHFACE_s14_session3_natural,24,166,29.533333333333335,0.4155292510986328,-0.0005086704195521554
COHFACE_s14_session3_natural,24,167,29.566666666666666,0.10750655084848404,0.005003139804251626
COHFACE_s14_session3_natural,24,168,29.6,0.06714190542697906,0.011838361663248215
COHFACE_s14_session3_natural,24,169,29.633333333333333,0.15633858740329742,0.018954141982297158
COHFACE_s14_session3_natural,24,170,29.666666666666668,0.1485513150691986,0.024886353190101098
COHFACE_s14_session3_natural,24,171,29.7,-0.027427664026618004,0.027737575322311282
COHFACE_s14_session3_natural,24,172,29.733333333333334,-0.2568974494934082,0.025600415205013563
COHFACE_s14_session3_natural,24,173,29.766666666666666,-0.4741252064704895,0.017292153433181936
COHFACE_s14_session3_natural,24,174,29.8,-0.6321832537651062,0.003029247557721145
COHFACE_s14_session3_natural,24,175,29.833333333333332,-0.7172312140464783,-0.015320381262026495
COHFACE_s14_session3_natural,24,176,29.866666666666667,-0.7764349579811096,-0.034536939405653375
COHFACE_s14_session3_natural,24,177,29.9,-0.8342785239219666,-0.050807153599450226
COHFACE_s14_session3_natural,24,178,29.933333333333334,-0.9304463267326355,-0.060778601043181085
COHFACE_s14_session3_natural,24,179,29.966666666666665,-1.0382781028747559,-0.06264287554821461
COHFACE_s14_session3_natural,24,180,30.0,-1.1281888484954834,-0.056756070652430726
COHFACE_s14_session3_natural,24,181,30.033333333333335,-1.1175111532211304,-0.04535748306049827
COHFACE_s14_session3_natural,24,182,30.066666666666666,-0.7648730874061584,-0.031501329398281715
COHFACE_s14_session3_natural,24,183,30.1,0.12151686102151871,-0.01782923541767549
COHFACE_s14_session3_natural,24,184,30.133333333333333,0.9811784029006958,-0.005754347675639036
COHFACE_s14_session3_natural,24,185,30.166666666666668,1.2736265659332275,0.004736288330788521
COHFACE_s14_session3_natural,24,186,30.2,1.185041904449463,0.014681172321654423
COHFACE_s14_session3_natural,24,187,30.233333333333334,0.9388074278831482,0.025299565127177005
COHFACE_s14_session3_natural,24,188,30.266666666666666,0.533358633518219,0.03705596580154147
COHFACE_s14_session3_natural,24,189,30.3,0.23189903795719147,0.049098818689453955
COHFACE_s14_session3_natural,24,190,30.333333333333332,0.21690256893634796,0.059371281938289
COHFACE_s14_session3_natural,24,191,30.366666666666667,0.3100098967552185,0.0653245117252767
COHFACE_s14_session3_natural,24,192,30.4,0.2539346516132355,0.06483923340291321
COHFACE_s14_session3_natural,24,193,30.433333333333334,0.05088723078370094,0.05691725863692486
COHFACE_s14_session3_natural,24,194,30.466666666666665,-0.1892603039741516,0.04196859210400405
COHFACE_s14_session3_natural,24,195,30.5,-0.39213770627975464,0.0217844935350645
COHFACE_s14_session3_natural,24,196,30.533333333333335,-0.547441303730011,-0.0007096939447550347
COHFACE_s14_session3_natural,24,197,30.566666666666666,-0.6410247087478638,-0.02194742752372256
COHFACE_s14_session3_natural,24,198,30.6,-0.6796210408210754,-0.03848368402038036
COHFACE_s14_session3_natural,24,199,30.633333333333333,-0.7400490045547485,-0.04791964021676141
COHFACE_s14_session3_natural,24,200,30.666666666666668,-0.8527435660362244,-0.0497255600781512
COHFACE_s14_session3_natural,24,201,30.7,-0.9557805061340332,-0.04557681824833487
COHFACE_s14_session3_natural,24,202,30.733333333333334,-1.0172966718673706,-0.038830973296945286
COHFACE_s14_session3_natural,24,203,30.766666666666666,-1.0087271928787231,-0.03312493968257619
COHFACE_s14_session3_natural,24,204,30.8,-0.640548586845398,-0.03070915293053421
COHFACE_s14_session3_natural,24,205,30.833333333333332,0.2884843349456787,-0.031492856196187684
COHFACE_s14_session3_natural,24,206,30.866666666666667,1.1101956367492676,-0.03339489469131302
COHFACE_s14_session3_natural,24,207,30.9,1.3692842721939087,-0.03373217957116795
COHFACE_s14_session3_natural,24,208,30.933333333333334,1.2564877271652222,-0.030678945587374686
COHFACE_s14_session3_natural,24,209,30.966666666666665,0.9823685884475708,-0.02385636568287854
COHFACE_s14_session3_natural,24,210,31.0,0.6015058755874634,-0.013895950929070828
COHFACE_s14_session3_natural,24,211,31.033333333333335,0.3288149833679199,-0.0016180932541541623
COHFACE_s14_session3_natural,24,212,31.066666666666666,0.3190893828868866,0.01243067540308091
COHFACE_s14_session3_natural,24,213,31.1,0.3906371593475342,0.027819004636128238
COHFACE_s14_session3_natural,24,214,31.133333333333333,0.32609453797340393,0.04372061320631969
COHFACE_s14_session3_natural,24,215,31.166666666666668,0.11913646757602692,0.05851964062536547
COHFACE_s14_session3_natural,24,216,31.2,-0.12067101150751114,0.06980090876432672
COHFACE_s14_session3_natural,24,217,31.233333333333334,-0.305355429649353,0.07471985577312357
COHFACE_s14_session3_natural,24,218,31.266666666666666,-0.44246599078178406,0.07068329402476897
COHFACE_s14_session3_natural,24,219,31.3,-0.5292482972145081,0.05629892655160295
COHFACE_s14_session3_natural,24,220,31.333333333333332,-0.579338550567627,0.03242332532425271
COHFACE_s14_session3_natural,24,221,31.366666666666667,-0.6563951969146729,0.0028253124431695167
COHFACE_s14_session3_natural,24,222,31.4,-0.7640909552574158,-0.026245792298116112
COHFACE_s14_session3_natural,24,223,31.433333333333334,-0.8916459679603577,-0.047927779878575855
COHFACE_s14_session3_natural,24,224,31.466666666666665,-0.9734293818473816,-0.05736401281726897
COHFACE_s14_session3_natural,24,225,31.5,-0.9833250641822815,-0.05362075352736363
COHFACE_s14_session3_natural,24,226,31.533333333333335,-0.7015886306762695,-0.03978262417037977
COHFACE_s14_session3_natural,24,227,31.566666666666666,0.14742912352085114,-0.02126060816125958
COHFACE_s14_session3_natural,24,228,31.6,1.0531342029571533,-0.003431260085785535
COHFACE_s14_session3_natural,24,229,31.633333333333333,1.4052622318267822,0.010043927718093173
COHFACE_s14_session3_natural,24,230,31.666666666666668,1.3195340633392334,0.017631610580989852
COHFACE_s14_session3_natural,24,231,31.7,1.0578269958496094,0.01944616262265311
COHFACE_s14_session3_natural,24,232,31.733333333333334,0.6795487403869629,0.016579687124721725
COHFACE_s14_session3_natural,24,233,31.766666666666666,0.3784291446208954,0.010661850028859568
COHFACE_s14_session3_natural,24,234,31.8,0.36023616790771484,0.0036381958467196023
COHFACE_s14_session3_natural,24,235,31.833333333333332,0.4607227146625519,-0.002471572409916771
COHFACE_s14_session3_natural,24,236,31.866666666666667,0.42787328362464905,-0.005990017218062097
COHFACE_s14_session3_natural,24,237,31.9,0.23291920125484467,-0.006083747449082069
COHFACE_s14_session3_natural,24,238,31.933333333333334,-0.00015517348947469145,-0.0030936908233007566
COHFACE_s14_session3_natural,24,239,31.966666666666665,-0.20473285019397736,0.0015325352375525963
COHFACE_s14_session3_natural,25,0,25.0,-1.0603476762771606,-0.014113057374466036
COHFACE_s14_session3_natural,25,1,25.033333333333335,-0.7546713948249817,2.6668680481808646
COHFACE_s14_session3_natural,25,2,25.066666666666666,0.05520594120025635,4.932334998609081
COHFACE_s14_session3_natural,25,3,25.1,0.9301019906997681,6.468428186002743
COHFACE_s14_session3_natural,25,4,25.133333333333333,1.2789654731750488,7.136595741843088
COHFACE_s14_session3_natural,25,5,25.166666666666668,1.2117363214492798,6.9911617860784405
COHFACE_s14_session3_natural,25,6,25.2,0.9238789677619934,6.235955976668518
COHFACE_s14_session3_natural,25,7,25.233333333333334,0.4678298830986023,5.143995257155592
COHFACE_s14_session3_natural,25,8,25.266666666666666,0.18405315279960632,3.9751029126268063
COHFACE_s14_session3_natural,25,9,25.3,0.19150038063526154,2.917701326122237
COHFACE_s14_session3_natural,25,10,25.333333333333332,0.28083309531211853,2.065629460248631
COHFACE_s14_session3_natural,25,11,25.366666666666667,0.2518943250179291,1.4270410044660466
COHFACE_s14_session3_natural,25,12,25.4,0.05765434354543686,0.9537738768326199
COHFACE_s14_session3_natural,25,13,25.433333333333334,-0.166544571518898,0.5769284257035368
COHFACE_s14_session3_natural,25,14,25.466666666666665,-0.35983237624168396,0.23662273158402358
COHFACE_s14_session3_natural,25,15,25.5,-0.5084368586540222,-0.10108238674007673
COHFACE_s14_session3_natural,25,16,25.533333333333335,-0.5902883410453796,-0.44142048832556857
COHFACE_s14_session3_natural,25,17,25.566666666666666,-0.6605439186096191,-0.7689220359676228
COHFACE_s14_session3_natural,25,18,25.6,-0.7438915967941284,-1.0600711479233147
COHFACE_s14_session3_natural,25,19,25.633333333333333,-0.8320341110229492,-1.2945487066628356
COHFACE_s14_session3_natural,25,20,25.666666666666668,-0.910723090171814,-1.4615106079127174
COHFACE_s14_session3_natural,25,21,25.7,-0.9348670840263367,-1.5605580343932235
COHFACE_s14_session3_natural,25,22,25.733333333333334,-0.6868982315063477,-1.5991435092522983
COHFACE_s14_session3_natural,25,23,25.766666666666666,0.09730487316846848,-1.5886732606028786
COHFACE_s14_session3_natural,25,24,25.8,1.0271199941635132,-1.541021113985223
COHFACE_s14_session3_natural,25,25,25.833333333333332,1.4710290431976318,-1.4662805385865463
COHFACE_s14_session3_natural,25,26,25.866666666666667,1.451169729232788,-1.3718837065581402
COHFACE_s14_session3_natural,25,27,25.9,1.236254334449768,-1.2628040792523567
COHFACE_s14_session3_natural,25,28,25.933333333333334,0.8333900570869446,-1.1423386119630017
COHFACE_s14_session3_natural,25,29,25.966666666666665,0.5124452114105225,-1.012978242245226
COHFACE_s14_session3_natural,25,30,26.0,0.46888405084609985,-0.8771058731870951
COHFACE_s14_session3_natural,25,31,26.033333333333335,0.5481510758399963,-0.7374515770563165
COHFACE_s14_session3_natural,25,32,26.066666666666666,0.5306721925735474,-0.5972182343488257
COHFACE_s14_session3_natural,25,33,26.1,0.32912102341651917,-0.4597799729101792
COHFACE_s14_session3_natural,25,34,26.133333333333333,0.0724467784166336,-0.32805723447646645
COHFACE_s14_session3_natural,25,35,26.166666666666668,-0.13131476938724518,-0.2039030513308045
COHFACE_s14_session3_natural,25,36,26.2,-0.2697175443172455,-0.08784487126225898
COHFACE_s14_session3_natural,25,37,26.233333333333334,-0.3560577630996704,0.020647095451493507
COHFACE_s14_session3_natural,25,38,26.266666666666666,-0.4181860089302063,0.122409832716849
COHFACE_s14_session3_natural,25,39,26.3,-0.5292482972145081,0.21763480333070526
COHFACE_s14_session3_natural,25,40,26.333333333333332,-0.6514303684234619,0.3051917013105723
COHFACE_s14_session3_natural,25,41,26.366666666666667,-0.7478362917900085,0.38266124551720204
COHFACE_s14_session3_natural,25,42,26.4,-0.801837146282196,0.4471254575793861
COHFACE_s14_session3_natural,25,43,26.433333333333334,-0.6207573413848877,0.49631794628336295
COHFACE_s14_session3_natural,25,44,26.466666666666665,0.13409893214702606,0.5295656056435748
COHFACE_s14_session3_natural,25,45,26.5,1.1676990985870361,0.5481226776700506
COHFACE_s14_session3_natural,25,46,26.533333333333335,1.7448080778121948,0.5548440980473225
COHFACE_s14_session3_natural,25,47,26.566666666666666,1.7799699306488037,0.5533979497508325
COHFACE_s14_session3_natural,25,48,26.6,1.5957615375518799,0.547231558944968
COHFACE_s14_session3_natural,25,49,26.633333333333333,1.2229242324829102,0.5384344958638047
COHFACE_s14_session3_natural,25,50,26.666666666666668,0.8099601864814758,0.5266869097285205
COHFACE_s14_session3_natural,25,51,26.7,0.6646542549133301,0.5086321027305085
COHFACE_s14_session3_natural,25,52,26.733333333333334,0.7314412593841553,0.4781205481038769
COHFACE_s14_session3_natural,25,53,26.766666666666666,0.70505291223526,0.42769447579715025
COHFACE_s14_session3_natural,25,54,26.8,0.5122411847114563,0.35132836827726316
COHFACE_s14_session3_natural,25,55,26.833333333333332,0.2566891014575958,0.24782037532203247
COHFACE_s14_session3_natural,25,56,26.866666666666667,0.007292052730917931,0.12353272826769299
COHFACE_s14_session3_natural,25,57,26.9,-0.1934089958667755,-0.007209895411690082
COHFACE_s14_session3_natural,25,58,26.933333333333334,-0.3158971667289734,-0.12531966292325658
COHFACE_s14_session3_natural,25,59,26.966666666666665,-0.4022373855113983,-0.21325919862483286
COHFACE_s14_session3_natural,25,60,27.0,-0.5018057823181152,-0.2615611371660995
COHFACE_s14_session3_natural,25,61,27.033333333333335,-0.6224576234817505,-0.27186468600946434
COHFACE_s14_session3_natural,25,62,27.066666666666666,-0.7437896132469177,-0.2549693369645006
COHFACE_s14_session3_natural,25,63,27.1,-0.8207102417945862,-0.22551520025395233
COHFACE_s14_session3_natural,25,64,27.133333333333333,-0.8363528251647949,-0.19628746008015813
COHFACE_s14_session3_natural,25,65,27.166666666666668,-0.41645172238349915,-0.17456964355013482
COHFACE_s14_session3_natural,25,66,27.2,0.5926304459571838,-0.16151932032951585
COHFACE_s14_session3_natural,25,67,27.233333333333334,1.4971452951431274,-0.15405032035520272
COHFACE_s14_session3_natural,25,68,27.266666666666666,1.7715024948120117,-0.14772923699900958
COHFACE_s14_session3_natural,25,69,27.3,1.6559514999389648,-0.13911079033092222
COHFACE_s14_session3_natural,25,70,27.333333333333332,1.3554099798202515,-0.1266921538413641
COHFACE_s14_session3_natural,25,71,27.366666666666667,0.9033395648002625,-0.11064085931422263
COHFACE_s14_session3_natural,25,72,27.4,0.5927324295043945,-0.09199830849689426
COHFACE_s14_session3_natural,25,73,27.433333333333334,0.5846391320228577,-0.07203526242210347
COHFACE_s14_session3_natural,25,74,27.466666666666665,0.627078115940094,-0.05204988041426544
COHFACE_s14_session3_natural,25,75,27.5,0.5270336270332336,-0.033455284542449934
COHFACE_s14_session3_natural,25,76,27.533333333333335,0.2716175615787506,-0.017775143202560652
COHFACE_s14_session3_natural,25,77,27.566666666666666,-0.0023315318394452333,-0.006299855089163928
COHFACE_s14_session3_natural,25,78,27.6,-0.23176731169223785,0.000445628081702008
COHFACE_s14_session3_natural,25,79,27.633333333333333,-0.399142861366272,0.002981312152309993
COHFACE_s14_session3_natural,25,80,27.666666666666668,-0.4912640154361725,0.0025824894847084417
COHFACE_s14_session3_natural,25,81,27.7,-0.5667904615402222,0.0005646175612334147
COHFACE_s14_session3_natural,25,82,27.733333333333334,-0.6796890497207642,-0.0022905520620306514
COHFACE_s14_session3_natural,25,83,27.766666666666666,-0.8101345300674438,-0.005671938331123
COHFACE_s14_session3_natural,25,84,27.8,-0.9287460446357727,-0.009166018588124951
COHFACE_s14_session3_natural,25,85,27.833333333333332,-0.999987781047821,-0.011807674086839345
COHFACE_s14_session3_natural,25,86,27.866666666666667,-0.9530260562896729,-0.012206857059296099
COHFACE_s14_session3_natural,25,87,27.9,-0.4370250999927521,-0.009130022474055838
COHFACE_s14_session3_natural,25,88,27.933333333333334,0.5698806643486023,-0.002058158810583242
COHFACE_s14_session3_natural,25,89,27.966666666666665,1.3642514944076538,0.008669300231482123
COHFACE_s14_session3_natural,25,90,28.0,1.548731803894043,0.022132104764356703
COHFACE_s14_session3_natural,25,91,28.033333333333335,1.3725148439407349,0.03723031382336534
COHFACE_s14_session3_natural,25,92,28.066666666666666,1.0213390588760376,0.052942302071466954
COHFACE_s14_session3_natural,25,93,28.1,0.5608012080192566,0.06839902974854177
COHFACE_s14_session3_natural,25,94,28.133333333333333,0.3319435119628906,0.08287431293207796
COHFACE_s14_session3_natural,25,95,28.166666666666668,0.3745185136795044,0.09574280400939618
COHFACE_s14_session3_natural,25,96,28.2,0.42573094367980957,0.10632174525066583
COHFACE_s14_session3_natural,25,97,28.233333333333334,0.29474136233329773,0.11353155845518624
COHFACE_s14_session3_natural,25,98,28.266666666666666,0.025076979771256447,0.11557446699198891
COHFACE_s14_session3_natural,25,99,28.3,-0.22870680689811707,0.11004918125018391
COHFACE_s14_session3_natural,25,100,28.333333333333332,-0.4344746768474579,0.09477666049136388
COHFACE_s14_session3_natural,25,101,28.366666666666667,-0.5836232304573059,0.06913857877957223
COHFACE_s14_session3_natural,25,102,28.4,-0.6691133379936218,0.03522634112000606
COHFACE_s14_session3_natural,25,103,28.433333333333334,-0.7348461151123047,-0.002053927239929364
COHFACE_s14_session3_natural,25,104,28.466666666666665,-0.8318641185760498,-0.03634766433217103
COHFACE_s14_session3_natural,25,105,28.5,-0.9603712558746338,-0.06222786421859045
COHFACE_s14_session3_natural,25,106,28.533333333333335,-1.070107340812683,-0.07728385498451527
COHFACE_s14_session3_natural,25,107,28.566666666666666,-1.1247882843017578,-0.08264466737182162
COHFACE_s14_session3_natural,25,108,28.6,-1.0525944232940674,-0.08175653097252855
COHFACE_s14_session3_natural,25,109,28.633333333333333,-0.4848029613494873,-0.0784096277483509
COHFACE_s14_session3_natural,25,110,28.666666666666668,0.48537677526474,-0.07522078162217757
COHFACE_s14_session3_natural,25,111,28.7,1.1315851211547852,-0.07314158168313974
COHFACE_s14_session3_natural,25,112,28.733333333333334,1.1924551725387573,-0.0717942148267247
COHFACE_s14_session3_natural,25,113,28.766666666666666,0.9465606808662415,-0.07008141335684451
COHFACE_s14_session3_natural,25,114,28.8,0.5485591888427734,-0.06669322340022352
COHFACE_s14_session3_natural,25,115,28.833333333333332,0.154672309756279,-0.060478606423289914
COHFACE_s14_session3_natural,25,116,28.866666666666667,0.04847283288836479,-0.05076365211708133
COHFACE_s14_session3_natural,25,117,28.9,0.16579215228557587,-0.03758977402044278
COHFACE_s14_session3_natural,25,118,28.933333333333334,0.20401443541049957,-0.02174075127045973
COHFACE_s14_session3_natural,25,119,28.966666666666665,0.05731428787112236,-0.004484733696790798
COHFACE_s14_session3_natural,25,120,29.0,-0.1794326901435852,0.012839076563180426
COHFACE_s14_session3_natural,25,121,29.033333333333335,-0.4033595621585846,0.02912865714541373
COHFACE_s14_session3_natural,25,122,29.066666666666666,-0.5727414488792419,0.043569899156081386
COHFACE_s14_session3_natural,25,123,29.1,-0.6732959747314453,0.05549944900895076
COHFACE_s14_session3_natural,25,124,29.133333333333333,-0.7442317008972168,0.06426747953133159
COHFACE_s14_session3_natural,25,125,29.166666666666668,-0.8168676495552063,0.06922587081896948
COHFACE_s14_session3_natural,25,126,29.2,-0.9165040254592896,0.06980756906755638
COHFACE_s14_session3_natural,25,127,29.233333333333334,-1.0192348957061768,0.06560240762292432
COHFACE_s14_session3_natural,25,128,29.266666666666666,-1.1023106575012207,0.05645286699971264
COHFACE_s14_session3_natural,25,129,29.3,-1.1488982439041138,0.04267355329846469
COHFACE_s14_session3_natural,25,130,29.333333333333332,-1.0010079145431519,0.02535381574378631
COHFACE_s14_session3_natural,25,131,29.366666666666667,-0.30532142519950867,0.006490921947011366
COHFACE_s14_session3_natural,25,132,29.4,0.6289483904838562,-0.011309556053664543
COHFACE_s14_session3_natural,25,133,29.433333333333334,1.0922746658325195,-0.02554275862750167
COHFACE_s14_session3_natural,25,134,29.466666666666665,1.0548685789108276,-0.03449654149923785
COHFACE_s14_session3_natural,25,135,29.5,0.800438642501831,-0.03742893884234554
COHFACE_s14_session3_natural,25,136,29.533333333333335,0.4155292510986328,-0.03419325687994879
COHFACE_s14_session3_natural,25,137,29.566666666666666,0.10750655084848404,-0.02479264115983339
COHFACE_s14_session3_natural,25,138,29.6,0.06714190542697906,-0.009386331291876599
COHFACE_s14_session3_natural,25,139,29.633333333333333,0.15633858740329742,0.0111457370545738
COHFACE_s14_session3_natural,25,140,29.666666666666668,0.1485513150691986,0.03447552947468346
COHFACE_s14_session3_natural,25,141,29.7,-0.027427664026618004,0.05655680838418181
COHFACE_s14_session3_natural,25,142,29.733333333333334,-0.2568974494934082,0.07221981296812412
COHFACE_s14_session3_natural,25,143,29.766666666666666,-0.4741252064704895,0.07655535560451521
COHFACE_s14_session3_natural,25,144,29.8,-0.6321832537651062,0.06657358260363318
COHFACE_s14_session3_natural,25,145,29.833333333333332,-0.7172312140464783,0.04245931272974116
COHFACE_s14_session3_natural,25,146,29.866666666666667,-0.7764349579811096,0.007911708445158922
COHFACE_s14_session3_natural,25,147,29.9,-0.8342785239219666,-0.030609478572101136
COHFACE_s14_session3_natural,25,148,29.933333333333334,-0.9304463267326355,-0.06557877647942867
COHFACE_s14_session3_natural,25,149,29.966666666666665,-1.0382781028747559,-0.09056065918694275
COHFACE_s14_session3_natural,25,150,30.0,-1.1281888484954834,-0.10205148226973727
COHFACE_s14_session3_natural,25,151,30.033333333333335,-1.1175111532211304,-0.1002289255798497
COHFACE_s14_session3_natural,25,152,30.066666666666666,-0.7648730874061584,-0.08828546684438437
COHFACE_s14_session3_natural,25,153,30.1,0.12151686102151871,-0.07072129038503726
COHFACE_s14_session3_natural,25,154,30.133333333333333,0.9811784029006958,-0.051498027543352115
COHFACE_s14_session3_natural,25,155,30.166666666666668,1.2736265659332275,-0.03295535272810143
COHFACE_s14_session3_natural,25,156,30.2,1.185041904449463,-0.015834184944035788
COHFACE_s14_session3_natural,25,157,30.233333333333334,0.9388074278831482,-6.266723200540098e-05
COHFACE_s14_session3_natural,25,158,30.266666666666666,0.533358633518219,0.014373505346385181
COHFACE_s14_session3_natural,25,159,30.3,0.23189903795719147,0.027024798174703414
COHFACE_s14_session3_natural,25,160,30.333333333333332,0.21690256893634796,0.03716530691225127
COHFACE_s14_session3_natural,25,161,30.366666666666667,0.3100098967552185,0.044275520928071785
COHFACE_s14_session3_natural,25,162,30.4,0.2539346516132355,0.04834217634124895
COHFACE_s14_session3_natural,25,163,30.433333333333334,0.05088723078370094,0.04969100756594396
COHFACE_s14_session3_natural,25,164,30.466666666666665,-0.1892603039741516,0.04851640829963662
COHFACE_s14_session3_natural,25,165,30.5,-0.39213770627975464,0.044586894841642556
COHFACE_s14_session3_natural,25,166,30.533333333333335,-0.547441303730011,0.03748090548383823
COHFACE_s14_session3_natural,25,167,30.566666666666666,-0.6410247087478638,0.027240325059023785
COHFACE_s14_session3_natural,25,168,30.6,-0.6796210408210754,0.014891337454454298
COHFACE_s14_session3_natural,25,169,30.633333333333333,-0.7400490045547485,0.002285685698115157
COHFACE_s14_session3_natural,25,170,30.666666666666668,-0.8527435660362244,-0.008746087389028228
COHFACE_s14_session3_natural,25,171,30.7,-0.9557805061340332,-0.017325955070876246
COHFACE_s14_session3_natural,25,172,30.733333333333334,-1.0172966718673706,-0.023805822492313687
COHFACE_s14_session3_natural,25,173,30.766666666666666,-1.0087271928787231,-0.029127313620389728
COHFACE_s14_session3_natural,25,174,30.8,-0.640548586845398,-0.03375707818981686
COHFACE_s14_session3_natural,25,175,30.833333333333332,0.2884843349456787,-0.03707677025240387
COHFACE_s14_session3_natural,25,176,30.866666666666667,1.1101956367492676,-0.037724760493738206
COHFACE_s14_session3_natural,25,177,30.9,1.3692842721939087,-0.0345811703894368
COHFACE_s14_session3_natural,25,178,30.933333333333334,1.2564877271652222,-0.027538417613789598
COHFACE_s14_session3_natural,25,179,30.966666666666665,0.9823685884475708,-0.017381608511306035
COHFACE_s14_session3_natural,25,180,31.0,0.6015058755874634,-0.004927782520265803
COHFACE_s14_session3_natural,25,181,31.033333333333335,0.3288149833679199,0.009753811746215603
COHFACE_s14_session3_natural,25,182,31.066666666666666,0.3190893828868866,0.02734567541269659
COHFACE_s14_session3_natural,25,183,31.1,0.3906371593475342,0.04845851412334118
COHFACE_s14_session3_natural,25,184,31.133333333333333,0.32609453797340393,0.07245951410913197
COHFACE_s14_session3_natural,25,185,31.166666666666668,0.11913646757602692,0.09659813565796527
COHFACE_s14_session3_natural,25,186,31.2,-0.12067101150751114,0.11592555500138327
COHFACE_s14_session3_natural,25,187,31.233333333333334,-0.305355429649353,0.12419543976458378
COHFACE_s14_session3_natural,25,188,31.266666666666666,-0.44246599078178406,0.11561364549327205
COHFACE_s14_session3_natural,25,189,31.3,-0.5292482972145081,0.08701572123514784
COHFACE_s14_session3_natural,25,190,31.333333333333332,-0.579338550567627,0.03979548545820263
COHFACE_s14_session3_natural,25,191,31.366666666666667,-0.6563951969146729,-0.019273693583888318
COHFACE_s14_session3_natural,25,192,31.4,-0.7640909552574158,-0.0791127660231361
COHFACE_s14_session3_natural,25,193,31.433333333333334,-0.8916459679603577,-0.12744161072570545
COHFACE_s14_session3_natural,25,194,31.466666666666665,-0.9734293818473816,-0.1548746606439498
COHFACE_s14_session3_natural,25,195,31.5,-0.9833250641822815,-0.15811373628079006
COHFACE_s14_session3_natural,25,196,31.533333333333335,-0.7015886306762695,-0.1406201699319599
COHFACE_s14_session3_natural,25,197,31.566666666666666,0.14742912352085114,-0.11048667495515661
COHFACE_s14_session3_natural,25,198,31.6,1.0531342029571533,-0.07681188273380946
COHFACE_s14_session3_natural,25,199,31.633333333333333,1.4052622318267822,-0.046544010532555705
COHFACE_s14_session3_natural,25,200,31.666666666666668,1.3195340633392334,-0.0230069918669195
COHFACE_s14_session3_natural,25,201,31.7,1.0578269958496094,-0.006078064174157983
COHFACE_s14_session3_natural,25,202,31.733333333333334,0.6795487403869629,0.006635442218604116
COHFACE_s14_session3_natural,25,203,31.766666666666666,0.3784291446208954,0.018245381251333008
COHFACE_s14_session3_natural,25,204,31.8,0.36023616790771484,0.031102238028616277
COHFACE_s14_session3_natural,25,205,31.833333333333332,0.4607227146625519,0.045731159235057835
COHFACE_s14_session3_natural,25,206,31.866666666666667,0.42787328362464905,0.060498809073816315
COHFACE_s14_session3_natural,25,207,31.9,0.23291920125484467,0.07221494088427212
COHFACE_s14_session3_natural,25,208,31.933333333333334,-0.00015517348947469145,0.07755980188164321
COHFACE_s14_session3_natural,25,209,31.966666666666665,-0.20473285019397736,0.07475304124654855
COHFACE_s14_session3_natural,25,210,32.0,-0.3722444474697113,0.06452172154004346
COHFACE_s14_session3_natural,25,211,32.03333333333333,-0.469636470079422,0.04966988565519352
COHFACE_s14_session3_natural,25,212,32.06666666666667,-0.5180604457855225,0.033490289108616934
COHFACE_s14_session3_natural,25,213,32.1,-0.5877038836479187,0.01812791365346771
COHFACE_s14_session3_natural,25,214,32.13333333333333,-0.6856740117073059,0.004011414550270723
COHFACE_s14_session3_natural,25,215,32.166666666666664,-0.8039454817771912,-0.00936492036939443
COHFACE_s14_session3_natural,25,216,32.2,-0.9004874229431152,-0.022062939422113584
COHFACE_s14_session3_natural,25,217,32.233333333333334,-0.9457148313522339,-0.03290431299733429
COHFACE_s14_session3_natural,25,218,32.266666666666666,-0.7844942808151245,-0.039881843539433824
COHFACE_s14_session3_natural,25,219,32.3,-0.10047169029712677,-0.04142255219685599
COHFACE_s14_session3_natural,25,220,32.333333333333336,0.8458361029624939,-0.03754802951273606
COHFACE_s14_session3_natural,25,221,32.36666666666667,1.3580623865127563,-0.030098752683112892
COHFACE_s14_session3_natural,25,222,32.4,1.3442901372909546,-0.021862468824289955
COHFACE_s14_session3_natural,25,223,32.43333333333333,1.1149224042892456,-0.015159252495169712
COHFACE_s14_session3_natural,25,224,32.46666666666667,0.7484440803527832,-0.010716693581438745
COHFACE_s14_session3_natural,25,225,32.5,0.41991597414016724,-0.007449896780807606
COHFACE_s14_session3_natural,25,226,32.53333333333333,0.36098429560661316,-0.0032513002564083624
COHFACE_s14_session3_natural,25,227,32.56666666666667,0.46041664481163025,0.0036373041707482693
COHFACE_s14_session3_natural,25,228,32.6,0.47898370027542114,0.013402861560538442
COHFACE_s14_session3_natural,25,229,32.63333333333333,0.3084796369075775,0.024228929547026067
COHFACE_s14_session3_natural,25,230,32.666666666666664,0.0665978193283081,0.03284893054167875
COHFACE_s14_session3_natural,25,231,32.7,-0.1503579020500183,0.03581002730135835
COHFACE_s14_session3_natural,25,232,32.733333333333334,-0.3167473077774048,0.0309542597697052
COHFACE_s14_session3_natural,25,233,32.766666666666666,-0.4258032441139221,0.018589627280392384
COHFACE_s14_session3_natural,25,234,32.8,-0.4698745012283325,0.0018460296497841997
COHFACE_s14_session3_natural,25,235,32.833333333333336,-0.5371716022491455,-0.01410563180181281
COHFACE_s14_session3_natural,25,236,32.86666666666667,-0.6344615817070007,-0.02385141983781544
COHFACE_s14_session3_natural,25,237,32.9,-0.7378726005554199,-0.023897376147836193
COHFACE_s14_session3_natural,25,238,32.93333333333333,-0.8499550819396973,-0.014234054888632374
COHFACE_s14_session3_natural,25,239,32.96666666666667,-0.9113351702690125,0.0014839021533431971
COHFACE_s14_session3_natural,26,0,26.0,0.46888405084609985,-0.016097234679064917
COHFACE_s14_session3_natural,26,1,26.033333333333335,0.5481510758399963,2.6288012529276594
COHFACE_s14_session3_natural,26,2,26.066666666666666,0.5306721925735474,4.8612618649162975
COHFACE_s14_session3_natural,26,3,26.1,0.32912102341651917,6.369893033285465
COHFACE_s14_session3_natural,26,4,26.133333333333333,0.0724467784166336,7.01713661434808
COHFACE_s14_session3_natural,26,5,26.166666666666668,-0.13131476938724518,6.856810068613786
COHFACE_s14_session3_natural,26,6,26.2,-0.2697175443172455,6.091377781383044
COHFACE_s14_session3_natural,26,7,26.233333333333334,-0.3560577630996704,4.992629975690985
COHFACE_s14_session3_natural,26,8,26.266666666666666,-0.4181860089302063,3.820100216589241
COHFACE_s14_session3_natural,26,9,26.3,-0.5292482972145081,2.7630435883513687
COHFACE_s14_session3_natural,26,10,26.333333333333332,-0.6514303684234619,1.916858507643322
COHFACE_s14_session3_natural,26,11,26.366666666666667,-0.7478362917900085,1.29134926108788
COHFACE_s14_session3_natural,26,12,26.4,-0.801837146282196,0.839450093872141
COHFACE_s14_session3_natural,26,13,26.433333333333334,-0.6207573413848877,0.4921822469250926
COHFACE_s14_session3_natural,26,14,26.466666666666665,0.13409893214702606,0.18794853352611693
COHFACE_s14_session3_natural,26,15,26.5,1.1676990985870361,-0.11045978075568892
COHFACE_s14_session3_natural,26,16,26.533333333333335,1.7448080778121948,-0.4121224123354462
COHFACE_s14_session3_natural,26,17,26.566666666666666,1.7799699306488037,-0.704353487156334
COHFACE_s14_session3_natural,26,18,26.6,1.5957615375518799,-0.9641590134651257
COHFACE_s14_session3_natural,26,19,26.633333333333333,1.2229242324829102,-1.1699366161986982
COHFACE_s14_session3_natural,26,20,26.666666666666668,0.8099601864814758,-1.3099145039317048
COHFACE_s14_session3_natural,26,21,26.7,0.6646542549133301,-1.3856232848824301
COHFACE_s14_session3_natural,26,22,26.733333333333334,0.7314412593841553,-1.4104020991474502
COHFACE_s14_session3_natural,26,23,26.766666666666666,0.70505291223526,-1.4041901260598841
COHFACE_s14_session3_natural,26,24,26.8,0.5122411847114563,-1.3865282167907758
COHFACE_s14_session3_natural,26,25,26.833333333333332,0.2566891014575958,-1.3699243121976996
COHFACE_s14_session3_natural,26,26,26.866666666666667,0.007292052730917931,-1.3556617021299422
COHFACE_s14_session3_natural,26,27,26.9,-0.1934089958667755,-1.3337129837309272
COHFACE_s14_session3_natural,26,28,26.933333333333334,-0.3158971667289734,-1.287396321942419
COHFACE_s14_session3_natural,26,29,26.966666666666665,-0.4022373855113983,-1.201391944687035
COHFACE_s14_session3_natural,26,30,27.0,-0.5018057823181152,-1.069369628434267
COHFACE_s14_session3_natural,26,31,27.033333333333335,-0.6224576234817505,-0.8971336031109334
COHFACE_s14_session3_natural,26,32,27.066666666666666,-0.7437896132469177,-0.7000454848506183
COHFACE_s14_session3_natural,26,33,27.1,-0.8207102417945862,-0.49700302611485353
COHFACE_s14_session3_natural,26,34,27.133333333333333,-0.8363528251647949,-0.3044590418779894
COHFACE_s14_session3_natural,26,35,27.166666666666668,-0.41645172238349915,-0.1328799777623165
COHFACE_s14_session3_natural,26,36,27.2,0.5926304459571838,0.013763522427725557
COHFACE_s14_session3_natural,26,37,27.233333333333334,1.4971452951431274,0.1363038981286236
COHFACE_s14_session3_natural,26,38,27.266666666666666,1.7715024948120117,0.23788895233386814
COHFACE_s14_session3_natural,26,39,27.3,1.6559514999389648,0.32190396661500104
COHFACE_s14_session3_natural,26,40,27.333333333333332,1.3554099798202515,0.3908963065422822
COHFACE_s14_session3_natural,26,41,27.366666666666667,0.9033395648002625,0.446451640683826
COHFACE_s14_session3_natural,26,42,27.4,0.5927324295043945,0.48956439506677046
COHFACE_s14_session3_natural,26,43,27.433333333333334,0.5846391320228577,0.5209794572888479
COHFACE_s14_session3_natural,26,44,27.466666666666665,0.627078115940094,0.5412088699908806
COHFACE_s14_session3_natural,26,45,27.5,0.5270336270332336,0.5503013228020572
COHFACE_s14_session3_natural,26,46,27.533333333333335,0.2716175615787506,0.5477391379152371
COHFACE_s14_session3_natural,26,47,27.566666666666666,-0.0023315318394452333,0.5327957442702271
COHFACE_s14_session3_natural,26,48,27.6,-0.23176731169223785,0.5052732416483954
COHFACE_s14_session3_natural,26,49,27.633333333333333,-0.399142861366272,0.4661304310476369
COHFACE_s14_session3_natural,26,50,27.666666666666668,-0.4912640154361725,0.4175105391878809
COHFACE_s14_session3_natural,26,51,27.7,-0.5667904615402222,0.3621200126701218
COHFACE_s14_session3_natural,26,52,27.733333333333334,-0.6796890497207642,0.3024630072646942
COHFACE_s14_session3_natural,26,53,27.766666666666666,-0.8101345300674438,0.24054902806096864
COHFACE_s14_session3_natural,26,54,27.8,-0.9287460446357727,0.17817123332070436
COHFACE_s14_session3_natural,26,55,27.833333333333332,-0.999987781047821,0.11730275145693925
COHFACE_s14_session3_natural,26,56,27.866666666666667,-0.9530260562896729,0.060178214064503154
COHFACE_s14_session3_natural,26,57,27.9,-0.4370250999927521,0.009023102624749972
COHFACE_s14_session3_natural,26,58,27.933333333333334,0.5698806643486023,-0.03432538004140095
COHFACE_s14_session3_natural,26,59,27.966666666666665,1.3642514944076538,-0.06866521118911185
COHFACE_s14_session3_natural,26,60,28.0,1.548731803894043,-0.09349247629821093
COHFACE_s14_session3_natural,26,61,28.033333333333335,1.3725148439407349,-0.10900092598358566
COHFACE_s14_session3_natural,26,62,28.066666666666666,1.0213390588760376,-0.11613444120456021
COHFACE_s14_session3_natural,26,63,28.1,0.5608012080192566,-0.11663589296013535
COHFACE_s14_session3_natural,26,64,28.133333333333333,0.3319435119628906,-0.1128693960539256
COHFACE_s14_session3_natural,26,65,28.166666666666668,0.3745185136795044,-0.10730199737878546
COHFACE_s14_session3_natural,26,66,28.2,0.42573094367980957,-0.10192249022119394
COHFACE_s14_session3_natural,26,67,28.233333333333334,0.29474136233329773,-0.09804728317957252
COHFACE_s14_session3_natural,26,68,28.266666666666666,0.025076979771256447,-0.09658114611566827
COHFACE_s14_session3_natural,26,69,28.3,-0.22870680689811707,-0.09830793456306623
COHFACE_s14_session3_natural,26,70,28.333333333333332,-0.4344746768474579,-0.10375488804021463
COHFACE_s14_session3_natural,26,71,28.366666666666667,-0.5836232304573059,-0.1125970529815939
COHFACE_s14_session3_natural,26,72,28.4,-0.6691133379936218,-0.12306464893526349
COHFACE_s14_session3_natural,26,73,28.433333333333334,-0.7348461151123047,-0.13198406018142098
COHFACE_s14_session3_natural,26,74,28.466666666666665,-0.8318641185760498,-0.13574085784148743
COHFACE_s14_session3_natural,26,75,28.5,-0.9603712558746338,-0.1317989178667262
COHFACE_s14_session3_natural,26,76,28.533333333333335,-1.070107340812683,-0.11989394205823146
COHFACE_s14_session3_natural,26,77,28.566666666666666,-1.1247882843017578,-0.1021179134248044
COHFACE_s14_session3_natural,26,78,28.6,-1.0525944232940674,-0.08187085722459624
COHFACE_s14_session3_natural,26,79,28.633333333333333,-0.4848029613494873,-0.062404454873155525
COHFACE_s14_session3_natural,26,80,28.666666666666668,0.48537677526474,-0.045772350400137676
COHFACE_s14_session3_natural,26,81,28.7,1.1315851211547852,-0.03254995850758516
COHFACE_s14_session3_natural,26,82,28.733333333333334,1.1924551725387573,-0.022176625438812925
COHFACE_s14_session3_natural,26,83,28.766666666666666,0.9465606808662415,-0.013529563925262542
COHFACE_s14_session3_natural,26,84,28.8,0.5485591888427734,-0.005421287365013628
COHFACE_s14_session3_natural,26,85,28.833333333333332,0.154672309756279,0.0030784315278967853
COHFACE_s14_session3_natural,26,86,28.866666666666667,0.04847283288836479,0.012481889423480086
COHFACE_s14_session3_natural,26,87,28.9,0.16579215228557587,0.022868402609570918
COHFACE_s14_session3_natural,26,88,28.933333333333334,0.20401443541049957,0.0340081746020733
COHFACE_s14_session3_natural,26,89,28.966666666666665,0.05731428787112236,0.04556095007992769
COHFACE_s14_session3_natural,26,90,29.0,-0.1794326901435852,0.05719173107512071
COHFACE_s14_session3_natural,26,91,29.033333333333335,-0.4033595621585846,0.06848608225248122
COHFACE_s14_session3_natural,26,92,29.066666666666666,-0.5727414488792419,0.07877641127056861
COHFACE_s14_session3_natural,26,93,29.1,-0.6732959747314453,0.08713916868259983
COHFACE_s14_session3_natural,26,94,29.133333333333333,-0.7442317008972168,0.09266474406428343
COHFACE_s14_session3_natural,26,95,29.166666666666668,-0.8168676495552063,0.09480539599792201
COHFACE_s14_session3_natural,26,96,29.2,-0.9165040254592896,0.0934829434728668
COHFACE_s14_session3_natural,26,97,29.233333333333334,-1.0192348957061768,0.08882772012902007
COHFACE_s14_session3_natural,26,98,29.266666666666666,-1.1023106575012207,0.08079671231731267
COHFACE_s14_session3_natural,26,99,29.3,-1.1488982439041138,0.06909903817572152
COHFACE_s14_session3_natural,26,100,29.333333333333332,-1.0010079145431519,0.05359946970951511
COHFACE_s14_session3_natural,26,101,29.366666666666667,-0.30532142519950867,0.03491917152113002
COHFACE_s14_session3_natural,26,102,29.4,0.6289483904838562,0.014724248957851582
COHFACE_s14_session3_natural,26,103,29.433333333333334,1.0922746658325195,-0.004605424759357914
COHFACE_s14_session3_natural,26,104,29.466666666666665,1.0548685789108276,-0.020733202114625055
COHFACE_s14_session3_natural,26,105,29.5,0.800438642501831,-0.03201906611500504
COHFACE_s14_session3_natural,26,106,29.533333333333335,0.4155292510986328,-0.03770369151933251
COHFACE_s14_session3_natural,26,107,29.566666666666666,0.10750655084848404,-0.03770650214790435
COHFACE_s14_session3_natural,26,108,29.6,0.06714190542697906,-0.032424478299442366
COHFACE_s14_session3_natural,26,109,29.633333333333333,0.15633858740329742,-0.022841336679875843
COHFACE_s14_session3_natural,26,110,29.666666666666668,0.1485513150691986,-0.010867274264184915
COHFACE_s14_session3_natural,26,111,29.7,-0.027427664026618004,0.0005138461694667094
COHFACE_s14_session3_natural,26,112,29.733333333333334,-0.2568974494934082,0.007688287354648648
COHFACE_s14_session3_natural,26,113,29.766666666666666,-0.4741252064704895,0.007479928051756626
COHFACE_s14_session3_natural,26,114,29.8,-0.6321832537651062,-0.0015674847066654179
COHFACE_s14_session3_natural,26,115,29.833333333333332,-0.7172312140464783,-0.018317145613973455
COHFACE_s14_session3_natural,26,116,29.866666666666667,-0.7764349579811096,-0.039045969176273586
COHFACE_s14_session3_natural,26,117,29.9,-0.8342785239219666,-0.05844125571325657
COHFACE_s14_session3_natural,26,118,29.933333333333334,-0.9304463267326355,-0.07133456943194914
COHFACE_s14_session3_natural,26,119,29.966666666666665,-1.0382781028747559,-0.07455394304179068
COHFACE_s14_session3_natural,26,120,30.0,-1.1281888484954834,-0.06800130284631825
COHFACE_s14_session3_natural,26,121,30.033333333333335,-1.1175111532211304,-0.054326333479379214
COHFACE_s14_session3_natural,26,122,30.066666666666666,-0.7648730874061584,-0.037465561505629345
COHFACE_s14_session3_natural,26,123,30.1,0.12151686102151871,-0.021013032824297492
COHFACE_s14_session3_natural,26,124,30.133333333333333,0.9811784029006958,-0.007198801155917689
COHFACE_s14_session3_natural,26,125,30.166666666666668,1.2736265659332275,0.003350840546250607
COHFACE_s14_session3_natural,26,126,30.2,1.185041904449463,0.011210180224490726
COHFACE_s14_session3_natural,26,127,30.233333333333334,0.9388074278831482,0.017353232581286668
COHFACE_s14_session3_natural,26,128,30.266666666666666,0.533358633518219,0.022377175088097896
COHFACE_s14_session3_natural,26,129,30.3,0.23189903795719147,0.026216022859585998
COHFACE_s14_session3_natural,26,130,30.333333333333332,0.21690256893634796,0.028486320514310038
COHFACE_s14_session3_natural,26,131,30.366666666666667,0.3100098967552185,0.029126024719823843
COHFACE_s14_session3_natural,26,132,30.4,0.2539346516132355,0.028741323731852078
COHFACE_s14_session3_natural,26,133,30.433333333333334,0.05088723078370094,0.028287069341612632
COHFACE_s14_session3_natural,26,134,30.466666666666665,-0.1892603039741516,0.0282741941797581
COHFACE_s14_session3_natural,26,135,30.5,-0.39213770627975464,0.028163177577255807
COHFACE_s14_session3_natural,26,136,30.533333333333335,-0.547441303730011,0.026545875396371432
COHFACE_s14_session3_natural,26,137,30.566666666666666,-0.6410247087478638,0.022144364880119307
COHFACE_s14_session3_natural,26,138,30.6,-0.6796210408210754,0.014954021526670113
COHFACE_s14_session3_natural,26,139,30.633333333333333,-0.7400490045547485,0.0066118879036813965
COHFACE_s14_session3_natural,26,140,30.666666666666668,-0.8527435660362244,-0.0004200907214572434
COHFACE_s14_session3_natural,26,141,30.7,-0.9557805061340332,-0.004365646833917293
COHFACE_s14_session3_natural,26,142,30.733333333333334,-1.0172966718673706,-0.005242530111827628
COHFACE_s14_session3_natural,26,143,30.766666666666666,-1.0087271928787231,-0.004719816439997704
COHFACE_s14_session3_natural,26,144,30.8,-0.640548586845398,-0.00489964821375282
COHFACE_s14_session3_natural,26,145,30.833333333333332,0.2884843349456787,-0.007041438193425412
COHFACE_s14_session3_natural,26,146,30.866666666666667,1.1101956367492676,-0.01109821333722074
COHFACE_s14_session3_natural,26,147,30.9,1.3692842721939087,-0.016109042161250343
COHFACE_s14_session3_natural,26,148,30.933333333333334,1.2564877271652222,-0.020815827424757016
COHFACE_s14_session3_natural,26,149,30.966666666666665,0.9823685884475708,-0.023880977444385186
COHFACE_s14_session3_natural,26,150,31.0,0.6015058755874634,-0.023714593175910726
COHFACE_s14_session3_natural,26,151,31.033333333333335,0.3288149833679199,-0.018463340645652596
COHFACE_s14_session3_natural,26,152,31.066666666666666,0.3190893828868866,-0.006576180985545292
COHFACE_s14_session3_natural,26,153,31.1,0.3906371593475342,0.012208592227670284
COHFACE_s14_session3_natural,26,154,31.133333333333333,0.32609453797340393,0.03602986926887574
COHFACE_s14_session3_natural,26,155,31.166666666666668,0.11913646757602692,0.06077643640280183
COHFACE_s14_session3_natural,26,156,31.2,-0.12067101150751114,0.08082554565184162
COHFACE_s14_session3_natural,26,157,31.233333333333334,-0.305355429649353,0.09039764281260641
COHFACE_s14_session3_natural,26,158,31.266666666666666,-0.44246599078178406,0.08513804830836226
COHFACE_s14_session3_natural,26,159,31.3,-0.5292482972145081,0.06357149984794272
COHFACE_s14_session3_natural,26,160,31.333333333333332,-0.579338550567627,0.028066621096481503
COHFACE_s14_session3_natural,26,161,31.366666666666667,-0.6563951969146729,-0.015143868465126437
COHFACE_s14_session3_natural,26,162,31.4,-0.7640909552574158,-0.057316425738105754
COHFACE_s14_session3_natural,26,163,31.433333333333334,-0.8916459679603577,-0.08983794589814449
COHFACE_s14_session3_natural,26,164,31.466666666666665,-0.9734293818473816,-0.10712014337979849
COHFACE_s14_session3_natural,26,165,31.5,-0.9833250641822815,-0.10824045403760336
COHFACE_s14_session3_natural,26,166,31.533333333333335,-0.7015886306762695,-0.09651109189582059
COHFACE_s14_session3_natural,26,167,31.566666666666666,0.14742912352085114,-0.07743880314933366
COHFACE_s14_session3_natural,26,168,31.6,1.0531342029571533,-0.05638132159708217
COHFACE_s14_session3_natural,26,169,31.633333333333333,1.4052622318267822,-0.03708670079181166
COHFACE_s14_session3_natural,26,170,31.666666666666668,1.3195340633392334,-0.021411472441588607
COHFACE_s14_session3_natural,26,171,31.7,1.0578269958496094,-0.009703282174957637
COHFACE_s14_session3_natural,26,172,31.733333333333334,0.6795487403869629,-0.0012692715225825191
COHFACE_s14_session3_natural,26,173,31.766666666666666,0.3784291446208954,0.00523597448711289
COHFACE_s14_session3_natural,26,174,31.8,0.36023616790771484,0.011379196204378626
COHFACE_s14_session3_natural,26,175,31.833333333333332,0.4607227146625519,0.01838516897378105
COHFACE_s14_session3_natural,26,176,31.866666666666667,0.42787328362464905,0.026585610203998217
COHFACE_s14_session3_natural,26,177,31.9,0.23291920125484467,0.035208842283012576
COHFACE_s14_session3_natural,26,178,31.933333333333334,-0.00015517348947469145,0.04276224382387403
COHFACE_s14_session3_natural,26,179,31.966666666666665,-0.20473285019397736,0.04788697793830626
COHFACE_s14_session3_natural,26,180,32.0,-0.3722444474697113,0.05012526654904379
COHFACE_s14_session3_natural,26,181,32.03333333333333,-0.469636470079422,0.050007541034624535
COHFACE_s14_session3_natural,26,182,32.06666666666667,-0.5180604457855225,0.048423077427864614
COHFACE_s14_session3_natural,26,183,32.1,-0.5877038836479187,0.04585180624646364
COHFACE_s14_session3_natural,26,184,32.13333333333333,-0.6856740117073059,0.04210114816105649
COHFACE_s14_session3_natural,26,185,32.166666666666664,-0.8039454817771912,0.03670321852925636
COHFACE_s14_session3_natural,26,186,32.2,-0.9004874229431152,0.02952012535001045
COHFACE_s14_session3_natural,26,187,32.233333333333334,-0.9457148313522339,0.020925142035953314
COHFACE_s14_session3_natural,26,188,32.266666666666666,-0.7844942808151245,0.01138032918470589
COHFACE_s14_session3_natural,26,189,32.3,-0.10047169029712677,0.0008621524442673262
COHFACE_s14_session3_natural,26,190,32.333333333333336,0.8458361029624939,-0.011203790992176815
COHFACE_s14_session3_natural,26,191,32.36666666666667,1.3580623865127563,-0.02522201562968361
COHFACE_s14_session3_natural,26,192,32.4,1.3442901372909546,-0.04034237612613126
COHFACE_s14_session3_natural,26,193,32.43333333333333,1.1149224042892456,-0.05386764692701445
COHFACE_s14_session3_natural,26,194,32.46666666666667,0.7484440803527832,-0.061773644483420105
COHFACE_s14_session3_natural,26,195,32.5,0.41991597414016724,-0.06023384103711622
COHFACE_s14_session3_natural,26,196,32.53333333333333,0.36098429560661316,-0.04735005033594224
COHFACE_s14_session3_natural,26,197,32.56666666666667,0.46041664481163025,-0.024153874443298393
COHFACE_s14_session3_natural,26,198,32.6,0.47898370027542114,0.005523251111488223
COHFACE_s14_session3_natural,26,199,32.63333333333333,0.3084796369075775,0.03602687055123101
COHFACE_s14_session3_natural,26,200,32.666666666666664,0.0665978193283081,0.0611493568754564
COHFACE_s14_session3_natural,26,201,32.7,-0.1503579020500183,0.07532292365923976
COHFACE_s14_session3_natural,26,202,32.733333333333334,-0.3167473077774048,0.07468328187729781
COHFACE_s14_session3_natural,26,203,32.766666666666666,-0.4258032441139221,0.05804545593785647
COHFACE_s14_session3_natural,26,204,32.8,-0.4698745012283325,0.02759906371796397
COHFACE_s14_session3_natural,26,205,32.833333333333336,-0.5371716022491455,-0.011107534779940765
COHFACE_s14_session3_natural,26,206,32.86666666666667,-0.6344615817070007,-0.05021717245383443
COHFACE_s14_session3_natural,26,207,32.9,-0.7378726005554199,-0.08156228430352888
COHFACE_s14_session3_natural,26,208,32.93333333333333,-0.8499550819396973,-0.09905912952418512
COHFACE_s14_session3_natural,26,209,32.96666666666667,-0.9113351702690125,-0.10059129562143507
COHFACE_s14_session3_natural,26,210,33.0,-0.8190779685974121,-0.08843581092477834
COHFACE_s14_session3_natural,26,211,33.03333333333333,-0.23680013418197632,-0.06785797448303076
COHFACE_s14_session3_natural,26,212,33.06666666666667,0.6902264952659607,-0.04457962089664753
COHFACE_s14_session3_natural,26,213,33.1,1.2815498113632202,-0.02253933141501561
COHFACE_s14_session3_natural,26,214,33.13333333333333,1.3130390644073486,-0.0030342919289254562
COHFACE_s14_session3_natural,26,215,33.166666666666664,1.0546305179595947,0.014627823150841764
COHFACE_s14_session3_natural,26,216,33.2,0.6841394901275635,0.031630608630650515
COHFACE_s14_session3_natural,26,217,33.233333333333334,0.34109100699424744,0.04823079280102292
COHFACE_s14_session3_natural,26,218,33.266666666666666,0.2574712336063385,0.06311747309714581
COHFACE_s14_session3_natural,26,219,33.3,0.3909432291984558,0.07376152152076881
COHFACE_s14_session3_natural,26,220,33.333333333333336,0.44184958934783936,0.07750169201807612
COHFACE_s14_session3_natural,26,221,33.36666666666667,0.28800827264785767,0.07282339383147565
COHFACE_s14_session3_natural,26,222,33.4,0.05520594120025635,0.06023029295159937
COHFACE_s14_session3_natural,26,223,33.43333333333333,-0.15967543423175812,0.04229895373188821
COHFACE_s14_session3_natural,26,224,33.46666666666667,-0.30416521430015564,0.02288183722682963
COHFACE_s14_session3_natural,26,225,33.5,-0.42070239782333374,0.005837533397791416
COHFACE_s14_session3_natural,26,226,33.53333333333333,-0.4931003153324127,-0.006093261444543553
COHFACE_s14_session3_natural,26,227,33.56666666666667,-0.5518280267715454,-0.01180914765986789
COHFACE_s14_session3_natural,26,228,33.6,-0.6413647532463074,-0.011812824468872841
COHFACE_s14_session3_natural,26,229,33.63333333333333,-0.7490944862365723,-0.007967814275312006
COHFACE_s14_session3_natural,26,230,33.666666666666664,-0.8245189189910889,-0.0031555040916632186
COHFACE_s14_session3_natural,26,231,33.7,-0.8514173030853271,-0.0006113510171536455
COHFACE_s14_session3_natural,26,232,33.733333333333334,-0.6477918028831482,-0.002838534230368217
COHFACE_s14_session3_natural,26,233,33.766666666666666,0.11274341493844986,-0.010443669515594342
COHFACE_s14_session3_natural,26,234,33.8,1.0521140098571777,-0.021553997391160765
COHFACE_s14_session3_natural,26,235,33.833333333333336,1.4642279148101807,-0.032332421103412314
COHFACE_s14_session3_natural,26,236,33.86666666666667,1.370848536491394,-0.03851471965410004
COHFACE_s14_session3_natural,26,237,33.9,1.0857796669006348,-0.037271665741824694
COHFACE_s14_session3_natural,26,238,33.93333333333333,0.682133138179779,-0.028496944655387182
COHFACE_s14_session3_natural,26,239,33.96666666666667,0.4084220826625824,-0.014924798954272605
COHFACE_s14_session3_natural,27,0,27.0,-0.5018057823181152,0.0033000894205589748
COHFACE_s14_session3_natural,27,1,27.033333333333335,-0.6224576234817505,2.699417750811562
COHFACE_s14_session3_natural,27,2,27.066666666666666,-0.7437896132469177,4.976540740470179
COHFACE_s14_session3_natural,27,3,27.1,-0.8207102417945862,6.518298373513407
COHFACE_s14_session3_natural,27,4,27.133333333333333,-0.8363528251647949,7.18444524594901
COHFACE_s14_session3_natural,27,5,27.166666666666668,-0.41645172238349915,7.028780548897366
COHFACE_s14_session3_natural,27,6,27.2,0.5926304459571838,6.255972115899238
COHFACE_s14_session3_natural,27,7,27.233333333333334,1.4971452951431274,5.141189208269056
COHFACE_s14_session3_natural,27,8,27.266666666666666,1.7715024948120117,3.9474433845196066
COHFACE_s14_session3_natural,27,9,27.3,1.6559514999389648,2.866951833921214
COHFACE_s14_session3_natural,27,10,27.333333333333332,1.3554099798202515,1.9974061879154146
COHFACE_s14_session3_natural,27,11,27.366666666666667,0.9033395648002625,1.3501738108160786
COHFACE_s14_session3_natural,27,12,27.4,0.5927324295043945,0.8788416502502661
COHFACE_s14_session3_natural,27,13,27.433333333333334,0.5846391320228577,0.5140190004309355
COHFACE_s14_session3_natural,27,14,27.466666666666665,0.627078115940094,0.19272281705797048
COHFACE_s14_session3_natural,27,15,27.5,0.5270336270332336,-0.12423956202477851
COHFACE_s14_session3_natural,27,16,27.533333333333335,0.2716175615787506,-0.44799187242511784
COHFACE_s14_session3_natural,27,17,27.566666666666666,-0.0023315318394452333,-0.7673795474089485
COHFACE_s14_session3_natural,27,18,27.6,-0.23176731169223785,-1.059831911854496
COHFACE_s14_session3_natural,27,19,27.633333333333333,-0.399142861366272,-1.3024203452626768
COHFACE_s14_session3_natural,27,20,27.666666666666668,-0.4912640154361725,-1.4797421634555017
COHFACE_s14_session3_natural,27,21,27.7,-0.5667904615402222,-1.587229733101209
COHFACE_s14_session3_natural,27,22,27.733333333333334,-0.6796890497207642,-1.6301957680125072
COHFACE_s14_session3_natural,27,23,27.766666666666666,-0.8101345300674438,-1.6200980660531394
COHFACE_s14_session3_natural,27,24,27.8,-0.9287460446357727,-1.5700602752851114
COHFACE_s14_session3_natural,27,25,27.833333333333332,-0.999987781047821,-1.491448484357764
COHFACE_s14_session3_natural,27,26,27.866666666666667,-0.9530260562896729,-1.3923453893332536
COHFACE_s14_session3_natural,27,27,27.9,-0.4370250999927521,-1.2776876080163342
COHFACE_s14_session3_natural,27,28,27.933333333333334,0.5698806643486023,-1.1502583368867314
COHFACE_s14_session3_natural,27,29,27.966666666666665,1.3642514944076538,-1.011786287775439
COHFACE_s14_session3_natural,27,30,28.0,1.548731803894043,-0.8638189028109713
COHFACE_s14_session3_natural,27,31,28.033333333333335,1.3725148439407349,-0.7083701460411943
COHFACE_s14_session3_natural,27,32,28.066666666666666,1.0213390588760376,-0.5483393777969393
COHFACE_s14_session3_natural,27,33,28.1,0.5608012080192566,-0.3875649260983256
COHFACE_s14_session3_natural,27,34,28.133333333333333,0.3319435119628906,-0.23043016256787424
COHFACE_s14_session3_natural,27,35,28.166666666666668,0.3745185136795044,-0.08121257231873892
COHFACE_s14_session3_natural,27,36,28.2,0.42573094367980957,0.056372656488751574
COHFACE_s14_session3_natural,27,37,28.233333333333334,0.29474136233329773,0.17908641767403918
COHFACE_s14_session3_natural,27,38,28.266666666666666,0.025076979771256447,0.28372651773439506
COHFACE_s14_session3_natural,27,39,28.3,-0.22870680689811707,0.36698913015621154
COHFACE_s14_session3_natural,27,40,28.333333333333332,-0.4344746768474579,0.4261610312814147
COHFACE_s14_session3_natural,27,41,28.366666666666667,-0.5836232304573059,0.46052734324881006
COHFACE_s14_session3_natural,27,42,28.4,-0.6691133379936218,0.472672731477686
COHFACE_s14_session3_natural,27,43,28.433333333333334,-0.7348461151123047,0.46860492765701445
COHFACE_s14_session3_natural,27,44,28.466666666666665,-0.8318641185760498,0.4561302577255622
COHFACE_s14_session3_natural,27,45,28.5,-0.9603712558746338,0.4420109158440914
COHFACE_s14_session3_natural,27,46,28.533333333333335,-1.070107340812683,0.42947866265416684
COHFACE_s14_session3_natural,27,47,28.566666666666666,-1.1247882843017578,0.41765327785486994
COHFACE_s14_session3_natural,27,48,28.6,-1.0525944232940674,0.40304340444763387
COHFACE_s14_session3_natural,27,49,28.633333333333333,-0.4848029613494873,0.381891136580569
COHFACE_s14_session3_natural,27,50,28.666666666666668,0.48537677526474,0.3519553630536404
COHFACE_s14_session3_natural,27,51,28.7,1.1315851211547852,0.313137060663642
COHFACE_s14_session3_natural,27,52,28.733333333333334,1.1924551725387573,0.2671704514546383
COHFACE_s14_session3_natural,27,53,28.766666666666666,0.9465606808662415,0.21693006631499784
COHFACE_s14_session3_natural,27,54,28.8,0.5485591888427734,0.1657416359601897
COHFACE_s14_session3_natural,27,55,28.833333333333332,0.154672309756279,0.11679230913621103
COHFACE_s14_session3_natural,27,56,28.866666666666667,0.04847283288836479,0.07264416138501305
COHFACE_s14_session3_natural,27,57,28.9,0.16579215228557587,0.034919727222084904
COHFACE_s14_session3_natural,27,58,28.933333333333334,0.20401443541049957,0.004245990086624539
COHFACE_s14_session3_natural,27,59,28.966666666666665,0.05731428787112236,-0.019563090687381577
COHFACE_s14_session3_natural,27,60,29.0,-0.1794326901435852,-0.037258888704345114
COHFACE_s14_session3_natural,27,61,29.033333333333335,-0.4033595621585846,-0.050029022465283214
COHFACE_s14_session3_natural,27,62,29.066666666666666,-0.5727414488792419,-0.05946699099803423
COHFACE_s14_session3_natural,27,63,29.1,-0.6732959747314453,-0.06743582244936584
COHFACE_s14_session3_natural,27,64,29.133333333333333,-0.7442317008972168,-0.07568999009334237
COHFACE_s14_session3_natural,27,65,29.166666666666668,-0.8168676495552063,-0.0853748977693472
COHFACE_s14_session3_natural,27,66,29.2,-0.9165040254592896,-0.0967191336829673
COHFACE_s14_session3_natural,27,67,29.233333333333334,-1.0192348957061768,-0.10914828847270863
COHFACE_s14_session3_natural,27,68,29.266666666666666,-1.1023106575012207,-0.121694946932368
COHFACE_s14_session3_natural,27,69,29.3,-1.1488982439041138,-0.13332984185871288
COHFACE_s14_session3_natural,27,70,29.333333333333332,-1.0010079145431519,-0.14299056876819258
COHFACE_s14_session3_natural,27,71,29.366666666666667,-0.30532142519950867,-0.1494524570504093
COHFACE_s14_session3_natural,27,72,29.4,0.6289483904838562,-0.15138608901361866
COHFACE_s14_session3_natural,27,73,29.433333333333334,1.0922746658325195,-0.14775458154225785
COHFACE_s14_session3_natural,27,74,29.466666666666665,1.0548685789108276,-0.13825233954610658
COHFACE_s14_session3_natural,27,75,29.5,0.800438642501831,-0.12330713245096636
COHFACE_s14_session3_natural,27,76,29.533333333333335,0.4155292510986328,-0.103571949656876
COHFACE_s14_session3_natural,27,77,29.566666666666666,0.10750655084848404,-0.07938395946396154
COHFACE_s14_session3_natural,27,78,29.6,0.06714190542697906,-0.05077413719611892
COHFACE_s14_session3_natural,27,79,29.633333333333333,0.15633858740329742,-0.018193084004535495
COHFACE_s14_session3_natural,27,80,29.666666666666668,0.1485513150691986,0.01649206797713204
COHFACE_s14_session3_natural,27,81,29.7,-0.027427664026618004,0.0494962465137494
COHFACE_s14_session3_natural,27,82,29.733333333333334,-0.2568974494934082,0.07563437328270495
COHFACE_s14_session3_natural,27,83,29.766666666666666,-0.4741252064704895,0.08978607559624571
COHFACE_s14_session3_natural,27,84,29.8,-0.6321832537651062,0.08870750377745312
COHFACE_s14_session3_natural,27,85,29.833333333333332,-0.7172312140464783,0.07242112838180123
COHFACE_s14_session3_natural,27,86,29.866666666666667,-0.7764349579811096,0.04463514683974707
COHFACE_s14_session3_natural,27,87,29.9,-0.8342785239219666,0.012006520251626117
COHFACE_s14_session3_natural,27,88,29.933333333333334,-0.9304463267326355,-0.017641760004631617
COHFACE_s14_session3_natural,27,89,29.966666666666665,-1.0382781028747559,-0.03769089527444128
COHFACE_s14_session3_natural,27,90,30.0,-1.1281888484954834,-0.04479813230680164
COHFACE_s14_session3_natural,27,91,30.033333333333335,-1.1175111532211304,-0.039706571400365286
COHFACE_s14_session3_natural,27,92,30.066666666666666,-0.7648730874061584,-0.02640879923646695
COHFACE_s14_session3_natural,27,93,30.1,0.12151686102151871,-0.010146436712351025
COHFACE_s14_session3_natural,27,94,30.133333333333333,0.9811784029006958,0.004720731699448141
COHFACE_s14_session3_natural,27,95,30.166666666666668,1.2736265659332275,0.01599891020081888
COHFACE_s14_session3_natural,27,96,30.2,1.185041904449463,0.023698700727959918
COHFACE_s14_session3_natural,27,97,30.233333333333334,0.9388074278831482,0.029123754554111942
COHFACE_s14_session3_natural,27,98,30.266666666666666,0.533358633518219,0.033698682677469775
COHFACE_s14_session3_natural,27,99,30.3,0.23189903795719147,0.03818061899053249
COHFACE_s14_session3_natural,27,100,30.333333333333332,0.21690256893634796,0.04252952895368551
COHFACE_s14_session3_natural,27,101,30.366666666666667,0.3100098967552185,0.04626180167773028
COHFACE_s14_session3_natural,27,102,30.4,0.2539346516132355,0.0488446034888533
COHFACE_s14_session3_natural,27,103,30.433333333333334,0.05088723078370094,0.04978025013511174
COHFACE_s14_session3_natural,27,104,30.466666666666665,-0.1892603039741516,0.04841901892496949
COHFACE_s14_session3_natural,27,105,30.5,-0.39213770627975464,0.043866345056304455
COHFACE_s14_session3_natural,27,106,30.533333333333335,-0.547441303730011,0.035300045311172874
COHFACE_s14_session3_natural,27,107,30.566666666666666,-0.6410247087478638,0.02263596936361514
COHFACE_s14_session3_natural,27,108,30.6,-0.6796210408210754,0.007081587128847103
COHFACE_s14_session3_natural,27,109,30.633333333333333,-0.7400490045547485,-0.008956284390013067
COHFACE_s14_session3_natural,27,110,30.666666666666668,-0.8527435660362244,-0.022753703610519736
COHFACE_s14_session3_natural,27,111,30.7,-0.9557805061340332,-0.03248173527982427
COHFACE_s14_session3_natural,27,112,30.733333333333334,-1.0172966718673706,-0.03792565080344101
COHFACE_s14_session3_natural,27,113,30.766666666666666,-1.0087271928787231,-0.040163818865710854
COHFACE_s14_session3_natural,27,114,30.8,-0.640548586845398,-0.040495523302885784
COHFACE_s14_session3_natural,27,115,30.833333333333332,0.2884843349456787,-0.039520116832446286
COHFACE_s14_session3_natural,27,116,30.866666666666667,1.1101956367492676,-0.03702765000468226
COHFACE_s14_session3_natural,27,117,30.9,1.3692842721939087,-0.03258754411363927
COHFACE_s14_session3_natural,27,118,30.933333333333334,1.2564877271652222,-0.02615279637066627
COHFACE_s14_session3_natural,27,119,30.966666666666665,0.9823685884475708,-0.01807512216886316
COHFACE_s14_session3_natural,27,120,31.0,0.6015058755874634,-0.008567321873390321
COHFACE_s14_session3_natural,27,121,31.033333333333335,0.3288149833679199,0.0027813813578660682
COHFACE_s14_session3_natural,27,122,31.066666666666666,0.3190893828868866,0.016876695837402915
COHFACE_s14_session3_natural,27,123,31.1,0.3906371593475342,0.03432917142454292
COHFACE_s14_session3_natural,27,124,31.133333333333333,0.32609453797340393,0.05445076963924892
COHFACE_s14_session3_natural,27,125,31.166666666666668,0.11913646757602692,0.07463277589451718
COHFACE_s14_session3_natural,27,126,31.2,-0.12067101150751114,0.09046033734064889
COHFACE_s14_session3_natural,27,127,31.233333333333334,-0.305355429649353,0.09658342373722824
COHFACE_s14_session3_natural,27,128,31.266666666666666,-0.44246599078178406,0.08819212612989082
COHFACE_s14_session3_natural,27,129,31.3,-0.5292482972145081,0.06283647844467223
COHFACE_s14_session3_natural,27,130,31.333333333333332,-0.579338550567627,0.022103294824763326
COHFACE_s14_session3_natural,27,131,31.366666666666667,-0.6563951969146729,-0.027642096243270804
COHFACE_s14_session3_natural,27,132,31.4,-0.7640909552574158,-0.0763099864781442
COHFACE_s14_session3_natural,27,133,31.433333333333334,-0.8916459679603577,-0.11314190903106348
COHFACE_s14_session3_natural,27,134,31.466666666666665,-0.9734293818473816,-0.13064416458080869
COHFACE_s14_session3_natural,27,135,31.5,-0.9833250641822815,-0.12736561454828163
COHFACE_s14_session3_natural,27,136,31.533333333333335,-0.7015886306762695,-0.10796804087436572
COHFACE_s14_session3_natural,27,137,31.566666666666666,0.14742912352085114,-0.08061508297541418
COHFACE_s14_session3_natural,27,138,31.6,1.0531342029571533,-0.053280138019544385
COHFACE_s14_session3_natural,27,139,31.633333333333333,1.4052622318267822,-0.031014285425701785
COHFACE_s14_session3_natural,27,140,31.666666666666668,1.3195340633392334,-0.01521069767623839
COHFACE_s14_session3_natural,27,141,31.7,1.0578269958496094,-0.004499533840570139
COHFACE_s14_session3_natural,27,142,31.733333333333334,0.6795487403869629,0.0037206115020449863
COHFACE_s14_session3_natural,27,143,31.766666666666666,0.3784291446208954,0.01191877807968384
COHFACE_s14_session3_natural,27,144,31.8,0.36023616790771484,0.021579970605212266
COHFACE_s14_session3_natural,27,145,31.833333333333332,0.4607227146625519,0.03285891981993343
COHFACE_s14_session3_natural,27,146,31.866666666666667,0.42787328362464905,0.04462388389463303
COHFACE_s14_session3_natural,27,147,31.9,0.23291920125484467,0.05485078135642967
COHFACE_s14_session3_natural,27,148,31.933333333333334,-0.00015517348947469145,0.06138822745731756
COHFACE_s14_session3_natural,27,149,31.966666666666665,-0.20473285019397736,0.06292688943034175
COHFACE_s14_session3_natural,27,150,32.0,-0.3722444474697113,0.05963466284100531
COHFACE_s14_session3_natural,27,151,32.03333333333333,-0.469636470079422,0.052916361491287325
COHFACE_s14_session3_natural,27,152,32.06666666666667,-0.5180604457855225,0.04440957595058306
COHFACE_s14_session3_natural,27,153,32.1,-0.5877038836479187,0.03499929268527067
COHFACE_s14_session3_natural,27,154,32.13333333333333,-0.6856740117073059,0.02460213049265351
COHFACE_s14_session3_natural,27,155,32.166666666666664,-0.8039454817771912,0.01281731984123894
COHFACE_s14_session3_natural,27,156,32.2,-0.9004874229431152,-0.00016093028880067683
COHFACE_s14_session3_natural,27,157,32.233333333333334,-0.9457148313522339,-0.013162830160066068
COHFACE_s14_session3_natural,27,158,32.266666666666666,-0.7844942808151245,-0.02449542644197085
COHFACE_s14_session3_natural,27,159,32.3,-0.10047169029712677,-0.03282425574501654
COHFACE_s14_session3_natural,27,160,32.333333333333336,0.8458361029624939,-0.0377645781871215
COHFACE_s14_session3_natural,27,161,32.36666666666667,1.3580623865127563,-0.039729435311523155
COHFACE_s14_session3_natural,27,162,32.4,1.3442901372909546,-0.03919959310837624
COHFACE_s14_session3_natural,27,163,32.43333333333333,1.1149224042892456,-0.036037296941882756
COHFACE_s14_session3_natural,27,164,32.46666666666667,0.7484440803527832,-0.02938953552802412
COHFACE_s14_session3_natural,27,165,32.5,0.41991597414016724,-0.018247744909191056
COHFACE_s14_session3_natural,27,166,32.53333333333333,0.36098429560661316,-0.002256788171307323
COHFACE_s14_session3_natural,27,167,32.56666666666667,0.46041664481163025,0.017748308857075137
COHFACE_s14_session3_natural,27,168,32.6,0.47898370027542114,0.03969093501088436
COHFACE_s14_session3_natural,27,169,32.63333333333333,0.3084796369075775,0.06052157674817644
COHFACE_s14_session3_natural,27,170,32.666666666666664,0.0665978193283081,0.07656410838277279
COHFACE_s14_session3_natural,27,171,32.7,-0.1503579020500183,0.08391007219095964
COHFACE_s14_session3_natural,27,172,32.733333333333334,-0.3167473077774048,0.07906144405306775
COHFACE_s14_session3_natural,27,173,32.766666666666666,-0.4258032441139221,0.05996205424322996
COHFACE_s14_session3_natural,27,174,32.8,-0.4698745012283325,0.027160183541655922
COHFACE_s14_session3_natural,27,175,32.833333333333336,-0.5371716022491455,-0.015488345421668142
COHFACE_s14_session3_natural,27,176,32.86666666666667,-0.6344615817070007,-0.06107513052487639
COHFACE_s14_session3_natural,27,177,32.9,-0.7378726005554199,-0.10098914988170778
COHFACE_s14_session3_natural,27,178,32.93333333333333,-0.8499550819396973,-0.12713848298501643
COHFACE_s14_session3_natural,27,179,32.96666666666667,-0.9113351702690125,-0.13441506021123642
COHFACE_s14_session3_natural,27,180,33.0,-0.8190779685974121,-0.12237083853545637
COHFACE_s14_session3_natural,27,181,33.03333333333333,-0.23680013418197632,-0.09518165797688395
COHFACE_s14_session3_natural,27,182,33.06666666666667,0.6902264952659607,-0.059845638114737115
COHFACE_s14_session3_natural,27,183,33.1,1.2815498113632202,-0.023554160532295358
COHFACE_s14_session3_natural,27,184,33.13333333333333,1.3130390644073486,0.008490960568137985
COHFACE_s14_session3_natural,27,185,33.166666666666664,1.0546305179595947,0.03395230525819342
COHFACE_s14_session3_natural,27,186,33.2,0.6841394901275635,0.05284076411322086
COHFACE_s14_session3_natural,27,187,33.233333333333334,0.34109100699424744,0.06619920154232606
COHFACE_s14_session3_natural,27,188,33.266666666666666,0.2574712336063385,0.07481781977773011
COHFACE_s14_session3_natural,27,189,33.3,0.3909432291984558,0.07861162681201789
COHFACE_s14_session3_natural,27,190,33.333333333333336,0.44184958934783936,0.07684255018270142
COHFACE_s14_session3_natural,27,191,33.36666666666667,0.28800827264785767,0.06890855800995387
COHFACE_s14_session3_natural,27,192,33.4,0.05520594120025635,0.05515344917276918
COHFACE_s14_session3_natural,27,193,33.43333333333333,-0.15967543423175812,0.03719788453216398
COHFACE_s14_session3_natural,27,194,33.46666666666667,-0.30416521430015564,0.0176236403376503
COHFACE_s14_session3_natural,27,195,33.5,-0.42070239782333374,-0.0007556176511412887
COHFACE_s14_session3_natural,27,196,33.53333333333333,-0.4931003153324127,-0.015595096583363794
COHFACE_s14_session3_natural,27,197,33.56666666666667,-0.5518280267715454,-0.025390816871900018
COHFACE_s14_session3_natural,27,198,33.6,-0.6413647532463074,-0.029600537318843705
COHFACE_s14_session3_natural,27,199,33.63333333333333,-0.7490944862365723,-0.028760805469875084
COHFACE_s14_session3_natural,27,200,33.666666666666664,-0.8245189189910889,-0.024569533439112414
COHFACE_s14_session3_natural,27,201,33.7,-0.8514173030853271,-0.01959850739637742
COHFACE_s14_session3_natural,27,202,33.733333333333334,-0.6477918028831482,-0.01643929144148302
COHFACE_s14_session3_natural,27,203,33.766666666666666,0.11274341493844986,-0.016560646039143725
COHFACE_s14_session3_natural,27,204,33.8,1.0521140098571777,-0.019534359386492815
COHFACE_s14_session3_natural,27,205,33.833333333333336,1.4642279148101807,-0.023207343053569567
COHFACE_s14_session3_natural,27,206,33.86666666666667,1.370848536491394,-0.024823199837950456
COHFACE_s14_session3_natural,27,207,33.9,1.0857796669006348,-0.022445658301845393
COHFACE_s14_session3_natural,27,208,33.93333333333333,0.682133138179779,-0.015818010173666155
COHFACE_s14_session3_natural,27,209,33.96666666666667,0.4084220826625824,-0.006197603393773259
COHFACE_s14_session3_natural,27,210,34.0,0.41175463795661926,0.004524715448650514
COHFACE_s14_session3_natural,27,211,34.03333333333333,0.5107109546661377,0.01463925552747731
COHFACE_s14_session3_natural,27,212,34.06666666666667,0.4888453483581543,0.022851512776776075
COHFACE_s14_session3_natural,27,213,34.1,0.3033107817173004,0.028085781381729766
COHFACE_s14_session3_natural,27,214,34.13333333333333,0.04412011429667473,0.0294248536607151
COHFACE_s14_session3_natural,27,215,34.166666666666664,-0.17229151725769043,0.026551576201959314
COHFACE_s14_session3_natural,27,216,34.2,-0.31450292468070984,0.020387840372062826
COHFACE_s14_session3_natural,27,217,34.233333333333334,-0.4082903563976288,0.013180180821444287
COHFACE_s14_session3_natural,27,218,34.266666666666666,-0.48881563544273376,0.0075944913708692425
COHFACE_s14_session3_natural,27,219,34.3,-0.5634239315986633,0.005190126221749368
COHFACE_s14_session3_natural,27,220,34.333333333333336,-0.6747242212295532,0.005273484120601691
COHFACE_s14_session3_natural,27,221,34.36666666666667,-0.7814338207244873,0.005060851779658735
COHFACE_s14_session3_natural,27,222,34.4,-0.8421338200569153,0.0012634738793896702
COHFACE_s14_session3_natural,27,223,34.43333333333333,-0.7703819870948792,-0.007775722665894164
COHFACE_s14_session3_natural,27,224,34.46666666666667,-0.19517728686332703,-0.020701415212400504
COHFACE_s14_session3_natural,27,225,34.5,0.8223722577095032,-0.03341866574348621
COHFACE_s14_session3_natural,27,226,34.53333333333333,1.5455353260040283,-0.04089787089917909
COHFACE_s14_session3_natural,27,227,34.56666666666667,1.6919294595718384,-0.03947571706062717
COHFACE_s14_session3_natural,27,228,34.6,1.5145561695098877,-0.028428805165940433
COHFACE_s14_session3_natural,27,229,34.63333333333333,1.1601839065551758,-0.010144884353149022
COHFACE_s14_session3_natural,27,230,34.666666666666664,0.7266464829444885,0.01094537035939743
COHFACE_s14_session3_natural,27,231,34.7,0.5378473997116089,0.029963265918542717
COHFACE_s14_session3_natural,27,232,34.733333333333334,0.6028320789337158,0.04302264159396979
COHFACE_s14_session3_natural,27,233,34.766666666666666,0.6473114490509033,0.048161029705074944
COHFACE_s14_session3_natural,27,234,34.8,0.5147916078567505,0.04562829608226665
COHFACE_s14_session3_natural,27,235,34.833333333333336,0.27505213022232056,0.03750280993412064
COHFACE_s14_session3_natural,27,236,34.86666666666667,-0.0034537166357040405,0.026744201668576575
COHFACE_s14_session3_natural,27,237,34.9,-0.2154446244239807,0.01599747143831192
COHFACE_s14_session3_natural,27,238,34.93333333333333,-0.3379327952861786,0.006633224927323198
COHFACE_s14_session3_natural,27,239,34.96666666666667,-0.4051278531551361,-0.0015377930967331557
COHFACE_s14_session3_natural,28,0,28.0,1.548731803894043,0.010409467321479559
COHFACE_s14_session3_natural,28,1,28.033333333333335,1.3725148439407349,2.7325766510843876
COHFACE_s14_session3_natural,28,2,28.066666666666666,1.0213390588760376,5.033495198897458
COHFACE_s14_session3_natural,28,3,28.1,0.5608012080192566,6.594996238638951
COHFACE_s14_session3_natural,28,4,28.133333333333333,0.3319435119628906,7.27571508138839
COHFACE_s14_session3_natural,28,5,28.166666666666668,0.3745185136795044,7.12905156272909
COHFACE_s14_session3_natural,28,6,28.2,0.42573094367980957,6.3597206105446045
COHFACE_s14_session3_natural,28,7,28.233333333333334,0.29474136233329773,5.242903966941832
COHFACE_s14_session3_natural,28,8,28.266666666666666,0.025076979771256447,4.041153323022429
COHFACE_s14_session3_natural,28,9,28.3,-0.22870680689811707,2.9456904704092652
COHFACE_s14_session3_natural,28,10,28.333333333333332,-0.4344746768474579,2.053271933850436
COHFACE_s14_session3_natural,28,11,28.366666666666667,-0.5836232304573059,1.375579197039922
COHFACE_s14_session3_natural,28,12,28.4,-0.6691133379936218,0.8688832615891486
COHFACE_s14_session3_natural,28,13,28.433333333333334,-0.7348461151123047,0.4689473694917281
COHFACE_s14_session3_natural,28,14,28.466666666666665,-0.8318641185760498,0.11900456791806545
COHFACE_s14_session3_natural,28,15,28.5,-0.9603712558746338,-0.21525496234530445
COHFACE_s14_session3_natural,28,16,28.533333333333335,-1.070107340812683,-0.5434161760418915
COHFACE_s14_session3_natural,28,17,28.566666666666666,-1.1247882843017578,-0.8564800323666837
COHFACE_s14_session3_natural,28,18,28.6,-1.0525944232940674,-1.1363035329171942
COHFACE_s14_session3_natural,28,19,28.633333333333333,-0.4848029613494873,-1.3645112013736287
COHFACE_s14_session3_natural,28,20,28.666666666666668,0.48537677526474,-1.5286991831707624
COHFACE_s14_session3_natural,28,21,28.7,1.1315851211547852,-1.625119639242307
COHFACE_s14_session3_natural,28,22,28.733333333333334,1.1924551725387573,-1.658136641897543
COHFACE_s14_session3_natural,28,23,28.766666666666666,0.9465606808662415,-1.6375432926940634
COHFACE_s14_session3_natural,28,24,28.8,0.5485591888427734,-1.5752089335365993
COHFACE_s14_session3_natural,28,25,28.833333333333332,0.154672309756279,-1.4823572992451168
COHFACE_s14_session3_natural,28,26,28.866666666666667,0.04847283288836479,-1.3681199308088274
COHFACE_s14_session3_natural,28,27,28.9,0.16579215228557587,-1.2392728711912357
COHFACE_s14_session3_natural,28,28,28.933333333333334,0.20401443541049957,-1.1006585522086116
COHFACE_s14_session3_natural,28,29,28.966666666666665,0.05731428787112236,-0.9557919929792171
COHFACE_s14_session3_natural,28,30,29.0,-0.1794326901435852,-0.8073800990396842
COHFACE_s14_session3_natural,28,31,29.033333333333335,-0.4033595621585846,-0.6577088180424252
COHFACE_s14_session3_natural,28,32,29.066666666666666,-0.5727414488792419,-0.5089274484020593
COHFACE_s14_session3_natural,28,33,29.1,-0.6732959747314453,-0.3632292555160341
COHFACE_s14_session3_natural,28,34,29.133333333333333,-0.7442317008972168,-0.2229110715254651
COHFACE_s14_session3_natural,28,35,29.166666666666668,-0.8168676495552063,-0.09033161867490212
COHFACE_s14_session3_natural,28,36,29.2,-0.9165040254592896,0.032160359930404045
COHFACE_s14_session3_natural,28,37,29.233333333333334,-1.0192348957061768,0.14227433068981582
COHFACE_s14_session3_natural,28,38,29.266666666666666,-1.1023106575012207,0.23785214602136096
COHFACE_s14_session3_natural,28,39,29.3,-1.1488982439041138,0.3170779571485005
COHFACE_s14_session3_natural,28,40,29.333333333333332,-1.0010079145431519,0.3788412929266607
COHFACE_s14_session3_natural,28,41,29.366666666666667,-0.30532142519950867,0.42309746084670447
COHFACE_s14_session3_natural,28,42,29.4,0.6289483904838562,0.4509832161653165
COHFACE_s14_session3_natural,28,43,29.433333333333334,1.0922746658325195,0.46458336130148614
COHFACE_s14_session3_natural,28,44,29.466666666666665,1.0548685789108276,0.46653988504052457
COHFACE_s14_session3_natural,28,45,29.5,0.800438642501831,0.4597928897977792
COHFACE_s14_session3_natural,28,46,29.533333333333335,0.4155292510986328,0.4474547919365271
COHFACE_s14_session3_natural,28,47,29.566666666666666,0.10750655084848404,0.432520245418632
COHFACE_s14_session3_natural,28,48,29.6,0.06714190542697906,0.4172128818000249
COHFACE_s14_session3_natural,28,49,29.633333333333333,0.15633858740329742,0.40216645264665646
COHFACE_s14_session3_natural,28,50,29.666666666666668,0.1485513150691986,0.385957523596299
COHFACE_s14_session3_natural,28,51,29.7,-0.027427664026618004,0.36544790477580824
COHFACE_s14_session3_natural,28,52,29.733333333333334,-0.2568974494934082,0.33694109577750275
COHFACE_s14_session3_natural,28,53,29.766666666666666,-0.4741252064704895,0.29767911329602814
COHFACE_s14_session3_natural,28,54,29.8,-0.6321832537651062,0.24707010833992743
COHFACE_s14_session3_natural,28,55,29.833333333333332,-0.7172312140464783,0.18721678467202474
COHFACE_s14_session3_natural,28,56,29.866666666666667,-0.7764349579811096,0.12259487103076668
COHFACE_s14_session3_natural,28,57,29.9,-0.8342785239219666,0.058972082494470245
COHFACE_s14_session3_natural,28,58,29.933333333333334,-0.9304463267326355,0.0018428401377547296
COHFACE_s14_session3_natural,28,59,29.966666666666665,-1.0382781028747559,-0.04513536254379454
COHFACE_s14_session3_natural,28,60,30.0,-1.1281888484954834,-0.08103393524578596
COHFACE_s14_session3_natural,28,61,30.033333333333335,-1.1175111532211304,-0.10739736629045547
COHFACE_s14_session3_natural,28,62,30.066666666666666,-0.7648730874061584,-0.12703677690534193
COHFACE_s14_session3_natural,28,63,30.1,0.12151686102151871,-0.14261536229119678
COHFACE_s14_session3_natural,28,64,30.133333333333333,0.9811784029006958,-0.15566706790693066
COHFACE_s14_session3_natural,28,65,30.166666666666668,1.2736265659332275,-0.16627739065889588
COHFACE_s14_session3_natural,28,66,30.2,1.185041904449463,-0.1734218846807442
COHFACE_s14_session3_natural,28,67,30.233333333333334,0.9388074278831482,-0.1758038730165179
COHFACE_s14_session3_natural,28,68,30.266666666666666,0.533358633518219,-0.17276738746448825
COHFACE_s14_session3_natural,28,69,30.3,0.23189903795719147,-0.16474280467616106
COHFACE_s14_session3_natural,28,70,30.333333333333332,0.21690256893634796,-0.15297452444815593
COHFACE_s14_session3_natural,28,71,30.366666666666667,0.3100098967552185,-0.1387874050252989
COHFACE_s14_session3_natural,28,72,30.4,0.2539346516132355,-0.12297440998641353
COHFACE_s14_session3_natural,28,73,30.433333333333334,0.05088723078370094,-0.10577280353577084
COHFACE_s14_session3_natural,28,74,30.466666666666665,-0.1892603039741516,-0.0873916364977394
COHFACE_s14_session3_natural,28,75,30.5,-0.39213770627975464,-0.06857727437625505
COHFACE_s14_session3_natural,28,76,30.533333333333335,-0.547441303730011,-0.050667656430669006
COHFACE_s14_session3_natural,28,77,30.566666666666666,-0.6410247087478638,-0.035021426856154995
COHFACE_s14_session3_natural,28,78,30.6,-0.6796210408210754,-0.022288886519481965
COHFACE_s14_session3_natural,28,79,30.633333333333333,-0.7400490045547485,-0.012194557772153464
COHFACE_s14_session3_natural,28,80,30.666666666666668,-0.8527435660362244,-0.004070642546251163
COHFACE_s14_session3_natural,28,81,30.7,-0.9557805061340332,0.002306545361862252
COHFACE_s14_session3_natural,28,82,30.733333333333334,-1.0172966718673706,0.006364069754738962
COHFACE_s14_session3_natural,28,83,30.766666666666666,-1.0087271928787231,0.007305564975694671
COHFACE_s14_session3_natural,28,84,30.8,-0.640548586845398,0.0052153621061036
COHFACE_s14_session3_natural,28,85,30.833333333333332,0.2884843349456787,0.0017452894055840205
COHFACE_s14_session3_natural,28,86,30.866666666666667,1.1101956367492676,-0.0002570495574414683
COHFACE_s14_session3_natural,28,87,30.9,1.3692842721939087,0.002022977684426029
COHFACE_s14_session3_natural,28,88,30.933333333333334,1.2564877271652222,0.010129008272122236
COHFACE_s14_session3_natural,28,89,30.966666666666665,0.9823685884475708,0.02389772901340116
COHFACE_s14_session3_natural,28,90,31.0,0.6015058755874634,0.0419532846601786
COHFACE_s14_session3_natural,28,91,31.033333333333335,0.3288149833679199,0.06256258285998015
COHFACE_s14_session3_natural,28,92,31.066666666666666,0.3190893828868866,0.08416337844192123
COHFACE_s14_session3_natural,28,93,31.1,0.3906371593475342,0.10528149671543695
COHFACE_s14_session3_natural,28,94,31.133333333333333,0.32609453797340393,0.12406218489146709
COHFACE_s14_session3_natural,28,95,31.166666666666668,0.11913646757602692,0.13789362917573367
COHFACE_s14_session3_natural,28,96,31.2,-0.12067101150751114,0.1434808315140952
COHFACE_s14_session3_natural,28,97,31.233333333333334,-0.305355429649353,0.13744237228642378
COHFACE_s14_session3_natural,28,98,31.266666666666666,-0.44246599078178406,0.11730476028327477
COHFACE_s14_session3_natural,28,99,31.3,-0.5292482972145081,0.08267544735901443
COHFACE_s14_session3_natural,28,100,31.333333333333332,-0.579338550567627,0.036270423644240685
COHFACE_s14_session3_natural,28,101,31.366666666666667,-0.6563951969146729,-0.0157284622548641
COHFACE_s14_session3_natural,28,102,31.4,-0.7640909552574158,-0.06463991970819659
COHFACE_s14_session3_natural,28,103,31.433333333333334,-0.8916459679603577,-0.1017687265902911
COHFACE_s14_session3_natural,28,104,31.466666666666665,-0.9734293818473816,-0.12149367087495937
COHFACE_s14_session3_natural,28,105,31.5,-0.9833250641822815,-0.12327566065135752
COHFACE_s14_session3_natural,28,106,31.533333333333335,-0.7015886306762695,-0.11138938878286954
COHFACE_s14_session3_natural,28,107,31.566666666666666,0.14742912352085114,-0.09257551240683137
COHFACE_s14_session3_natural,28,108,31.6,1.0531342029571533,-0.0730670753587345
COHFACE_s14_session3_natural,28,109,31.633333333333333,1.4052622318267822,-0.05663717953720176
COHFACE_s14_session3_natural,28,110,31.666666666666668,1.3195340633392334,-0.04430877339711932
COHFACE_s14_session3_natural,28,111,31.7,1.0578269958496094,-0.03518651422221943
COHFACE_s14_session3_natural,28,112,31.733333333333334,0.6795487403869629,-0.027534243098210405
COHFACE_s14_session3_natural,28,113,31.766666666666666,0.3784291446208954,-0.01960171406077128
COHFACE_s14_session3_natural,28,114,31.8,0.36023616790771484,-0.010152212834054231
COHFACE_s14_session3_natural,28,115,31.833333333333332,0.4607227146625519,0.0011857993156842903
COHFACE_s14_session3_natural,28,116,31.866666666666667,0.42787328362464905,0.01372943514990816
COHFACE_s14_session3_natural,28,117,31.9,0.23291920125484467,0.025872707287670136
COHFACE_s14_session3_natural,28,118,31.933333333333334,-0.00015517348947469145,0.035678277404362926
COHFACE_s14_session3_natural,28,119,31.966666666666665,-0.20473285019397736,0.041776585124226384
COHFACE_s14_session3_natural,28,120,32.0,-0.3722444474697113,0.04404038743334146
COHFACE_s14_session3_natural,28,121,32.03333333333333,-0.469636470079422,0.043488623300663
COHFACE_s14_session3_natural,28,122,32.06666666666667,-0.5180604457855225,0.04142213563685682
COHFACE_s14_session3_natural,28,123,32.1,-0.5877038836479187,0.03842891239768296
COHFACE_s14_session3_natural,28,124,32.13333333333333,-0.6856740117073059,0.0340225983732234
COHFACE_s14_session3_natural,28,125,32.166666666666664,-0.8039454817771912,0.02718935559509906
COHFACE_s14_session3_natural,28,126,32.2,-0.9004874229431152,0.017381477827281954
COHFACE_s14_session3_natural,28,127,32.233333333333334,-0.9457148313522339,0.005149728968012468
COHFACE_s14_session3_natural,28,128,32.266666666666666,-0.7844942808151245,-0.008014840185612226
COHFACE_s14_session3_natural,28,129,32.3,-0.10047169029712677,-0.02037936858026844
COHFACE_s14_session3_natural,28,130,32.333333333333336,0.8458361029624939,-0.03060326678563379
COHFACE_s14_session3_natural,28,131,32.36666666666667,1.3580623865127563,-0.0378686114756403
COHFACE_s14_session3_natural,28,132,32.4,1.3442901372909546,-0.041549321412979776
COHFACE_s14_session3_natural,28,133,32.43333333333333,1.1149224042892456,-0.040845278352542244
COHFACE_s14_session3_natural,28,134,32.46666666666667,0.7484440803527832,-0.03478780665414265
COHFACE_s14_session3_natural,28,135,32.5,0.41991597414016724,-0.0226758453712041
COHFACE_s14_session3_natural,28,136,32.53333333333333,0.36098429560661316,-0.004635267231591272
COHFACE_s14_session3_natural,28,137,32.56666666666667,0.46041664481163025,0.018091172519207846
COHFACE_s14_session3_natural,28,138,32.6,0.47898370027542114,0.043249353820475164
COHFACE_s14_session3_natural,28,139,32.63333333333333,0.3084796369075775,0.06787960301582381
COHFACE_s14_session3_natural,28,140,32.666666666666664,0.0665978193283081,0.08857417554842198
COHFACE_s14_session3_natural,28,141,32.7,-0.1503579020500183,0.1016534621671432
COHFACE_s14_session3_natural,28,142,32.733333333333334,-0.3167473077774048,0.10348425479176689
COHFACE_s14_session3_natural,28,143,32.766666666666666,-0.4258032441139221,0.0911864344909217
COHFACE_s14_session3_natural,28,144,32.8,-0.4698745012283325,0.06368190946167787
COHFACE_s14_session3_natural,28,145,32.833333333333336,-0.5371716022491455,0.022700999696766574
COHFACE_s14_session3_natural,28,146,32.86666666666667,-0.6344615817070007,-0.026742659009125213
COHFACE_s14_session3_natural,28,147,32.9,-0.7378726005554199,-0.0768176732069502
COHFACE_s14_session3_natural,28,148,32.93333333333333,-0.8499550819396973,-0.11850721634015805
COHFACE_s14_session3_natural,28,149,32.96666666666667,-0.9113351702690125,-0.14416596571185072
COHFACE_s14_session3_natural,28,150,33.0,-0.8190779685974121,-0.15003507928672072
COHFACE_s14_session3_natural,28,151,33.03333333333333,-0.23680013418197632,-0.13740559255941195
COHFACE_s14_session3_natural,28,152,33.06666666666667,0.6902264952659607,-0.1116846600406154
COHFACE_s14_session3_natural,28,153,33.1,1.2815498113632202,-0.07980029377158615
COHFACE_s14_session3_natural,28,154,33.13333333333333,1.3130390644073486,-0.04739285820112805
COHFACE_s14_session3_natural,28,155,33.166666666666664,1.0546305179595947,-0.017319417753937107
COHFACE_s14_session3_natural,28,156,33.2,0.6841394901275635,0.009998822462445942
COHFACE_s14_session3_natural,28,157,33.233333333333334,0.34109100699424744,0.03505887495085849
COHFACE_s14_session3_natural,28,158,33.266666666666666,0.2574712336063385,0.05774059363171051
COHFACE_s14_session3_natural,28,159,33.3,0.3909432291984558,0.07661784286064409
COHFACE_s14_session3_natural,28,160,33.333333333333336,0.44184958934783936,0.08936222278423868
COHFACE_s14_session3_natural,28,161,33.36666666666667,0.28800827264785767,0.0938806260312915
COHFACE_s14_session3_natural,28,162,33.4,0.05520594120025635,0.08946764988157865
COHFACE_s14_session3_natural,28,163,33.43333333333333,-0.15967543423175812,0.0772973029507903
COHFACE_s14_session3_natural,28,164,33.46666666666667,-0.30416521430015564,0.06000816267510038
COHFACE_s14_session3_natural,28,165,33.5,-0.42070239782333374,0.0407021765630654
COHFACE_s14_session3_natural,28,166,33.53333333333333,-0.4931003153324127,0.0220209509178922
COHFACE_s14_session3_natural,28,167,33.56666666666667,-0.5518280267715454,0.005783617066059566
COHFACE_s14_session3_natural,28,168,33.6,-0.6413647532463074,-0.0069380501395562505
COHFACE_s14_session3_natural,28,169,33.63333333333333,-0.7490944862365723,-0.015792880043089246
COHFACE_s14_session3_natural,28,170,33.666666666666664,-0.8245189189910889,-0.02132735463906007
COHFACE_s14_session3_natural,28,171,33.7,-0.8514173030853271,-0.02500300711404089
COHFACE_s14_session3_natural,28,172,33.733333333333334,-0.6477918028831482,-0.028662127828135424
COHFACE_s14_session3_natural,28,173,33.766666666666666,0.11274341493844986,-0.033522428195754995
COHFACE_s14_session3_natural,28,174,33.8,1.0521140098571777,-0.03930720859692225
COHFACE_s14_session3_natural,28,175,33.833333333333336,1.4642279148101807,-0.04418848636653208
COHFACE_s14_session3_natural,28,176,33.86666666666667,1.370848536491394,-0.045677513411532096
COHFACE_s14_session3_natural,28,177,33.9,1.0857796669006348,-0.041904348064922665
COHFACE_s14_session3_natural,28,178,33.93333333333333,0.682133138179779,-0.032477537867697616
COHFACE_s14_session3_natural,28,179,33.96666666666667,0.4084220826625824,-0.01847898855698633
COHFACE_s14_session3_natural,28,180,34.0,0.41175463795661926,-0.0018373732837742656
COHFACE_s14_session3_natural,28,181,34.03333333333333,0.5107109546661377,0.015282370066713893
COHFACE_s14_session3_natural,28,182,34.06666666666667,0.4888453483581543,0.03070212236962932
COHFACE_s14_session3_natural,28,183,34.1,0.3033107817173004,0.0422581087722597
COHFACE_s14_session3_natural,28,184,34.13333333333333,0.04412011429667473,0.04808630482150593
COHFACE_s14_session3_natural,28,185,34.166666666666664,-0.17229151725769043,0.047332307156943976
COHFACE_s14_session3_natural,28,186,34.2,-0.31450292468070984,0.04084553860151648
COHFACE_s14_session3_natural,28,187,34.233333333333334,-0.4082903563976288,0.031125087288129856
COHFACE_s14_session3_natural,28,188,34.266666666666666,-0.48881563544273376,0.021219389864719038
COHFACE_s14_session3_natural,28,189,34.3,-0.5634239315986633,0.013093509579298737
COHFACE_s14_session3_natural,28,190,34.333333333333336,-0.6747242212295532,0.006497102897376916
COHFACE_s14_session3_natural,28,191,34.36666666666667,-0.7814338207244873,-0.0008188108466620559
COHFACE_s14_session3_natural,28,192,34.4,-0.8421338200569153,-0.01152223528127124
COHFACE_s14_session3_natural,28,193,34.43333333333333,-0.7703819870948792,-0.026664060013497432
COHFACE_s14_session3_natural,28,194,34.46666666666667,-0.19517728686332703,-0.0444540626643174
COHFACE_s14_session3_natural,28,195,34.5,0.8223722577095032,-0.06065656454324722
COHFACE_s14_session3_natural,28,196,34.53333333333333,1.5455353260040283,-0.07038509883178934
COHFACE_s14_session3_natural,28,197,34.56666666666667,1.6919294595718384,-0.07021579585529272
COHFACE_s14_session3_natural,28,198,34.6,1.5145561695098877,-0.059464994338456256
COHFACE_s14_session3_natural,28,199,34.63333333333333,1.1601839065551758,-0.040133089180822694
COHFACE_s14_session3_natural,28,200,34.666666666666664,0.7266464829444885,-0.01587518131796322
COHFACE_s14_session3_natural,28,201,34.7,0.5378473997116089,0.009214455630461556
COHFACE_s14_session3_natural,28,202,34.733333333333334,0.6028320789337158,0.03147631101577477
COHFACE_s14_session3_natural,28,203,34.766666666666666,0.6473114490509033,0.048177687777940265
COHFACE_s14_session3_natural,28,204,34.8,0.5147916078567505,0.057764415563406606
COHFACE_s14_session3_natural,28,205,34.833333333333336,0.27505213022232056,0.05992854682496943
COHFACE_s14_session3_natural,28,206,34.86666666666667,-0.0034537166357040405,0.05547999179259956
COHFACE_s14_session3_natural,28,207,34.9,-0.2154446244239807,0.046058517927253684
COHFACE_s14_session3_natural,28,208,34.93333333333333,-0.3379327952861786,0.033810406734007044
COHFACE_s14_session3_natural,28,209,34.96666666666667,-0.4051278531551361,0.02111491942981847
COHFACE_s14_session3_natural,28,210,35.0,-0.4895637333393097,0.010257949753919094
COHFACE_s14_session3_natural,28,211,35.03333333333333,-0.5953211784362793,0.0029076844883047996
COHFACE_s14_session3_natural,28,212,35.06666666666667,-0.7190675139427185,-0.0004761954238047309
COHFACE_s14_session3_natural,28,213,35.1,-0.8165276050567627,-0.000905025797253043
COHFACE_s14_session3_natural,28,214,35.13333333333333,-0.8460784554481506,-0.0005096181203109325
COHFACE_s14_session3_natural,28,215,35.166666666666664,-0.641738772392273,-0.0016579812571086115
COHFACE_s14_session3_natural,28,216,35.2,0.16548609733581543,-0.005937946228053456
COHFACE_s14_session3_natural,28,217,35.233333333333334,1.2311534881591797,-0.013480841259217766
COHFACE_s14_session3_natural,28,218,35.266666666666666,1.8225789070129395,-0.022933219140617803
COHFACE_s14_session3_natural,28,219,35.3,1.8312163352966309,-0.03206212229521588
COHFACE_s14_session3_natural,28,220,35.333333333333336,1.6038209199905396,-0.03867097504379006
COHFACE_s14_session3_natural,28,221,35.36666666666667,1.2141847610473633,-0.04137574250345348
COHFACE_s14_session3_natural,28,222,35.4,0.7939095497131348,-0.039914665694496025
COHFACE_s14_session3_natural,28,223,35.43333333333333,0.6499298810958862,-0.03494382924284096
COHFACE_s14_session3_natural,28,224,35.46666666666667,0.7251842617988586,-0.02753232380650717
COHFACE_s14_session3_natural,28,225,35.5,0.6989319324493408,-0.018677561973705178
COHFACE_s14_session3_natural,28,226,35.53333333333333,0.4923478960990906,-0.009075280601729676
COHFACE_s14_session3_natural,28,227,35.56666666666667,0.21727661788463593,0.0008110379708617408
COHFACE_s14_session3_natural,28,228,35.6,-0.049157239496707916,0.01050326524374649
COHFACE_s14_session3_natural,28,229,35.63333333333333,-0.2538709342479706,0.019282562501929168
COHFACE_s14_session3_natural,28,230,35.666666666666664,-0.38414639234542847,0.02615744206371297
COHFACE_s14_session3_natural,28,231,35.7,-0.45059332251548767,0.03009417566032336
COHFACE_s14_session3_natural,28,232,35.733333333333334,-0.5393139123916626,0.0304360077215451
COHFACE_s14_session3_natural,28,233,35.766666666666666,-0.6790769696235657,0.027311339055659082
COHFACE_s14_session3_natural,28,234,35.8,-0.809182345867157,0.02178225184196783
COHFACE_s14_session3_natural,28,235,35.833333333333336,-0.9000113010406494,0.015579170697083032
COHFACE_s14_session3_natural,28,236,35.86666666666667,-0.9267397522926331,0.010491360402721313
COHFACE_s14_session3_natural,28,237,35.9,-0.6719697713851929,0.007686244313172769
COHFACE_s14_session3_natural,28,238,35.93333333333333,0.1894940435886383,0.007269186945878176
COHFACE_s14_session3_natural,28,239,35.96666666666667,1.248496413230896,0.00827325823751589
COHFACE_s14_session3_natural,29,0,29.0,-0.1794326901435852,-0.003932928393492079
COHFACE_s14_session3_natural,29,1,29.033333333333335,-0.4033595621585846,2.728689022777054
COHFACE_s14_session3_natural,29,2,29.066666666666666,-0.5727414488792419,5.037577819406706
COHFACE_s14_session3_natural,29,3,29.1,-0.6732959747314453,6.602672164432706
COHFACE_s14_session3_natural,29,4,29.133333333333333,-0.7442317008972168,7.281982518312939
COHFACE_s14_session3_natural,29,5,29.166666666666668,-0.8168676495552063,7.129644587670207
COHFACE_s14_session3_natural,29,6,29.2,-0.9165040254592896,6.352139875225489
COHFACE_s14_session3_natural,29,7,29.233333333333334,-1.0192348957061768,5.226900217558394
COHFACE_s14_session3_natural,29,8,29.266666666666666,-1.1023106575012207,4.018736798107312
COHFACE_s14_session3_natural,29,9,29.3,-1.1488982439041138,2.920875575891787
COHFACE_s14_session3_natural,29,10,29.333333333333332,-1.0010079145431519,2.031606519902382
COHFACE_s14_session3_natural,29,11,29.366666666666667,-0.30532142519950867,1.3632396619246772
COHFACE_s14_session3_natural,29,12,29.4,0.6289483904838562,0.8711393998684726
COHFACE_s14_session3_natural,29,13,29.433333333333334,1.0922746658325195,0.48829121767316597
COHFACE_s14_session3_natural,29,14,29.466666666666665,1.0548685789108276,0.15390445570992445
COHFACE_s14_session3_natural,29,15,29.5,0.800438642501831,-0.16987636673369197
COHFACE_s14_session3_natural,29,16,29.533333333333335,0.4155292510986328,-0.4937946472620056
COHFACE_s14_session3_natural,29,17,29.566666666666666,0.10750655084848404,-0.8069272347232023
COHFACE_s14_session3_natural,29,18,29.6,0.06714190542697906,-1.0872445545787894
COHFACE_s14_session3_natural,29,19,29.633333333333333,0.15633858740329742,-1.312772452050334
COHFACE_s14_session3_natural,29,20,29.666666666666668,0.1485513150691986,-1.469868790847855
COHFACE_s14_session3_natural,29,21,29.7,-0.027427664026618004,-1.5567590068698829
COHFACE_s14_session3_natural,29,22,29.733333333333334,-0.2568974494934082,-1.5823232197487043
COHFACE_s14_session3_natural,29,23,29.766666666666666,-0.4741252064704895,-1.56164716656635
COHFACE_s14_session3_natural,29,24,29.8,-0.6321832537651062,-1.5105843631168072
COHFACE_s14_session3_natural,29,25,29.833333333333332,-0.7172312140464783,-1.4413945852776808
COHFACE_s14_session3_natural,29,26,29.866666666666667,-0.7764349579811096,-1.360647755825435
COHFACE_s14_session3_natural,29,27,29.9,-0.8342785239219666,-1.269542197120885
COHFACE_s14_session3_natural,29,28,29.933333333333334,-0.9304463267326355,-1.166023877036812
COHFACE_s14_session3_natural,29,29,29.966666666666665,-1.0382781028747559,-1.0476388000363281
COHFACE_s14_session3_natural,29,30,30.0,-1.1281888484954834,-0.9138699904774488
COHFACE_s14_session3_natural,29,31,30.033333333333335,-1.1175111532211304,-0.7670528124897547
COHFACE_s14_session3_natural,29,32,30.066666666666666,-0.7648730874061584,-0.6118431357240002
COHFACE_s14_session3_natural,29,33,30.1,0.12151686102151871,-0.45396087232183735
COHFACE_s14_session3_natural,29,34,30.133333333333333,0.9811784029006958,-0.2989775301601241
COHFACE_s14_session3_natural,29,35,30.166666666666668,1.2736265659332275,-0.15154145843450834
COHFACE_s14_session3_natural,29,36,30.2,1.185041904449463,-0.0151402949663763
COHFACE_s14_session3_natural,29,37,30.233333333333334,0.9388074278831482,0.1076895415499704
COHFACE_s14_session3_natural,29,38,30.266666666666666,0.533358633518219,0.21500082891603595
COHFACE_s14_session3_natural,29,39,30.3,0.23189903795719147,0.30529574223076705
COHFACE_s14_session3_natural,29,40,30.333333333333332,0.21690256893634796,0.37778510762080025
COHFACE_s14_session3_natural,29,41,30.366666666666667,0.3100098967552185,0.43284302748489306
COHFACE_s14_session3_natural,29,42,30.4,0.2539346516132355,0.4721652387014718
COHFACE_s14_session3_natural,29,43,30.433333333333334,0.05088723078370094,0.4982531597249866
COHFACE_s14_session3_natural,29,44,30.466666666666665,-0.1892603039741516,0.5133863180332653
COHFACE_s14_session3_natural,29,45,30.5,-0.39213770627975464,0.5187453209356819
COHFACE_s14_session3_natural,29,46,30.533333333333335,-0.547441303730011,0.5143227975798786
COHFACE_s14_session3_natural,29,47,30.566666666666666,-0.6410247087478638,0.4997055579276841
COHFACE_s14_session3_natural,29,48,30.6,-0.6796210408210754,0.4751291869411075
COHFACE_s14_session3_natural,29,49,30.633333333333333,-0.7400490045547485,0.4419758019145522
COHFACE_s14_session3_natural,29,50,30.666666666666668,-0.8527435660362244,0.4023677501699493
COHFACE_s14_session3_natural,29,51,30.7,-0.9557805061340332,0.3582705838701934
COHFACE_s14_session3_natural,29,52,30.733333333333334,-1.0172966718673706,0.3109042241149786
COHFACE_s14_session3_natural,29,53,30.766666666666666,-1.0087271928787231,0.26096045437166226
COHFACE_s14_session3_natural,29,54,30.8,-0.640548586845398,0.2093561462257417
COHFACE_s14_session3_natural,29,55,30.833333333333332,0.2884843349456787,0.1577441404362048
COHFACE_s14_session3_natural,29,56,30.866666666666667,1.1101956367492676,0.10827424252420614
COHFACE_s14_session3_natural,29,57,30.9,1.3692842721939087,0.06281082756475123
COHFACE_s14_session3_natural,29,58,30.933333333333334,1.2564877271652222,0.022294896510326498
COHFACE_s14_session3_natural,29,59,30.966666666666665,0.9823685884475708,-0.013188023200889343
COHFACE_s14_session3_natural,29,60,31.0,0.6015058755874634,-0.04370543189027876
COHFACE_s14_session3_natural,29,61,31.033333333333335,0.3288149833679199,-0.06878423116222372
COHFACE_s14_session3_natural,29,62,31.066666666666666,0.3190893828868866,-0.08737229378721194
COHFACE_s14_session3_natural,29,63,31.1,0.3906371593475342,-0.09858489232618642
COHFACE_s14_session3_natural,29,64,31.133333333333333,0.32609453797340393,-0.10275248582891634
COHFACE_s14_session3_natural,29,65,31.166666666666668,0.11913646757602692,-0.10204837246526925
COHFACE_s14_session3_natural,29,66,31.2,-0.12067101150751114,-0.10028407685784818
COHFACE_s14_session3_natural,29,67,31.233333333333334,-0.305355429649353,-0.10195986741549593
COHFACE_s14_session3_natural,29,68,31.266666666666666,-0.44246599078178406,-0.1109232837341017
COHFACE_s14_session3_natural,29,69,31.3,-0.5292482972145081,-0.12900523778165032
COHFACE_s14_session3_natural,29,70,31.333333333333332,-0.579338550567627,-0.1549769194158826
COHFACE_s14_session3_natural,29,71,31.366666666666667,-0.6563951969146729,-0.18424929753654676
COHFACE_s14_session3_natural,29,72,31.4,-0.7640909552574158,-0.20980271875183001
COHFACE_s14_session3_natural,29,73,31.433333333333334,-0.8916459679603577,-0.2244275572980434
COHFACE_s14_session3_natural,29,74,31.466666666666665,-0.9734293818473816,-0.22341085179297443
COHFACE_s14_session3_natural,29,75,31.5,-0.9833250641822815,-0.2062200665848485
COHFACE_s14_session3_natural,29,76,31.533333333333335,-0.7015886306762695,-0.1762757180306803
COHFACE_s14_session3_natural,29,77,31.566666666666666,0.14742912352085114,-0.13911626291525403
COHFACE_s14_session3_natural,29,78,31.6,1.0531342029571533,-0.10016239876437269
COHFACE_s14_session3_natural,29,79,31.633333333333333,1.4052622318267822,-0.06327432753147993
COHFACE_s14_session3_natural,29,80,31.666666666666668,1.3195340633392334,-0.03045577933480838
COHFACE_s14_session3_natural,29,81,31.7,1.0578269958496094,-0.002244272576924468
COHFACE_s14_session3_natural,29,82,31.733333333333334,0.6795487403869629,0.021759841897802217
COHFACE_s14_session3_natural,29,83,31.766666666666666,0.3784291446208954,0.04241167373796115
COHFACE_s14_session3_natural,29,84,31.8,0.36023616790771484,0.06055494593392827
COHFACE_s14_session3_natural,29,85,31.833333333333332,0.4607227146625519,0.07657852325794184
COHFACE_s14_session3_natural,29,86,31.866666666666667,0.42787328362464905,0.09013340112063639
COHFACE_s14_session3_natural,29,87,31.9,0.23291920125484467,0.10021405496754494
COHFACE_s14_session3_natural,29,88,31.933333333333334,-0.00015517348947469145,0.10570819189795116
COHFACE_s14_session3_natural,29,89,31.966666666666665,-0.20473285019397736,0.10619715932578072
COHFACE_s14_session3_natural,29,90,32.0,-0.3722444474697113,0.10242446334549277
COHFACE_s14_session3_natural,29,91,32.03333333333333,-0.469636470079422,0.09593883412203068
COHFACE_s14_session3_natural,29,92,32.06666666666667,-0.5180604457855225,0.08811993500681976
COHFACE_s14_session3_natural,29,93,32.1,-0.5877038836479187,0.07940403036990215
COHFACE_s14_session3_natural,29,94,32.13333333333333,-0.6856740117073059,0.06935518583553814
COHFACE_s14_session3_natural,29,95,32.166666666666664,-0.8039454817771912,0.05748523169549485
COHFACE_s14_session3_natural,29,96,32.2,-0.9004874229431152,0.044088326547786556
COHFACE_s14_session3_natural,29,97,32.233333333333334,-0.9457148313522339,0.030345680009045535
COHFACE_s14_session3_natural,29,98,32.266666666666666,-0.7844942808151245,0.017608522144650713
COHFACE_s14_session3_natural,29,99,32.3,-0.10047169029712677,0.006488835815831879
COHFACE_s14_session3_natural,29,100,32.333333333333336,0.8458361029624939,-0.003453782413139518
COHFACE_s14_session3_natural,29,101,32.36666666666667,1.3580623865127563,-0.013109143437238903
COHFACE_s14_session3_natural,29,102,32.4,1.3442901372909546,-0.022694607151289195
COHFACE_s14_session3_natural,29,103,32.43333333333333,1.1149224042892456,-0.03094674936615687
COHFACE_s14_session3_natural,29,104,32.46666666666667,0.7484440803527832,-0.03528083528487798
COHFACE_s14_session3_natural,29,105,32.5,0.41991597414016724,-0.03292666969601294
COHFACE_s14_session3_natural,29,106,32.53333333333333,0.36098429560661316,-0.022392888653246817
COHFACE_s14_session3_natural,29,107,32.56666666666667,0.46041664481163025,-0.004432675371371321
COHFACE_s14_session3_natural,29,108,32.6,0.47898370027542114,0.01788418466458423
COHFACE_s14_session3_natural,29,109,32.63333333333333,0.3084796369075775,0.039816404547137495
COHFACE_s14_session3_natural,29,110,32.666666666666664,0.0665978193283081,0.05593478296776237
COHFACE_s14_session3_natural,29,111,32.7,-0.1503579020500183,0.06120871909451385
COHFACE_s14_session3_natural,29,112,32.733333333333334,-0.3167473077774048,0.052138310704752736
COHFACE_s14_session3_natural,29,113,32.766666666666666,-0.4258032441139221,0.02785322212672917
COHFACE_s14_session3_natural,29,114,32.8,-0.4698745012283325,-0.009121132800746128
COHFACE_s14_session3_natural,29,115,32.833333333333336,-0.5371716022491455,-0.052858390092310054
COHFACE_s14_session3_natural,29,116,32.86666666666667,-0.6344615817070007,-0.0950252829537653
COHFACE_s14_session3_natural,29,117,32.9,-0.7378726005554199,-0.1267725775450638
COHFACE_s14_session3_natural,29,118,32.93333333333333,-0.8499550819396973,-0.14113945603677772
COHFACE_s14_session3_natural,29,119,32.96666666666667,-0.9113351702690125,-0.13525916155812673
COHFACE_s14_session3_natural,29,120,33.0,-0.8190779685974121,-0.11133612347624672
COHFACE_s14_session3_natural,29,121,33.03333333333333,-0.23680013418197632,-0.07568125734038966
COHFACE_s14_session3_natural,29,122,33.06666666666667,0.6902264952659607,-0.036242354412114625
COHFACE_s14_session3_natural,29,123,33.1,1.2815498113632202,6.405296669257215e-06
COHFACE_s14_session3_natural,29,124,33.13333333333333,1.3130390644073486,0.028680871778643886
COHFACE_s14_session3_natural,29,125,33.166666666666664,1.0546305179595947,0.04832927213681143
COHFACE_s14_session3_natural,29,126,33.2,0.6841394901275635,0.059784229756339645
COHFACE_s14_session3_natural,29,127,33.233333333333334,0.34109100699424744,0.06498882650863427
COHFACE_s14_session3_natural,29,128,33.266666666666666,0.2574712336063385,0.06582274215302068
COHFACE_s14_session3_natural,29,129,33.3,0.3909432291984558,0.06340013385950038
COHFACE_s14_session3_natural,29,130,33.333333333333336,0.44184958934783936,0.05806033751386564
COHFACE_s14_session3_natural,29,131,33.36666666666667,0.28800827264785767,0.049898984032757714
COHFACE_s14_session3_natural,29,132,33.4,0.05520594120025635,0.039382314399439934
COHFACE_s14_session3_natural,29,133,33.43333333333333,-0.15967543423175812,0.027577091533840883
COHFACE_s14_session3_natural,29,134,33.46666666666667,-0.30416521430015564,0.015866984380122205
COHFACE_s14_session3_natural,29,135,33.5,-0.42070239782333374,0.005449792028484154
COHFACE_s14_session3_natural,29,136,33.53333333333333,-0.4931003153324127,-0.0029293708334740664
COHFACE_s14_session3_natural,29,137,33.56666666666667,-0.5518280267715454,-0.008817903489907814
COHFACE_s14_session3_natural,29,138,33.6,-0.6413647532463074,-0.011778345865241523
COHFACE_s14_session3_natural,29,139,33.63333333333333,-0.7490944862365723,-0.01147792934890427
COHFACE_s14_session3_natural,29,140,33.666666666666664,-0.8245189189910889,-0.008186035824045014
COHFACE_s14_session3_natural,29,141,33.7,-0.8514173030853271,-0.0031789392080691084
COHFACE_s14_session3_natural,29,142,33.733333333333334,-0.6477918028831482,0.0014659001507400914
COHFACE_s14_session3_natural,29,143,33.766666666666666,0.11274341493844986,0.003720279677267858
COHFACE_s14_session3_natural,29,144,33.8,1.0521140098571777,0.002588768114140165
COHFACE_s14_session3_natural,29,145,33.833333333333336,1.4642279148101807,-0.0014413114144881576
COHFACE_s14_session3_natural,29,146,33.86666666666667,1.370848536491394,-0.0067603389138446044
COHFACE_s14_session3_natural,29,147,33.9,1.0857796669006348,-0.01149543133747789
COHFACE_s14_session3_natural,29,148,33.93333333333333,0.682133138179779,-0.014255565218886265
COHFACE_s14_session3_natural,29,149,33.96666666666667,0.4084220826625824,-0.01435601919427431
COHFACE_s14_session3_natural,29,150,34.0,0.41175463795661926,-0.011653598025765034
COHFACE_s14_session3_natural,29,151,34.03333333333333,0.5107109546661377,-0.006458819407027759
COHFACE_s14_session3_natural,29,152,34.06666666666667,0.4888453483581543,0.00024253830606210566
COHFACE_s14_session3_natural,29,153,34.1,0.3033107817173004,0.006558338827352112
COHFACE_s14_session3_natural,29,154,34.13333333333333,0.04412011429667473,0.010025063216405667
COHFACE_s14_session3_natural,29,155,34.166666666666664,-0.17229151725769043,0.008733813201618257
COHFACE_s14_session3_natural,29,156,34.2,-0.31450292468070984,0.0026546074760555914
COHFACE_s14_session3_natural,29,157,34.233333333333334,-0.4082903563976288,-0.005898366052112593
COHFACE_s14_session3_natural,29,158,34.266666666666666,-0.48881563544273376,-0.013230522158968564
COHFACE_s14_session3_natural,29,159,34.3,-0.5634239315986633,-0.01621646868712305
COHFACE_s14_session3_natural,29,160,34.333333333333336,-0.6747242212295532,-0.014080644980874092
COHFACE_s14_session3_natural,29,161,34.36666666666667,-0.7814338207244873,-0.008893365267922984
COHFACE_s14_session3_natural,29,162,34.4,-0.8421338200569153,-0.0044183729220944445
COHFACE_s14_session3_natural,29,163,34.43333333333333,-0.7703819870948792,-0.003953962734219794
COHFACE_s14_session3_natural,29,164,34.46666666666667,-0.19517728686332703,-0.008453562775914872
COHFACE_s14_session3_natural,29,165,34.5,0.8223722577095032,-0.01603746872114464
COHFACE_s14_session3_natural,29,166,34.53333333333333,1.5455353260040283,-0.023067445174961006
COHFACE_s14_session3_natural,29,167,34.56666666666667,1.6919294595718384,-0.02597919070183401
COHFACE_s14_session3_natural,29,168,34.6,1.5145561695098877,-0.02277837928871949
COHFACE_s14_session3_natural,29,169,34.63333333333333,1.1601839065551758,-0.013548969210982812
COHFACE_s14_session3_natural,29,170,34.666666666666664,0.7266464829444885,-5.254264383592899e-05
COHFACE_s14_session3_natural,29,171,34.7,0.5378473997116089,0.015051968025279581
COHFACE_s14_session3_natural,29,172,34.733333333333334,0.6028320789337158,0.028935347468083395
COHFACE_s14_session3_natural,29,173,34.766666666666666,0.6473114490509033,0.03916064042370915
COHFACE_s14_session3_natural,29,174,34.8,0.5147916078567505,0.044101595205214186
COHFACE_s14_session3_natural,29,175,34.833333333333336,0.27505213022232056,0.04319325694226209
COHFACE_s14_session3_natural,29,176,34.86666666666667,-0.0034537166357040405,0.036968282731509164
COHFACE_s14_session3_natural,29,177,34.9,-0.2154446244239807,0.026888125032338447
COHFACE_s14_session3_natural,29,178,34.93333333333333,-0.3379327952861786,0.015049334490011739
COHFACE_s14_session3_natural,29,179,34.96666666666667,-0.4051278531551361,0.003825849673925008
COHFACE_s14_session3_natural,29,180,35.0,-0.4895637333393097,-0.004599362663333364
COHFACE_s14_session3_natural,29,181,35.03333333333333,-0.5953211784362793,-0.008840897425645686
COHFACE_s14_session3_natural,29,182,35.06666666666667,-0.7190675139427185,-0.008842361683323365
COHFACE_s14_session3_natural,29,183,35.1,-0.8165276050567627,-0.0059619875209945125
COHFACE_s14_session3_natural,29,184,35.13333333333333,-0.8460784554481506,-0.002444442208726348
COHFACE_s14_session3_natural,29,185,35.166666666666664,-0.641738772392273,-0.0004968356542790701
COHFACE_s14_session3_natural,29,186,35.2,0.16548609733581543,-0.001422804315755003
COHFACE_s14_session3_natural,29,187,35.233333333333334,1.2311534881591797,-0.005224665246582403
COHFACE_s14_session3_natural,29,188,35.266666666666666,1.8225789070129395,-0.010816162134520723
COHFACE_s14_session3_natural,29,189,35.3,1.8312163352966309,-0.01665398053180052
COHFACE_s14_session3_natural,29,190,35.333333333333336,1.6038209199905396,-0.021385086680626553
COHFACE_s14_session3_natural,29,191,35.36666666666667,1.2141847610473633,-0.024165285880567374
COHFACE_s14_session3_natural,29,192,35.4,0.7939095497131348,-0.024606772410319888
COHFACE_s14_session3_natural,29,193,35.43333333333333,0.6499298810958862,-0.022595315740465492
COHFACE_s14_session3_natural,29,194,35.46666666666667,0.7251842617988586,-0.01823912534116862
COHFACE_s14_session3_natural,29,195,35.5,0.6989319324493408,-0.012000938689486004
COHFACE_s14_session3_natural,29,196,35.53333333333333,0.4923478960990906,-0.004826513593235792
COHFACE_s14_session3_natural,29,197,35.56666666666667,0.21727661788463593,0.0019695981106431565
COHFACE_s14_session3_natural,29,198,35.6,-0.049157239496707916,0.007106721440380216
COHFACE_s14_session3_natural,29,199,35.63333333333333,-0.2538709342479706,0.009832828559184277
COHFACE_s14_session3_natural,29,200,35.666666666666664,-0.38414639234542847,0.010245471793170993
COHFACE_s14_session3_natural,29,201,35.7,-0.45059332251548767,0.00928094147272982
COHFACE_s14_session3_natural,29,202,35.733333333333334,-0.5393139123916626,0.008378272382146786
COHFACE_s14_session3_natural,29,203,35.766666666666666,-0.6790769696235657,0.008935912489964276
COHFACE_s14_session3_natural,29,204,35.8,-0.809182345867157,0.011707563154276979
COHFACE_s14_session3_natural,29,205,35.833333333333336,-0.9000113010406494,0.016314019863086643
COHFACE_s14_session3_natural,29,206,35.86666666666667,-0.9267397522926331,0.021120668629579776
COHFACE_s14_session3_natural,29,207,35.9,-0.6719697713851929,0.023710280333438326
COHFACE_s14_session3_natural,29,208,35.93333333333333,0.1894940435886383,0.021934847761317464
COHFACE_s14_session3_natural,29,209,35.96666666666667,1.248496413230896,0.015115716636703544
COHFACE_s14_session3_natural,29,210,36.0,1.768578052520752,0.00465022426268257
COHFACE_s14_session3_natural,29,211,36.03333333333333,1.7375309467315674,-0.006509931801075119
COHFACE_s14_session3_natural,29,212,36.06666666666667,1.4630377292633057,-0.015266683512091312
COHFACE_s14_session3_natural,29,213,36.1,1.0015137195587158,-0.019762870069547064
COHFACE_s14_session3_natural,29,214,36.13333333333333,0.6129657626152039,-0.01992786758375939
COHFACE_s14_session3_natural,29,215,36.166666666666664,0.5535579919815063,-0.017031418230225186
COHFACE_s14_session3_natural,29,216,36.2,0.6273161172866821,-0.0127588006836674
COHFACE_s14_session3_natural,29,217,36.233333333333334,0.5803543925285339,-0.008501078335500178
COHFACE_s14_session3_natural,29,218,36.266666666666666,0.3410229980945587,-0.0051697927676170735
COHFACE_s14_session3_natural,29,219,36.3,0.04010745510458946,-0.0033265423810405217
COHFACE_s14_session3_natural,29,220,36.333333333333336,-0.22278982400894165,-0.003245437733746987
COHFACE_s14_session3_natural,29,221,36.36666666666667,-0.40570592880249023,-0.004758589421735243
COHFACE_s14_session3_natural,29,222,36.4,-0.5131296515464783,-0.007097653698942698
COHFACE_s14_session3_natural,29,223,36.43333333333333,-0.5768561363220215,-0.00905563260807366
COHFACE_s14_session3_natural,29,224,36.46666666666667,-0.6536747813224792,-0.009502480508425164
COHFACE_s14_session3_natural,29,225,36.5,-0.7833721041679382,-0.007922318067696475
COHFACE_s14_session3_natural,29,226,36.53333333333333,-0.940001904964447,-0.00458897858821995
COHFACE_s14_session3_natural,29,227,36.56666666666667,-1.0460994243621826,-0.0002737128138560009
COHFACE_s14_session3_natural,29,228,36.6,-1.0831995010375977,0.004263376163289874
COHFACE_s14_session3_natural,29,229,36.63333333333333,-0.9326226711273193,0.008598754955740594
COHFACE_s14_session3_natural,29,230,36.666666666666664,-0.21598871052265167,0.012577877545497869
COHFACE_s14_session3_natural,29,231,36.7,0.8733806610107422,0.01599372238554876
COHFACE_s14_session3_natural,29,232,36.733333333333334,1.5521323680877686,0.01836564112046724
COHFACE_s14_session3_natural,29,233,36.766666666666666,1.6070854663848877,0.019078940639668935
COHFACE_s14_session3_natural,29,234,36.8,1.363979458808899,0.017801752115159962
COHFACE_s14_session3_natural,29,235,36.833333333333336,0.9361209869384766,0.014818939503413025
COHFACE_s14_session3_natural,29,236,36.86666666666667,0.4935041069984436,0.010977464893855678
COHFACE_s14_session3_natural,29,237,36.9,0.36370474100112915,0.007244872610702705
COHFACE_s14_session3_natural,29,238,36.93333333333333,0.4771474003791809,0.004179251667656991
COHFACE_s14_session3_natural,29,239,36.96666666666667,0.49554443359375,0.0016771337990726615
COHFACE_s14_session3_natural,30,0,30.0,-1.1281888484954834,0.005533640862461971
COHFACE_s14_session3_natural,30,1,30.033333333333335,-1.1175111532211304,2.708806794255289
COHFACE_s14_session3_natural,30,2,30.066666666666666,-0.7648730874061584,4.993116477588945
COHFACE_s14_session3_natural,30,3,30.1,0.12151686102151871,6.541725207451492
COHFACE_s14_session3_natural,30,4,30.133333333333333,0.9811784029006958,7.213205116886763
COHFACE_s14_session3_natural,30,5,30.166666666666668,1.2736265659332275,7.059640233787835
COHFACE_s14_session3_natural,30,6,30.2,1.185041904449463,6.284159519611357
COHFACE_s14_session3_natural,30,7,30.233333333333334,0.9388074278831482,5.161367589121154
COHFACE_s14_session3_natural,30,8,30.266666666666666,0.533358633518219,3.9551773256495637
COHFACE_s14_session3_natural,30,9,30.3,0.23189903795719147,2.8601312959665965
COHFACE_s14_session3_natural,30,10,30.333333333333332,0.21690256893634796,1.9771532670086933
COHFACE_s14_session3_natural,30,11,30.366666666666667,0.3100098967552185,1.3209656248136201
COHFACE_s14_session3_natural,30,12,30.4,0.2539346516132355,0.847710853169337
COHFACE_s14_session3_natural,30,13,30.433333333333334,0.05088723078370094,0.48880492014659943
COHFACE_s14_session3_natural,30,14,30.466666666666665,-0.1892603039741516,0.1796996921390806
COHFACE_s14_session3_natural,30,15,30.5,-0.39213770627975464,-0.12252790527002466
COHFACE_s14_session3_natural,30,16,30.533333333333335,-0.547441303730011,-0.4336697654382018
COHFACE_s14_session3_natural,30,17,30.566666666666666,-0.6410247087478638,-0.7463437680547829
COHFACE_s14_session3_natural,30,18,30.6,-0.6796210408210754,-1.0392928046299537
COHFACE_s14_session3_natural,30,19,30.633333333333333,-0.7400490045547485,-1.2879918009564957
COHFACE_s14_session3_natural,30,20,30.666666666666668,-0.8527435660362244,-1.473455553061182
COHFACE_s14_session3_natural,30,21,30.7,-0.9557805061340332,-1.587341771830871
COHFACE_s14_session3_natural,30,22,30.733333333333334,-1.0172966718673706,-1.632683071671404
COHFACE_s14_session3_natural,30,23,30.766666666666666,-1.0087271928787231,-1.6208730523284283
COHFACE_s14_session3_natural,30,24,30.8,-0.640548586845398,-1.566728822914513
COHFACE_s14_session3_natural,30,25,30.833333333333332,0.2884843349456787,-1.483911328464614
COHFACE_s14_session3_natural,30,26,30.866666666666667,1.1101956367492676,-1.3822971085320648
COHFACE_s14_session3_natural,30,27,30.9,1.3692842721939087,-1.2675795371649836
COHFACE_s14_session3_natural,30,28,30.933333333333334,1.2564877271652222,-1.1423069514476647
COHFACE_s14_session3_natural,30,29,30.966666666666665,0.9823685884475708,-1.0072772524451914
COHFACE_s14_session3_natural,30,30,31.0,0.6015058755874634,-0.862675014630844
COHFACE_s14_session3_natural,30,31,31.033333333333335,0.3288149833679199,-0.7089479093725054
COHFACE_s14_session3_natural,30,32,31.066666666666666,0.3190893828868866,-0.5476003889607434
COHFACE_s14_session3_natural,30,33,31.1,0.3906371593475342,-0.38187679944272523
COHFACE_s14_session3_natural,30,34,31.133333333333333,0.32609453797340393,-0.21707459288831937
COHFACE_s14_session3_natural,30,35,31.166666666666668,0.11913646757602692,-0.06022411430737187
COHFACE_s14_session3_natural,30,36,31.2,-0.12067101150751114,0.08088166936958709
COHFACE_s14_session3_natural,30,37,31.233333333333334,-0.305355429649353,0.19905594267063936
COHFACE_s14_session3_natural,30,38,31.266666666666666,-0.44246599078178406,0.2891610118163869
COHFACE_s14_session3_natural,30,39,31.3,-0.5292482972145081,0.3493699694511799
COHFACE_s14_session3_natural,30,40,31.333333333333332,-0.579338550567627,0.3820149115049761
COHFACE_s14_session3_natural,30,41,31.366666666666667,-0.6563951969146729,0.39363907770102563
COHFACE_s14_session3_natural,30,42,31.4,-0.7640909552574158,0.39371332631648503
COHFACE_s14_session3_natural,30,43,31.433333333333334,-0.8916459679603577,0.3918740702585554
COHFACE_s14_session3_natural,30,44,31.466666666666665,-0.9734293818473816,0.39461183291543134
COHFACE_s14_session3_natural,30,45,31.5,-0.9833250641822815,0.40311190083118553
COHFACE_s14_session3_natural,30,46,31.533333333333335,-0.7015886306762695,0.41349783246104904
COHFACE_s14_session3_natural,30,47,31.566666666666666,0.14742912352085114,0.4193396813659279
COHFACE_s14_session3_natural,30,48,31.6,1.0531342029571533,0.4149624387796675
COHFACE_s14_session3_natural,30,49,31.633333333333333,1.4052622318267822,0.39777370279786994
COHFACE_s14_session3_natural,30,50,31.666666666666668,1.3195340633392334,0.3687411555370813
COHFACE_s14_session3_natural,30,51,31.7,1.0578269958496094,0.33137917975348546
COHFACE_s14_session3_natural,30,52,31.733333333333334,0.6795487403869629,0.29015143170052243
COHFACE_s14_session3_natural,30,53,31.766666666666666,0.3784291446208954,0.2490274364372995
COHFACE_s14_session3_natural,30,54,31.8,0.36023616790771484,0.21052768572290215
COHFACE_s14_session3_natural,30,55,31.833333333333332,0.4607227146625519,0.17530806235877477
COHFACE_s14_session3_natural,30,56,31.866666666666667,0.42787328362464905,0.14227855597612296
COHFACE_s14_session3_natural,30,57,31.9,0.23291920125484467,0.1092840928118032
COHFACE_s14_session3_natural,30,58,31.933333333333334,-0.00015517348947469145,0.07428234905173614
COHFACE_s14_session3_natural,30,59,31.966666666666665,-0.20473285019397736,0.03664712746674931
COHFACE_s14_session3_natural,30,60,32.0,-0.3722444474697113,-0.0021121216520580844
COHFACE_s14_session3_natural,30,61,32.03333333333333,-0.469636470079422,-0.03882187605064315
COHFACE_s14_session3_natural,30,62,32.06666666666667,-0.5180604457855225,-0.0701827700457808
COHFACE_s14_session3_natural,30,63,32.1,-0.5877038836479187,-0.09445375938122282
COHFACE_s14_session3_natural,30,64,32.13333333333333,-0.6856740117073059,-0.11220307373000148
COHFACE_s14_session3_natural,30,65,32.166666666666664,-0.8039454817771912,-0.1256825706636907
COHFACE_s14_session3_natural,30,66,32.2,-0.9004874229431152,-0.13737949224057008
COHFACE_s14_session3_natural,30,67,32.233333333333334,-0.9457148313522339,-0.14881970266391578
COHFACE_s14_session3_natural,30,68,32.266666666666666,-0.7844942808151245,-0.16026960996044018
COHFACE_s14_session3_natural,30,69,32.3,-0.10047169029712677,-0.1711413642909821
COHFACE_s14_session3_natural,30,70,32.333333333333336,0.8458361029624939,-0.18045356290676798
COHFACE_s14_session3_natural,30,71,32.36666666666667,1.3580623865127563,-0.18689244322960455
COHFACE_s14_session3_natural,30,72,32.4,1.3442901372909546,-0.18858783373537188
COHFACE_s14_session3_natural,30,73,32.43333333333333,1.1149224042892456,-0.18310778217804677
COHFACE_s14_session3_natural,30,74,32.46666666666667,0.7484440803527832,-0.16801814309943036
COHFACE_s14_session3_natural,30,75,32.5,0.41991597414016724,-0.14186450802006761
COHFACE_s14_session3_natural,30,76,32.53333333333333,0.36098429560661316,-0.10507000219087038
COHFACE_s14_session3_natural,30,77,32.56666666666667,0.46041664481163025,-0.06026499843461953
COHFACE_s14_session3_natural,30,78,32.6,0.47898370027542114,-0.011929654143083814
COHFACE_s14_session3_natural,30,79,32.63333333333333,0.3084796369075775,0.0344029183918059
COHFACE_s14_session3_natural,30,80,32.666666666666664,0.0665978193283081,0.07306193865221208
COHFACE_s14_session3_natural,30,81,32.7,-0.1503579020500183,0.0991076116119765
COHFACE_s14_session3_natural,30,82,32.733333333333334,-0.3167473077774048,0.10913774698860067
COHFACE_s14_session3_natural,30,83,32.766666666666666,-0.4258032441139221,0.10201084511014426
COHFACE_s14_session3_natural,30,84,32.8,-0.4698745012283325,0.07932443250633028
COHFACE_s14_session3_natural,30,85,32.833333333333336,-0.5371716022491455,0.04541909358071345
COHFACE_s14_session3_natural,30,86,32.86666666666667,-0.6344615817070007,0.006804942071900981
COHFACE_s14_session3_natural,30,87,32.9,-0.7378726005554199,-0.02895976853573221
COHFACE_s14_session3_natural,30,88,32.93333333333333,-0.8499550819396973,-0.054887656707221476
COHFACE_s14_session3_natural,30,89,32.96666666666667,-0.9113351702690125,-0.06642813140722899
COHFACE_s14_session3_natural,30,90,33.0,-0.8190779685974121,-0.06285017128065072
COHFACE_s14_session3_natural,30,91,33.03333333333333,-0.23680013418197632,-0.0472685516842503
COHFACE_s14_session3_natural,30,92,33.06666666666667,0.6902264952659607,-0.025102374220411745
COHFACE_s14_session3_natural,30,93,33.1,1.2815498113632202,-0.0017270191938207437
COHFACE_s14_session3_natural,30,94,33.13333333333333,1.3130390644073486,0.019436929989555287
COHFACE_s14_session3_natural,30,95,33.166666666666664,1.0546305179595947,0.03747618376569512
COHFACE_s14_session3_natural,30,96,33.2,0.6841394901275635,0.05314193577379026
COHFACE_s14_session3_natural,30,97,33.233333333333334,0.34109100699424744,0.06736077949629249
COHFACE_s14_session3_natural,30,98,33.266666666666666,0.2574712336063385,0.08001175789239423
COHFACE_s14_session3_natural,30,99,33.3,0.3909432291984558,0.08953409859854032
COHFACE_s14_session3_natural,30,100,33.333333333333336,0.44184958934783936,0.09345301769731154
COHFACE_s14_session3_natural,30,101,33.36666666666667,0.28800827264785767,0.08950672043970218
COHFACE_s14_session3_natural,30,102,33.4,0.05520594120025635,0.07681438800178902
COHFACE_s14_session3_natural,30,103,33.43333333333333,-0.15967543423175812,0.056535190302414204
COHFACE_s14_session3_natural,30,104,33.46666666666667,-0.30416521430015564,0.03173951265929812
COHFACE_s14_session3_natural,30,105,33.5,-0.42070239782333374,0.006594035272342637
COHFACE_s14_session3_natural,30,106,33.53333333333333,-0.4931003153324127,-0.01476033978753026
COHFACE_s14_session3_natural,30,107,33.56666666666667,-0.5518280267715454,-0.029239858723772112
COHFACE_s14_session3_natural,30,108,33.6,-0.6413647532463074,-0.03556046147158744
COHFACE_s14_session3_natural,30,109,33.63333333333333,-0.7490944862365723,-0.03461328120955497
COHFACE_s14_session3_natural,30,110,33.666666666666664,-0.8245189189910889,-0.02928474845580783
COHFACE_s14_session3_natural,30,111,33.7,-0.8514173030853271,-0.023526155622840324
COHFACE_s14_session3_natural,30,112,33.733333333333334,-0.6477918028831482,-0.020851729195849093
COHFACE_s14_session3_natural,30,113,33.766666666666666,0.11274341493844986,-0.02290011387579732
COHFACE_s14_session3_natural,30,114,33.8,1.0521140098571777,-0.028786894654435145
COHFACE_s14_session3_natural,30,115,33.833333333333336,1.4642279148101807,-0.03561625907954041
COHFACE_s14_session3_natural,30,116,33.86666666666667,1.370848536491394,-0.039916111781259964
COHFACE_s14_session3_natural,30,117,33.9,1.0857796669006348,-0.03925191267223542
COHFACE_s14_session3_natural,30,118,33.93333333333333,0.682133138179779,-0.03316898651632875
COHFACE_s14_session3_natural,30,119,33.96666666666667,0.4084220826625824,-0.02303345537881795
COHFACE_s14_session3_natural,30,120,34.0,0.41175463795661926,-0.011074447531451172
COHFACE_s14_session3_natural,30,121,34.03333333333333,0.5107109546661377,0.0006050616717780241
COHFACE_s14_session3_natural,30,122,34.06666666666667,0.4888453483581543,0.010480727785332636
COHFACE_s14_session3_natural,30,123,34.1,0.3033107817173004,0.017549128749964275
COHFACE_s14_session3_natural,30,124,34.13333333333333,0.04412011429667473,0.02121668924699879
COHFACE_s14_session3_natural,30,125,34.166666666666664,-0.17229151725769043,0.021493060386220997
COHFACE_s14_session3_natural,30,126,34.2,-0.31450292468070984,0.019306032639369725
COHFACE_s14_session3_natural,30,127,34.233333333333334,-0.4082903563976288,0.01638767089794508
COHFACE_s14_session3_natural,30,128,34.266666666666666,-0.48881563544273376,0.014459601616564413
COHFACE_s14_session3_natural,30,129,34.3,-0.5634239315986633,0.014085369295539909
COHFACE_s14_session3_natural,30,130,34.333333333333336,-0.6747242212295532,0.013970741738290727
COHFACE_s14_session3_natural,30,131,34.36666666666667,-0.7814338207244873,0.011359578140705682
COHFACE_s14_session3_natural,30,132,34.4,-0.8421338200569153,0.003540221093783513
COHFACE_s14_session3_natural,30,133,34.43333333333333,-0.7703819870948792,-0.010279511160304896
COHFACE_s14_session3_natural,30,134,34.46666666666667,-0.19517728686332703,-0.027860749869406353
COHFACE_s14_session3_natural,30,135,34.5,0.8223722577095032,-0.04439493871970256
COHFACE_s14_session3_natural,30,136,34.53333333333333,1.5455353260040283,-0.054406028279349615
COHFACE_s14_session3_natural,30,137,34.56666666666667,1.6919294595718384,-0.05407318242893225
COHFACE_s14_session3_natural,30,138,34.6,1.5145561695098877,-0.04276779903201402
COHFACE_s14_session3_natural,30,139,34.63333333333333,1.1601839065551758,-0.023144010184082343
COHFACE_s14_session3_natural,30,140,34.666666666666664,0.7266464829444885,3.526540438336938e-05
COHFACE_s14_session3_natural,30,141,34.7,0.5378473997116089,0.021588854331142125
COHFACE_s14_session3_natural,30,142,34.733333333333334,0.6028320789337158,0.03739594989095124
COHFACE_s14_session3_natural,30,143,34.766666666666666,0.6473114490509033,0.04528472324700679
COHFACE_s14_session3_natural,30,144,34.8,0.5147916078567505,0.045244276212977615
COHFACE_s14_session3_natural,30,145,34.833333333333336,0.27505213022232056,0.03904073082365073
COHFACE_s14_session3_natural,30,146,34.86666666666667,-0.0034537166357040405,0.02944763471368645
COHFACE_s14_session3_natural,30,147,34.9,-0.2154446244239807,0.01938736984540054
COHFACE_s14_session3_natural,30,148,34.93333333333333,-0.3379327952861786,0.011265207094884079
COHFACE_s14_session3_natural,30,149,34.96666666666667,-0.4051278531551361,0.00661933585317501
COHFACE_s14_session3_natural,30,150,35.0,-0.4895637333393097,0.005980255949225386
COHFACE_s14_session3_natural,30,151,35.03333333333333,-0.5953211784362793,0.00876882081849128
COHFACE_s14_session3_natural,30,152,35.06666666666667,-0.7190675139427185,0.013267555809726371
COHFACE_s14_session3_natural,30,153,35.1,-0.8165276050567627,0.016898209767360135
COHFACE_s14_session3_natural,30,154,35.13333333333333,-0.8460784554481506,0.01694455567938614
COHFACE_s14_session3_natural,30,155,35.166666666666664,-0.641738772392273,0.011555888607493625
COHFACE_s14_session3_natural,30,156,35.2,0.16548609733581543,0.0006126125046286759
COHFACE_s14_session3_natural,30,157,35.233333333333334,1.2311534881591797,-0.01399652254489128
COHFACE_s14_session3_natural,30,158,35.266666666666666,1.8225789070129395,-0.028906472029176625
COHFACE_s14_session3_natural,30,159,35.3,1.8312163352966309,-0.04044315843680797
COHFACE_s14_session3_natural,30,160,35.333333333333336,1.6038209199905396,-0.045899214828905056
COHFACE_s14_session3_natural,30,161,35.36666666666667,1.2141847610473633,-0.044336985442389266
COHFACE_s14_session3_natural,30,162,35.4,0.7939095497131348,-0.03665365766585591
COHFACE_s14_session3_natural,30,163,35.43333333333333,0.6499298810958862,-0.02505191696511282
COHFACE_s14_session3_natural,30,164,35.46666666666667,0.7251842617988586,-0.01225118753428135
COHFACE_s14_session3_natural,30,165,35.5,0.6989319324493408,-0.000734164460720485
COHFACE_s14_session3_natural,30,166,35.53333333333333,0.4923478960990906,0.007803788514412463
COHFACE_s14_session3_natural,30,167,35.56666666666667,0.21727661788463593,0.012736270168339331
COHFACE_s14_session3_natural,30,168,35.6,-0.049157239496707916,0.014494798597286942
COHFACE_s14_session3_natural,30,169,35.63333333333333,-0.2538709342479706,0.01427642354998747
COHFACE_s14_session3_natural,30,170,35.666666666666664,-0.38414639234542847,0.013558219120177201
COHFACE_s14_session3_natural,30,171,35.7,-0.45059332251548767,0.013586706481685966
COHFACE_s14_session3_natural,30,172,35.733333333333334,-0.5393139123916626,0.015019454133636277
COHFACE_s14_session3_natural,30,173,35.766666666666666,-0.6790769696235657,0.017798518894590658
COHFACE_s14_session3_natural,30,174,35.8,-0.809182345867157,0.02118773172080273
COHFACE_s14_session3_natural,30,175,35.833333333333336,-0.9000113010406494,0.023875794503551408
COHFACE_s14_session3_natural,30,176,35.86666666666667,-0.9267397522926331,0.02419552915383683
COHFACE_s14_session3_natural,30,177,35.9,-0.6719697713851929,0.02061669200485791
COHFACE_s14_session3_natural,30,178,35.93333333333333,0.1894940435886383,0.012516774651932901
COHFACE_s14_session3_natural,30,179,35.96666666666667,1.248496413230896,0.0008887527840373945
COHFACE_s14_session3_natural,30,180,36.0,1.768578052520752,-0.011594437547212027
COHFACE_s14_session3_natural,30,181,36.03333333333333,1.7375309467315674,-0.021499934657783527
COHFACE_s14_session3_natural,30,182,36.06666666666667,1.4630377292633057,-0.02615770478780585
COHFACE_s14_session3_natural,30,183,36.1,1.0015137195587158,-0.024854276063386544
COHFACE_s14_session3_natural,30,184,36.13333333333333,0.6129657626152039,-0.018969876183786406
COHFACE_s14_session3_natural,30,185,36.166666666666664,0.5535579919815063,-0.011076123283883495
COHFACE_s14_session3_natural,30,186,36.2,0.6273161172866821,-0.0036778265585086295
COHFACE_s14_session3_natural,30,187,36.233333333333334,0.5803543925285339,0.0016086554708055838
COHFACE_s14_session3_natural,30,188,36.266666666666666,0.3410229980945587,0.004145534693199002
COHFACE_s14_session3_natural,30,189,36.3,0.04010745510458946,0.0039365273283331025
COHFACE_s14_session3_natural,30,190,36.333333333333336,-0.22278982400894165,0.0013407026281091385
COHFACE_s14_session3_natural,30,191,36.36666666666667,-0.40570592880249023,-0.002955814540955102
COHFACE_s14_session3_natural,30,192,36.4,-0.5131296515464783,-0.007889843232442538
COHFACE_s14_session3_natural,30,193,36.43333333333333,-0.5768561363220215,-0.012191706158267143
COHFACE_s14_session3_natural,30,194,36.46666666666667,-0.6536747813224792,-0.014806158177293251
COHFACE_s14_session3_natural,30,195,36.5,-0.7833721041679382,-0.015280354046454376
COHFACE_s14_session3_natural,30,196,36.53333333333333,-0.940001904964447,-0.013841159035693402
COHFACE_s14_session3_natural,30,197,36.56666666666667,-1.0460994243621826,-0.011137899869293274
COHFACE_s14_session3_natural,30,198,36.6,-1.0831995010375977,-0.00785757081816744
COHFACE_s14_session3_natural,30,199,36.63333333333333,-0.9326226711273193,-0.004468502955950122
COHFACE_s14_session3_natural,30,200,36.666666666666664,-0.21598871052265167,-0.0012094804350407684
COHFACE_s14_session3_natural,30,201,36.7,0.8733806610107422,0.0017593321536033373
COHFACE_s14_session3_natural,30,202,36.733333333333334,1.5521323680877686,0.0042344765238734785
COHFACE_s14_session3_natural,30,203,36.766666666666666,1.6070854663848877,0.006009408770068753
COHFACE_s14_session3_natural,30,204,36.8,1.363979458808899,0.007037717499781512
COHFACE_s14_session3_natural,30,205,36.833333333333336,0.9361209869384766,0.0075573593116894785
COHFACE_s14_session3_natural,30,206,36.86666666666667,0.4935041069984436,0.008058477938671134
COHFACE_s14_session3_natural,30,207,36.9,0.36370474100112915,0.00912154544105801
COHFACE_s14_session3_natural,30,208,36.93333333333333,0.4771474003791809,0.011250723272772031
COHFACE_s14_session3_natural,30,209,36.96666666666667,0.49554443359375,0.014794653897107405
COHFACE_s14_session3_natural,30,210,37.0,0.30310675501823425,0.019917484203947525
COHFACE_s14_session3_natural,30,211,37.03333333333333,0.01888796128332615,0.026519048038408183
COHFACE_s14_session3_natural,30,212,37.06666666666667,-0.2522386610507965,0.03409684447817173
COHFACE_s14_session3_natural,30,213,37.1,-0.46120306849479675,0.04164759098384828
COHFACE_s14_session3_natural,30,214,37.13333333333333,-0.5941649675369263,0.04767732924942764
COHFACE_s14_session3_natural,30,215,37.166666666666664,-0.6726838946342468,0.05031909584769267
COHFACE_s14_session3_natural,30,216,37.2,-0.7465440630912781,0.047571817744033545
COHFACE_s14_session3_natural,30,217,37.233333333333334,-0.8416917324066162,0.03771401430807385
COHFACE_s14_session3_natural,30,218,37.266666666666666,-0.9699608683586121,0.0199032244593512
COHFACE_s14_session3_natural,30,219,37.3,-1.076262354850769,-0.005149869043112291
COHFACE_s14_session3_natural,30,220,37.333333333333336,-1.1210477352142334,-0.03468051313758583
COHFACE_s14_session3_natural,30,221,37.36666666666667,-1.045045256614685,-0.0638907968644633
COHFACE_s14_session3_natural,30,222,37.4,-0.427945613861084,-0.08681821472598925
COHFACE_s14_session3_natural,30,223,37.43333333333333,0.63112473487854,-0.09808186282212016
COHFACE_s14_session3_natural,30,224,37.46666666666667,1.3499010801315308,-0.09497343945965964
COHFACE_s14_session3_natural,30,225,37.5,1.4288620948791504,-0.07885638557939037
COHFACE_s14_session3_natural,30,226,37.53333333333333,1.1603538990020752,-0.05484604887432377
COHFACE_s14_session3_natural,30,227,37.56666666666667,0.699135959148407,-0.029581216460298626
COHFACE_s14_session3_natural,30,228,37.6,0.2994341552257538,-0.008245739462415533
COHFACE_s14_session3_natural,30,229,37.63333333333333,0.2222074419260025,0.007337107011083297
COHFACE_s14_session3_natural,30,230,37.666666666666664,0.3406829535961151,0.018514437173480405
COHFACE_s14_session3_natural,30,231,37.7,0.36064422130584717,0.02797034975332764
COHFACE_s14_session3_natural,30,232,37.733333333333334,0.17925836145877838,0.03760394797589482
COHFACE_s14_session3_natural,30,233,37.766666666666666,-0.09312648326158524,0.04736403821985628
COHFACE_s14_session3_natural,30,234,37.8,-0.34255754947662354,0.055458796947101895
COHFACE_s14_session3_natural,30,235,37.833333333333336,-0.5247595310211182,0.059481659629723765
COHFACE_s14_session3_natural,30,236,37.86666666666667,-0.614534318447113,0.057634860093821884
COHFACE_s14_session3_natural,30,237,37.9,-0.6845178604125977,0.04944291929901129
COHFACE_s14_session3_natural,30,238,37.93333333333333,-0.7738845348358154,0.035826019172766066
COHFACE_s14_session3_natural,30,239,37.96666666666667,-0.8912718892097473,0.018769571754616566
COHFACE_s14_session3_natural,31,0,31.0,0.6015058755874634,0.012847415924516329
COHFACE_s14_session3_natural,31,1,31.033333333333335,0.3288149833679199,2.7032330874799797
COHFACE_s14_session3_natural,31,2,31.066666666666666,0.3190893828868866,4.9820091957019494
COHFACE_s14_session3_natural,31,3,31.1,0.3906371593475342,6.5377244313719
COHFACE_s14_session3_natural,31,4,31.133333333333333,0.32609453797340393,7.23043090052571
COHFACE_s14_session3_natural,31,5,31.166666666666668,0.11913646757602692,7.109015071342372
COHFACE_s14_session3_natural,31,6,31.2,-0.12067101150751114,6.369045178001202
COHFACE_s14_session3_natural,31,7,31.233333333333334,-0.305355429649353,5.274852000021166
COHFACE_s14_session3_natural,31,8,31.266666666666666,-0.44246599078178406,4.080122935758272
COHFACE_s14_session3_natural,31,9,31.3,-0.5292482972145081,2.9724418075498678
COHFACE_s14_session3_natural,31,10,31.333333333333332,-0.579338550567627,2.0517261136983405
COHFACE_s14_session3_natural,31,11,31.366666666666667,-0.6563951969146729,1.3387239040808843
COHFACE_s14_session3_natural,31,12,31.4,-0.7640909552574158,0.8013568814165455
COHFACE_s14_session3_natural,31,13,31.433333333333334,-0.8916459679603577,0.3850317291721613
COHFACE_s14_session3_natural,31,14,31.466666666666665,-0.9734293818473816,0.03684079035921446
COHFACE_s14_session3_natural,31,15,31.5,-0.9833250641822815,-0.28046700193335916
COHFACE_s14_session3_natural,31,16,31.533333333333335,-0.7015886306762695,-0.5840368988573522
COHFACE_s14_session3_natural,31,17,31.566666666666666,0.14742912352085114,-0.8730726916185023
COHFACE_s14_session3_natural,31,18,31.6,1.0531342029571533,-1.1347571013913598
COHFACE_s14_session3_natural,31,19,31.633333333333333,1.4052622318267822,-1.351776274869543
COHFACE_s14_session3_natural,31,20,31.666666666666668,1.3195340633392334,-1.509444804509606
COHFACE_s14_session3_natural,31,21,31.7,1.0578269958496094,-1.6005113938967404
COHFACE_s14_session3_natural,31,22,31.733333333333334,0.6795487403869629,-1.626604789260817
COHFACE_s14_session3_natural,31,23,31.766666666666666,0.3784291446208954,-1.5966480827821303
COHFACE_s14_session3_natural,31,24,31.8,0.36023616790771484,-1.5236013768989005
COHFACE_s14_session3_natural,31,25,31.833333333333332,0.4607227146625519,-1.421110610079089
COHFACE_s14_session3_natural,31,26,31.866666666666667,0.42787328362464905,-1.3010822005150775
COHFACE_s14_session3_natural,31,27,31.9,0.23291920125484467,-1.1724062616486812
COHFACE_s14_session3_natural,31,28,31.933333333333334,-0.00015517348947469145,-1.0405814988403463
COHFACE_s14_session3_natural,31,29,31.966666666666665,-0.20473285019397736,-0.9079913467450835
COHFACE_s14_session3_natural,31,30,32.0,-0.3722444474697113,-0.7747962941962186
COHFACE_s14_session3_natural,31,31,32.03333333333333,-0.469636470079422,-0.640405641340756
COHFACE_s14_session3_natural,31,32,32.06666666666667,-0.5180604457855225,-0.5051029131913491
COHFACE_s14_session3_natural,31,33,32.1,-0.5877038836479187,-0.37105443215199985
COHFACE_s14_session3_natural,31,34,32.13333333333333,-0.6856740117073059,-0.2421166242336474
COHFACE_s14_session3_natural,31,35,32.166666666666664,-0.8039454817771912,-0.12253308886556273
COHFACE_s14_session3_natural,31,36,32.2,-0.9004874229431152,-0.015330330304370154
COHFACE_s14_session3_natural,31,37,32.233333333333334,-0.9457148313522339,0.07858710753418204
COHFACE_s14_session3_natural,31,38,32.266666666666666,-0.7844942808151245,0.1601932091594523
COHFACE_s14_session3_natural,31,39,32.3,-0.10047169029712677,0.23131814176169405
COHFACE_s14_session3_natural,31,40,32.333333333333336,0.8458361029624939,0.29364600716770095
COHFACE_s14_session3_natural,31,41,32.36666666666667,1.3580623865127563,0.3483215954504418
COHFACE_s14_session3_natural,31,42,32.4,1.3442901372909546,0.3961249077436702
COHFACE_s14_session3_natural,31,43,32.43333333333333,1.1149224042892456,0.43769930988514905
COHFACE_s14_session3_natural,31,44,32.46666666666667,0.7484440803527832,0.4734176989478729
COHFACE_s14_session3_natural,31,45,32.5,0.41991597414016724,0.5029416780237749
COHFACE_s14_session3_natural,31,46,32.53333333333333,0.36098429560661316,0.5248963656928952
COHFACE_s14_session3_natural,31,47,32.56666666666667,0.46041664481163025,0.5370411235679644
COHFACE_s14_session3_natural,31,48,32.6,0.47898370027542114,0.5368978018496066
COHFACE_s14_session3_natural,31,49,32.63333333333333,0.3084796369075775,0.5224134771397432
COHFACE_s14_session3_natural,31,50,32.666666666666664,0.0665978193283081,0.49226176385016124
COHFACE_s14_session3_natural,31,51,32.7,-0.1503579020500183,0.4457746734404136
COHFACE_s14_session3_natural,31,52,32.733333333333334,-0.3167473077774048,0.3829005676280827
COHFACE_s14_session3_natural,31,53,32.766666666666666,-0.4258032441139221,0.3046150145118097
COHFACE_s14_session3_natural,31,54,32.8,-0.4698745012283325,0.2137719548098326
COHFACE_s14_session3_natural,31,55,32.833333333333336,-0.5371716022491455,0.11588271749513764
COHFACE_s14_session3_natural,31,56,32.86666666666667,-0.6344615817070007,0.01918283415896705
COHFACE_s14_session3_natural,31,57,32.9,-0.7378726005554199,-0.06644528293257962
COHFACE_s14_session3_natural,31,58,32.93333333333333,-0.8499550819396973,-0.13174314261078565
COHFACE_s14_session3_natural,31,59,32.96666666666667,-0.9113351702690125,-0.1709452758122929
COHFACE_s14_session3_natural,31,60,33.0,-0.8190779685974121,-0.1839146951463901
COHFACE_s14_session3_natural,31,61,33.03333333333333,-0.23680013418197632,-0.17620698330546
COHFACE_s14_session3_natural,31,62,33.06666666666667,0.6902264952659607,-0.15686121551455118
COHFACE_s14_session3_natural,31,63,33.1,1.2815498113632202,-0.1350628869108737
COHFACE_s14_session3_natural,31,64,33.13333333333333,1.3130390644073486,-0.11727575142319371
COHFACE_s14_session3_natural,31,65,33.166666666666664,1.0546305179595947,-0.10595050980572542
COHFACE_s14_session3_natural,31,66,33.2,0.6841394901275635,-0.10003749954256326
COHFACE_s14_session3_natural,31,67,33.233333333333334,0.34109100699424744,-0.09672419936606019
COHFACE_s14_session3_natural,31,68,33.266666666666666,0.2574712336063385,-0.0933890772566392
COHFACE_s14_session3_natural,31,69,33.3,0.3909432291984558,-0.08884945122085225
COHFACE_s14_session3_natural,31,70,33.333333333333336,0.44184958934783936,-0.0834967443829442
COHFACE_s14_session3_natural,31,71,33.36666666666667,0.28800827264785767,-0.07854887701303241
COHFACE_s14_session3_natural,31,72,33.4,0.05520594120025635,-0.0750590772087431
COHFACE_s14_session3_natural,31,73,33.43333333333333,-0.15967543423175812,-0.07330760110173706
COHFACE_s14_session3_natural,31,74,33.46666666666667,-0.30416521430015564,-0.07281295269191478
COHFACE_s14_session3_natural,31,75,33.5,-0.42070239782333374,-0.07272561257646294
COHFACE_s14_session3_natural,31,76,33.53333333333333,-0.4931003153324127,-0.07215119578787575
COHFACE_s14_session3_natural,31,77,33.56666666666667,-0.5518280267715454,-0.07016419597996137
COHFACE_s14_session3_natural,31,78,33.6,-0.6413647532463074,-0.06574515133175203
COHFACE_s14_session3_natural,31,79,33.63333333333333,-0.7490944862365723,-0.05804411529483494
COHFACE_s14_session3_natural,31,80,33.666666666666664,-0.8245189189910889,-0.046951179519741294
COHFACE_s14_session3_natural,31,81,33.7,-0.8514173030853271,-0.03346289874980199
COHFACE_s14_session3_natural,31,82,33.733333333333334,-0.6477918028831482,-0.019384314478843038
COHFACE_s14_session3_natural,31,83,33.766666666666666,0.11274341493844986,-0.006438859522635729
COHFACE_s14_session3_natural,31,84,33.8,1.0521140098571777,0.004608355086635461
COHFACE_s14_session3_natural,31,85,33.833333333333336,1.4642279148101807,0.01415129563762516
COHFACE_s14_session3_natural,31,86,33.86666666666667,1.370848536491394,0.023138548995582067
COHFACE_s14_session3_natural,31,87,33.9,1.0857796669006348,0.03219195667261902
COHFACE_s14_session3_natural,31,88,33.93333333333333,0.682133138179779,0.04118040930338672
COHFACE_s14_session3_natural,31,89,33.96666666666667,0.4084220826625824,0.04955537070233967
COHFACE_s14_session3_natural,31,90,34.0,0.41175463795661926,0.05701696956048533
COHFACE_s14_session3_natural,31,91,34.03333333333333,0.5107109546661377,0.06373612858639711
COHFACE_s14_session3_natural,31,92,34.06666666666667,0.4888453483581543,0.06981982394784755
COHFACE_s14_session3_natural,31,93,34.1,0.3033107817173004,0.07451666694170944
COHFACE_s14_session3_natural,31,94,34.13333333333333,0.04412011429667473,0.07604828810522163
COHFACE_s14_session3_natural,31,95,34.166666666666664,-0.17229151725769043,0.07251682883561024
COHFACE_s14_session3_natural,31,96,34.2,-0.31450292468070984,0.06333532626907531
COHFACE_s14_session3_natural,31,97,34.233333333333334,-0.4082903563976288,0.04999658252188057
COHFACE_s14_session3_natural,31,98,34.266666666666666,-0.48881563544273376,0.0354279801269841
COHFACE_s14_session3_natural,31,99,34.3,-0.5634239315986633,0.022271555538390667
COHFACE_s14_session3_natural,31,100,34.333333333333336,-0.6747242212295532,0.01127758242808328
COHFACE_s14_session3_natural,31,101,34.36666666666667,-0.7814338207244873,0.000990824863667933
COHFACE_s14_session3_natural,31,102,34.4,-0.8421338200569153,-0.010978879386584903
COHFACE_s14_session3_natural,31,103,34.43333333333333,-0.7703819870948792,-0.02591606505827843
COHFACE_s14_session3_natural,31,104,34.46666666666667,-0.19517728686332703,-0.04253758651054249
COHFACE_s14_session3_natural,31,105,34.5,0.8223722577095032,-0.057093866259723604
COHFACE_s14_session3_natural,31,106,34.53333333333333,1.5455353260040283,-0.06500146830894062
COHFACE_s14_session3_natural,31,107,34.56666666666667,1.6919294595718384,-0.06302257529170446
COHFACE_s14_session3_natural,31,108,34.6,1.5145561695098877,-0.05076354454747948
COHFACE_s14_session3_natural,31,109,34.63333333333333,1.1601839065551758,-0.03078855408739242
COHFACE_s14_session3_natural,31,110,34.666666666666664,0.7266464829444885,-0.007515286421469875
COHFACE_s14_session3_natural,31,111,34.7,0.5378473997116089,0.01434386292126402
COHFACE_s14_session3_natural,31,112,34.733333333333334,0.6028320789337158,0.031065020029140578
COHFACE_s14_session3_natural,31,113,34.766666666666666,0.6473114490509033,0.04058833168875296
COHFACE_s14_session3_natural,31,114,34.8,0.5147916078567505,0.042584004275012015
COHFACE_s14_session3_natural,31,115,34.833333333333336,0.27505213022232056,0.03807428853924019
COHFACE_s14_session3_natural,31,116,34.86666666666667,-0.0034537166357040405,0.028857156565140842
COHFACE_s14_session3_natural,31,117,34.9,-0.2154446244239807,0.01698175164348576
COHFACE_s14_session3_natural,31,118,34.93333333333333,-0.3379327952861786,0.004435012983678518
COHFACE_s14_session3_natural,31,119,34.96666666666667,-0.4051278531551361,-0.006974941572217604
COHFACE_s14_session3_natural,31,120,35.0,-0.4895637333393097,-0.01572213202603374
COHFACE_s14_session3_natural,31,121,35.03333333333333,-0.5953211784362793,-0.02082226373426469
COHFACE_s14_session3_natural,31,122,35.06666666666667,-0.7190675139427185,-0.022174694146561542
COHFACE_s14_session3_natural,31,123,35.1,-0.8165276050567627,-0.02069724005963554
COHFACE_s14_session3_natural,31,124,35.13333333333333,-0.8460784554481506,-0.018026636344050773
COHFACE_s14_session3_natural,31,125,35.166666666666664,-0.641738772392273,-0.015832465747830003
COHFACE_s14_session3_natural,31,126,35.2,0.16548609733581543,-0.015056404216681809
COHFACE_s14_session3_natural,31,127,35.233333333333334,1.2311534881591797,-0.015478948352161306
COHFACE_s14_session3_natural,31,128,35.266666666666666,1.8225789070129395,-0.01587653094091124
COHFACE_s14_session3_natural,31,129,35.3,1.8312163352966309,-0.014722755088959172
COHFACE_s14_session3_natural,31,130,35.333333333333336,1.6038209199905396,-0.0110688445473389
COHFACE_s14_session3_natural,31,131,35.36666666666667,1.2141847610473633,-0.005122108223880017
COHFACE_s14_session3_natural,31,132,35.4,0.7939095497131348,0.0017747869708414914
COHFACE_s14_session3_natural,31,133,35.43333333333333,0.6499298810958862,0.007719885348808459
COHFACE_s14_session3_natural,31,134,35.46666666666667,0.7251842617988586,0.011067548390783367
COHFACE_s14_session3_natural,31,135,35.5,0.6989319324493408,0.011089348945737583
COHFACE_s14_session3_natural,31,136,35.53333333333333,0.4923478960990906,0.008206418811753132
COHFACE_s14_session3_natural,31,137,35.56666666666667,0.21727661788463593,0.003749346985168636
COHFACE_s14_session3_natural,31,138,35.6,-0.049157239496707916,-0.0005823497413574985
COHFACE_s14_session3_natural,31,139,35.63333333333333,-0.2538709342479706,-0.003278943004776249
COHFACE_s14_session3_natural,31,140,35.666666666666664,-0.38414639234542847,-0.0033535436347236556
COHFACE_s14_session3_natural,31,141,35.7,-0.45059332251548767,-0.00038395831126928834
COHFACE_s14_session3_natural,31,142,35.733333333333334,-0.5393139123916626,0.00557877470239762
COHFACE_s14_session3_natural,31,143,35.766666666666666,-0.6790769696235657,0.013994389359357528
COHFACE_s14_session3_natural,31,144,35.8,-0.809182345867157,0.023629889854134802
COHFACE_s14_session3_natural,31,145,35.833333333333336,-0.9000113010406494,0.03236905461927769
COHFACE_s14_session3_natural,31,146,35.86666666666667,-0.9267397522926331,0.03740355619297654
COHFACE_s14_session3_natural,31,147,35.9,-0.6719697713851929,0.03605251122281629
COHFACE_s14_session3_natural,31,148,35.93333333333333,0.1894940435886383,0.027039509727260366
COHFACE_s14_session3_natural,31,149,35.96666666666667,1.248496413230896,0.011564846992357153
COHFACE_s14_session3_natural,31,150,36.0,1.768578052520752,-0.006676389134515062
COHFACE_s14_session3_natural,31,151,36.03333333333333,1.7375309467315674,-0.022878136238090135
COHFACE_s14_session3_natural,31,152,36.06666666666667,1.4630377292633057,-0.03320418569731961
COHFACE_s14_session3_natural,31,153,36.1,1.0015137195587158,-0.036243648161868244
COHFACE_s14_session3_natural,31,154,36.13333333333333,0.6129657626152039,-0.03304657440942891
COHFACE_s14_session3_natural,31,155,36.166666666666664,0.5535579919815063,-0.02602609671851043
COHFACE_s14_session3_natural,31,156,36.2,0.6273161172866821,-0.01765446244713122
COHFACE_s14_session3_natural,31,157,36.233333333333334,0.5803543925285339,-0.00974208180958227
COHFACE_s14_session3_natural,31,158,36.266666666666666,0.3410229980945587,-0.003437604982551572
COHFACE_s14_session3_natural,31,159,36.3,0.04010745510458946,0.0004889504686894883
COHFACE_s14_session3_natural,31,160,36.333333333333336,-0.22278982400894165,0.0015715465936670342
COHFACE_s14_session3_natural,31,161,36.36666666666667,-0.40570592880249023,-0.00010751158129470041
COHFACE_s14_session3_natural,31,162,36.4,-0.5131296515464783,-0.00366040948154735
COHFACE_s14_session3_natural,31,163,36.43333333333333,-0.5768561363220215,-0.007515299680481328
COHFACE_s14_session3_natural,31,164,36.46666666666667,-0.6536747813224792,-0.009980888098833358
COHFACE_s14_session3_natural,31,165,36.5,-0.7833721041679382,-0.00992407389039133
COHFACE_s14_session3_natural,31,166,36.53333333333333,-0.940001904964447,-0.007149444997997772
COHFACE_s14_session3_natural,31,167,36.56666666666667,-1.0460994243621826,-0.0023176899359966785
COHFACE_s14_session3_natural,31,168,36.6,-1.0831995010375977,0.0034237086911864077
COHFACE_s14_session3_natural,31,169,36.63333333333333,-0.9326226711273193,0.008790434346360562
COHFACE_s14_session3_natural,31,170,36.666666666666664,-0.21598871052265167,0.01255868409354035
COHFACE_s14_session3_natural,31,171,36.7,0.8733806610107422,0.01371884579670112
COHFACE_s14_session3_natural,31,172,36.733333333333334,1.5521323680877686,0.011727436912904017
COHFACE_s14_session3_natural,31,173,36.766666666666666,1.6070854663848877,0.006824985109013874
COHFACE_s14_session3_natural,31,174,36.8,1.363979458808899,0.00019686841874283208
COHFACE_s14_session3_natural,31,175,36.833333333333336,0.9361209869384766,-0.0062422221592198564
COHFACE_s14_session3_natural,31,176,36.86666666666667,0.4935041069984436,-0.010413215060218578
COHFACE_s14_session3_natural,31,177,36.9,0.36370474100112915,-0.010702223488896068
COHFACE_s14_session3_natural,31,178,36.93333333333333,0.4771474003791809,-0.006346272847916611
COHFACE_s14_session3_natural,31,179,36.96666666666667,0.49554443359375,0.0025349235045502927
COHFACE_s14_session3_natural,31,180,37.0,0.30310675501823425,0.015129432989601795
COHFACE_s14_session3_natural,31,181,37.03333333333333,0.01888796128332615,0.03011914946894419
COHFACE_s14_session3_natural,31,182,37.06666666666667,-0.2522386610507965,0.04574986165319938
COHFACE_s14_session3_natural,31,183,37.1,-0.46120306849479675,0.059847985252178
COHFACE_s14_session3_natural,31,184,37.13333333333333,-0.5941649675369263,0.06990967534454882
COHFACE_s14_session3_natural,31,185,37.166666666666664,-0.6726838946342468,0.07334915701744497
COHFACE_s14_session3_natural,31,186,37.2,-0.7465440630912781,0.06793185401256538
COHFACE_s14_session3_natural,31,187,37.233333333333334,-0.8416917324066162,0.052348942124921895
COHFACE_s14_session3_natural,31,188,37.266666666666666,-0.9699608683586121,0.02681091340896692
COHFACE_s14_session3_natural,31,189,37.3,-1.076262354850769,-0.006513248626930543
COHFACE_s14_session3_natural,31,190,37.333333333333336,-1.1210477352142334,-0.043388403164440384
COHFACE_s14_session3_natural,31,191,37.36666666666667,-1.045045256614685,-0.07792339958423536
COHFACE_s14_session3_natural,31,192,37.4,-0.427945613861084,-0.10368123362276456
COHFACE_s14_session3_natural,31,193,37.43333333333333,0.63112473487854,-0.11545845240159293
COHFACE_s14_session3_natural,31,194,37.46666666666667,1.3499010801315308,-0.11121471464223565
COHFACE_s14_session3_natural,31,195,37.5,1.4288620948791504,-0.09319174861224926
COHFACE_s14_session3_natural,31,196,37.53333333333333,1.1603538990020752,-0.06732245986878328
COHFACE_s14_session3_natural,31,197,37.56666666666667,0.699135959148407,-0.04085371751955796
COHFACE_s14_session3_natural,31,198,37.6,0.2994341552257538,-0.019349882647891236
COHFACE_s14_session3_natural,31,199,37.63333333333333,0.2222074419260025,-0.004803946456855754
COHFACE_s14_session3_natural,31,200,37.666666666666664,0.3406829535961151,0.004220187607388758
COHFACE_s14_session3_natural,31,201,37.7,0.36064422130584717,0.010871844587229826
COHFACE_s14_session3_natural,31,202,37.733333333333334,0.17925836145877838,0.01796935694634534
COHFACE_s14_session3_natural,31,203,37.766666666666666,-0.09312648326158524,0.026729362242267077
COHFACE_s14_session3_natural,31,204,37.8,-0.34255754947662354,0.03663922828269888
COHFACE_s14_session3_natural,31,205,37.833333333333336,-0.5247595310211182,0.046129823067261745
COHFACE_s14_session3_natural,31,206,37.86666666666667,-0.614534318447113,0.053460198695649885
COHFACE_s14_session3_natural,31,207,37.9,-0.6845178604125977,0.05738869887719302
COHFACE_s14_session3_natural,31,208,37.93333333333333,-0.7738845348358154,0.057474985010529785
COHFACE_s14_session3_natural,31,209,37.96666666666667,-0.8912718892097473,0.054035514838444036
COHFACE_s14_session3_natural,31,210,38.0,-1.0154603719711304,0.04782816984367705
COHFACE_s14_session3_natural,31,211,38.03333333333333,-1.0855458974838257,0.039587338899683924
COHFACE_s14_session3_natural,31,212,38.06666666666667,-1.1134305000305176,0.029642162628989548
COHFACE_s14_session3_natural,31,213,38.1,-0.8154053688049316,0.017887323229980382
COHFACE_s14_session3_natural,31,214,38.13333333333333,0.107370525598526,0.004198450460527422
COHFACE_s14_session3_natural,31,215,38.166666666666664,1.1148203611373901,-0.010922000317774226
COHFACE_s14_session3_natural,31,216,38.2,1.5397543907165527,-0.025909012850595322
COHFACE_s14_session3_natural,31,217,38.233333333333334,1.4316846132278442,-0.03831718290142605
COHFACE_s14_session3_natural,31,218,38.266666666666666,1.0705790519714355,-0.04568926195557342
COHFACE_s14_session3_natural,31,219,38.3,0.6126257181167603,-0.046680967216400214
COHFACE_s14_session3_natural,31,220,38.333333333333336,0.30361685156822205,-0.041685854429835335
COHFACE_s14_session3_natural,31,221,38.36666666666667,0.3141585886478424,-0.03247571623827857
COHFACE_s14_session3_natural,31,222,38.4,0.41787564754486084,-0.021206415628570018
COHFACE_s14_session3_natural,31,223,38.43333333333333,0.3528909385204315,-0.009666104919957022
COHFACE_s14_session3_natural,31,224,38.46666666666667,0.10988694429397583,0.0007753120483738272
COHFACE_s14_session3_natural,31,225,38.5,-0.1779024302959442,0.008847423599272859
COHFACE_s14_session3_natural,31,226,38.53333333333333,-0.4114868938922882,0.013314247782696548
COHFACE_s14_session3_natural,31,227,38.56666666666667,-0.5572009086608887,0.013433179347416177
COHFACE_s14_session3_natural,31,228,38.6,-0.6522805094718933,0.009610438561738743
COHFACE_s14_session3_natural,31,229,38.63333333333333,-0.7336559295654297,0.0036190054478132325
COHFACE_s14_session3_natural,31,230,38.666666666666664,-0.8320001363754272,-0.0019825300775721394
COHFACE_s14_session3_natural,31,231,38.7,-0.9526180028915405,-0.004987888673455571
COHFACE_s14_session3_natural,31,232,38.733333333333334,-1.0646324157714844,-0.004549096374332928
COHFACE_s14_session3_natural,31,233,38.766666666666666,-1.1121042966842651,-0.0014173396000460687
COHFACE_s14_session3_natural,31,234,38.8,-0.981590747833252,0.0026728978146440263
COHFACE_s14_session3_natural,31,235,38.833333333333336,-0.2896108329296112,0.005995547486057626
COHFACE_s14_session3_natural,31,236,38.86666666666667,0.8810659050941467,0.007571698465053629
COHFACE_s14_session3_natural,31,237,38.9,1.6734983921051025,0.007322329943538981
COHFACE_s14_session3_natural,31,238,38.93333333333333,1.7836085557937622,0.0057545097941072544
COHFACE_s14_session3_natural,31,239,38.96666666666667,1.582227349281311,0.003560062220224757
COHFACE_s14_session3_natural,32,0,32.0,-0.3722444474697113,-0.0021836677241765003
COHFACE_s14_session3_natural,32,1,32.03333333333333,-0.469636470079422,2.6538951673244084
COHFACE_s14_session3_natural,32,2,32.06666666666667,-0.5180604457855225,4.89701169888265
COHFACE_s14_session3_natural,32,3,32.1,-0.5877038836479187,6.414961739223331
COHFACE_s14_session3_natural,32,4,32.13333333333333,-0.6856740117073059,7.068891445919595
COHFACE_s14_session3_natural,32,5,32.166666666666664,-0.8039454817771912,6.911123760918578
COHFACE_s14_session3_natural,32,6,32.2,-0.9004874229431152,6.142933001540744
COHFACE_s14_session3_natural,32,7,32.233333333333334,-0.9457148313522339,5.035644124293016
COHFACE_s14_session3_natural,32,8,32.266666666666666,-0.7844942808151245,3.8492475914388575
COHFACE_s14_session3_natural,32,9,32.3,-0.10047169029712677,2.774409922480559
COHFACE_s14_session3_natural,32,10,32.333333333333336,0.8458361029624939,1.9087850522234417
COHFACE_s14_session3_natural,32,11,32.36666666666667,1.3580623865127563,1.2649395992554362
COHFACE_s14_session3_natural,32,12,32.4,1.3442901372909546,0.7984911287865057
COHFACE_s14_session3_natural,32,13,32.43333333333333,1.1149224042892456,0.4423623675508919
COHFACE_s14_session3_natural,32,14,32.46666666666667,0.7484440803527832,0.1354593515309038
COHFACE_s14_session3_natural,32,15,32.5,0.41991597414016724,-0.16066379534522435
COHFACE_s14_session3_natural,32,16,32.53333333333333,0.36098429560661316,-0.4579796450166971
COHFACE_s14_session3_natural,32,17,32.56666666666667,0.46041664481163025,-0.7477247367143192
COHFACE_s14_session3_natural,32,18,32.6,0.47898370027542114,-1.0106616927559833
COHFACE_s14_session3_natural,32,19,32.63333333333333,0.3084796369075775,-1.2272158723382365
COHFACE_s14_session3_natural,32,20,32.666666666666664,0.0665978193283081,-1.3845181411233551
COHFACE_s14_session3_natural,32,21,32.7,-0.1503579020500183,-1.4793285130554668
COHFACE_s14_session3_natural,32,22,32.733333333333334,-0.3167473077774048,-1.5172821891971133
COHFACE_s14_session3_natural,32,23,32.766666666666666,-0.4258032441139221,-1.5097252215419512
COHFACE_s14_session3_natural,32,24,32.8,-0.4698745012283325,-1.4697099873618702
COHFACE_s14_session3_natural,32,25,32.833333333333336,-0.5371716022491455,-1.4085285972094839
COHFACE_s14_session3_natural,32,26,32.86666666666667,-0.6344615817070007,-1.3335825168027657
COHFACE_s14_session3_natural,32,27,32.9,-0.7378726005554199,-1.2477914457837371
COHFACE_s14_session3_natural,32,28,32.93333333333333,-0.8499550819396973,-1.1504042436663557
COHFACE_s14_session3_natural,32,29,32.96666666666667,-0.9113351702690125,-1.0388503471105408
COHFACE_s14_session3_natural,32,30,33.0,-0.8190779685974121,-0.910988567530042
COHFACE_s14_session3_natural,32,31,33.03333333333333,-0.23680013418197632,-0.7669454683870438
COHFACE_s14_session3_natural,32,32,33.06666666666667,0.6902264952659607,-0.6099127157876619
COHFACE_s14_session3_natural,32,33,33.1,1.2815498113632202,-0.4457294500402018
COHFACE_s14_session3_natural,32,34,33.13333333333333,1.3130390644073486,-0.2815796443681724
COHFACE_s14_session3_natural,32,35,33.166666666666664,1.0546305179595947,-0.12445931031139197
COHFACE_s14_session3_natural,32,36,33.2,0.6841394901275635,0.01993007609703749
COHFACE_s14_session3_natural,32,37,33.233333333333334,0.34109100699424744,0.1475374176460572
COHFACE_s14_session3_natural,32,38,33.266666666666666,0.2574712336063385,0.2557361225133101
COHFACE_s14_session3_natural,32,39,33.3,0.3909432291984558,0.34299874238501876
COHFACE_s14_session3_natural,32,40,33.333333333333336,0.44184958934783936,0.40885635510706014
COHFACE_s14_session3_natural,32,41,33.36666666666667,0.28800827264785767,0.4541394505112223
COHFACE_s14_session3_natural,32,42,33.4,0.05520594120025635,0.48113909783334236
COHFACE_s14_session3_natural,32,43,33.43333333333333,-0.15967543423175812,0.4932864131648328
COHFACE_s14_session3_natural,32,44,33.46666666666667,-0.30416521430015564,0.49429192786868326
COHFACE_s14_session3_natural,32,45,33.5,-0.42070239782333374,0.48715419625165685
COHFACE_s14_session3_natural,32,46,33.53333333333333,-0.4931003153324127,0.47365157059878904
COHFACE_s14_session3_natural,32,47,33.56666666666667,-0.5518280267715454,0.4546127636297695
COHFACE_s14_session3_natural,32,48,33.6,-0.6413647532463074,0.4305831955919697
COHFACE_s14_session3_natural,32,49,33.63333333333333,-0.7490944862365723,0.4021777610699409
COHFACE_s14_session3_natural,32,50,33.666666666666664,-0.8245189189910889,0.36986965240439024
COHFACE_s14_session3_natural,32,51,33.7,-0.8514173030853271,0.3336435698304458
COHFACE_s14_session3_natural,32,52,33.733333333333334,-0.6477918028831482,0.29308699654907894
COHFACE_s14_session3_natural,32,53,33.766666666666666,0.11274341493844986,0.2480517401673078
COHFACE_s14_session3_natural,32,54,33.8,1.0521140098571777,0.19943075183908104
COHFACE_s14_session3_natural,32,55,33.833333333333336,1.4642279148101807,0.1493938215813287
COHFACE_s14_session3_natural,32,56,33.86666666666667,1.370848536491394,0.10082489316273263
COHFACE_s14_session3_natural,32,57,33.9,1.0857796669006348,0.05632045523384597
COHFACE_s14_session3_natural,32,58,33.93333333333333,0.682133138179779,0.017403124802952946
COHFACE_s14_session3_natural,32,59,33.96666666666667,0.4084220826625824,-0.015618509872741243
COHFACE_s14_session3_natural,32,60,34.0,0.41175463795661926,-0.04325596372646519
COHFACE_s14_session3_natural,32,61,34.03333333333333,0.5107109546661377,-0.06640060660489072
COHFACE_s14_session3_natural,32,62,34.06666666666667,0.4888453483581543,-0.08619113562258628
COHFACE_s14_session3_natural,32,63,34.1,0.3033107817173004,-0.104081137530982
COHFACE_s14_session3_natural,32,64,34.13333333333333,0.04412011429667473,-0.12166375608102548
COHFACE_s14_session3_natural,32,65,34.166666666666664,-0.17229151725769043,-0.13996934453690665
COHFACE_s14_session3_natural,32,66,34.2,-0.31450292468070984,-0.158559022175898
COHFACE_s14_session3_natural,32,67,34.233333333333334,-0.4082903563976288,-0.17517132753079215
COHFACE_s14_session3_natural,32,68,34.266666666666666,-0.48881563544273376,-0.1864222704173415
COHFACE_s14_session3_natural,32,69,34.3,-0.5634239315986633,-0.18933756259226733
COHFACE_s14_session3_natural,32,70,34.333333333333336,-0.6747242212295532,-0.1828900129070274
COHFACE_s14_session3_natural,32,71,34.36666666666667,-0.7814338207244873,-0.16863059439817565
COHFACE_s14_session3_natural,32,72,34.4,-0.8421338200569153,-0.15000673814288132
COHFACE_s14_session3_natural,32,73,34.43333333333333,-0.7703819870948792,-0.13074546256999392
COHFACE_s14_session3_natural,32,74,34.46666666666667,-0.19517728686332703,-0.11325161758685079
COHFACE_s14_session3_natural,32,75,34.5,0.8223722577095032,-0.09792612675967365
COHFACE_s14_session3_natural,32,76,34.53333333333333,1.5455353260040283,-0.08363264556281601
COHFACE_s14_session3_natural,32,77,34.56666666666667,1.6919294595718384,-0.0687835774698141
COHFACE_s14_session3_natural,32,78,34.6,1.5145561695098877,-0.0522639918404249
COHFACE_s14_session3_natural,32,79,34.63333333333333,1.1601839065551758,-0.033750125104638554
COHFACE_s14_session3_natural,32,80,34.666666666666664,0.7266464829444885,-0.01356351836379196
COHFACE_s14_session3_natural,32,81,34.7,0.5378473997116089,0.007507317409905135
COHFACE_s14_session3_natural,32,82,34.733333333333334,0.6028320789337158,0.028232776063609622
COHFACE_s14_session3_natural,32,83,34.766666666666666,0.6473114490509033,0.046999058564471834
COHFACE_s14_session3_natural,32,84,34.8,0.5147916078567505,0.06209808563226373
COHFACE_s14_session3_natural,32,85,34.833333333333336,0.27505213022232056,0.07221593111829618
COHFACE_s14_session3_natural,32,86,34.86666666666667,-0.0034537166357040405,0.07691007023171627
COHFACE_s14_session3_natural,32,87,34.9,-0.2154446244239807,0.0768540057024823
COHFACE_s14_session3_natural,32,88,34.93333333333333,-0.3379327952861786,0.07372455251760358
COHFACE_s14_session3_natural,32,89,34.96666666666667,-0.4051278531551361,0.0697221687762374
COHFACE_s14_session3_natural,32,90,35.0,-0.4895637333393097,0.06680801260998943
COHFACE_s14_session3_natural,32,91,35.03333333333333,-0.5953211784362793,0.06587849847253995
COHFACE_s14_session3_natural,32,92,35.06666666666667,-0.7190675139427185,0.06626753129482114
COHFACE_s14_session3_natural,32,93,35.1,-0.8165276050567627,0.06593364222756458
COHFACE_s14_session3_natural,32,94,35.13333333333333,-0.8460784554481506,0.06232863653516821
COHFACE_s14_session3_natural,32,95,35.166666666666664,-0.641738772392273,0.053537429876338284
COHFACE_s14_session3_natural,32,96,35.2,0.16548609733581543,0.03915809759808112
COHFACE_s14_session3_natural,32,97,35.233333333333334,1.2311534881591797,0.02056281970682065
COHFACE_s14_session3_natural,32,98,35.266666666666666,1.8225789070129395,0.0004760173508608664
COHFACE_s14_session3_natural,32,99,35.3,1.8312163352966309,-0.017905199832580918
COHFACE_s14_session3_natural,32,100,35.333333333333336,1.6038209199905396,-0.0318460848834614
COHFACE_s14_session3_natural,32,101,35.36666666666667,1.2141847610473633,-0.039701604634450625
COHFACE_s14_session3_natural,32,102,35.4,0.7939095497131348,-0.04111541801587972
COHFACE_s14_session3_natural,32,103,35.43333333333333,0.6499298810958862,-0.03690805546000034
COHFACE_s14_session3_natural,32,104,35.46666666666667,0.7251842617988586,-0.02882010395955783
COHFACE_s14_session3_natural,32,105,35.5,0.6989319324493408,-0.01917617557271159
COHFACE_s14_session3_natural,32,106,35.53333333333333,0.4923478960990906,-0.010442018194867503
COHFACE_s14_session3_natural,32,107,35.56666666666667,0.21727661788463593,-0.004669929259059985
COHFACE_s14_session3_natural,32,108,35.6,-0.049157239496707916,-0.0029574056779617963
COHFACE_s14_session3_natural,32,109,35.63333333333333,-0.2538709342479706,-0.005130003985060416
COHFACE_s14_session3_natural,32,110,35.666666666666664,-0.38414639234542847,-0.009784784990657458
COHFACE_s14_session3_natural,32,111,35.7,-0.45059332251548767,-0.014674903056052629
COHFACE_s14_session3_natural,32,112,35.733333333333334,-0.5393139123916626,-0.017318247073492284
COHFACE_s14_session3_natural,32,113,35.766666666666666,-0.6790769696235657,-0.015713725410583062
COHFACE_s14_session3_natural,32,114,35.8,-0.809182345867157,-0.009079981174228844
COHFACE_s14_session3_natural,32,115,35.833333333333336,-0.9000113010406494,0.0015451197569974783
COHFACE_s14_session3_natural,32,116,35.86666666666667,-0.9267397522926331,0.013192760523715352
COHFACE_s14_session3_natural,32,117,35.9,-0.6719697713851929,0.021708002308075604
COHFACE_s14_session3_natural,32,118,35.93333333333333,0.1894940435886383,0.023349759095945055
COHFACE_s14_session3_natural,32,119,35.96666666666667,1.248496413230896,0.016636724572723197
COHFACE_s14_session3_natural,32,120,36.0,1.768578052520752,0.0034070722101398675
COHFACE_s14_session3_natural,32,121,36.03333333333333,1.7375309467315674,-0.011712446582464503
COHFACE_s14_session3_natural,32,122,36.06666666666667,1.4630377292633057,-0.02330305311973381
COHFACE_s14_session3_natural,32,123,36.1,1.0015137195587158,-0.027535467138870486
COHFACE_s14_session3_natural,32,124,36.13333333333333,0.6129657626152039,-0.023626789848812668
COHFACE_s14_session3_natural,32,125,36.166666666666664,0.5535579919815063,-0.013705020921287982
COHFACE_s14_session3_natural,32,126,36.2,0.6273161172866821,-0.0014659806405166202
COHFACE_s14_session3_natural,32,127,36.233333333333334,0.5803543925285339,0.009364729893886658
COHFACE_s14_session3_natural,32,128,36.266666666666666,0.3410229980945587,0.016020045990061245
COHFACE_s14_session3_natural,32,129,36.3,0.04010745510458946,0.017064755097753823
COHFACE_s14_session3_natural,32,130,36.333333333333336,-0.22278982400894165,0.012457996496823559
COHFACE_s14_session3_natural,32,131,36.36666666666667,-0.40570592880249023,0.0035084412093279813
COHFACE_s14_session3_natural,32,132,36.4,-0.5131296515464783,-0.007369615996676129
COHFACE_s14_session3_natural,32,133,36.43333333333333,-0.5768561363220215,-0.01727627951751029
COHFACE_s14_session3_natural,32,134,36.46666666666667,-0.6536747813224792,-0.023714503288491905
COHFACE_s14_session3_natural,32,135,36.5,-0.7833721041679382,-0.025335232347308518
COHFACE_s14_session3_natural,32,136,36.53333333333333,-0.940001904964447,-0.02218331349993601
COHFACE_s14_session3_natural,32,137,36.56666666666667,-1.0460994243621826,-0.015415885308760343
COHFACE_s14_session3_natural,32,138,36.6,-1.0831995010375977,-0.006753950840969609
COHFACE_s14_session3_natural,32,139,36.63333333333333,-0.9326226711273193,0.0020216881118387212
COHFACE_s14_session3_natural,32,140,36.666666666666664,-0.21598871052265167,0.0094022402116896
COHFACE_s14_session3_natural,32,141,36.7,0.8733806610107422,0.014378916466320092
COHFACE_s14_session3_natural,32,142,36.733333333333334,1.5521323680877686,0.016644252211469042
COHFACE_s14_session3_natural,32,143,36.766666666666666,1.6070854663848877,0.016707678269385916
COHFACE_s14_session3_natural,32,144,36.8,1.363979458808899,0.015763366465326577
COHFACE_s14_session3_natural,32,145,36.833333333333336,0.9361209869384766,0.015228196902964472
COHFACE_s14_session3_natural,32,146,36.86666666666667,0.4935041069984436,0.01611753651747679
COHFACE_s14_session3_natural,32,147,36.9,0.36370474100112915,0.018604779540485145
COHFACE_s14_session3_natural,32,148,36.93333333333333,0.4771474003791809,0.022016279902756283
COHFACE_s14_session3_natural,32,149,36.96666666666667,0.49554443359375,0.025242178147480945
COHFACE_s14_session3_natural,32,150,37.0,0.30310675501823425,0.027314060465125994
COHFACE_s14_session3_natural,32,151,37.03333333333333,0.01888796128332615,0.02783358611244891
COHFACE_s14_session3_natural,32,152,37.06666666666667,-0.2522386610507965,0.02704062409721151
COHFACE_s14_session3_natural,32,153,37.1,-0.46120306849479675,0.025507019941332986
COHFACE_s14_session3_natural,32,154,37.13333333333333,-0.5941649675369263,0.02362691210003124
COHFACE_s14_session3_natural,32,155,37.166666666666664,-0.6726838946342468,0.021175415410067237
COHFACE_s14_session3_natural,32,156,37.2,-0.7465440630912781,0.017189664057002698
COHFACE_s14_session3_natural,32,157,37.233333333333334,-0.8416917324066162,0.010282780683137753
COHFACE_s14_session3_natural,32,158,37.266666666666666,-0.9699608683586121,-0.0007135461169574009
COHFACE_s14_session3_natural,32,159,37.3,-1.076262354850769,-0.016038570927482548
COHFACE_s14_session3_natural,32,160,37.333333333333336,-1.1210477352142334,-0.03449935574869171
COHFACE_s14_session3_natural,32,161,37.36666666666667,-1.045045256614685,-0.053390714866193685
COHFACE_s14_session3_natural,32,162,37.4,-0.427945613861084,-0.06898534600884508
COHFACE_s14_session3_natural,32,163,37.43333333333333,0.63112473487854,-0.07758265694743145
COHFACE_s14_session3_natural,32,164,37.46666666666667,1.3499010801315308,-0.07681012445945554
COHFACE_s14_session3_natural,32,165,37.5,1.4288620948791504,-0.06660115744043925
COHFACE_s14_session3_natural,32,166,37.53333333333333,1.1603538990020752,-0.049273170910051504
COHFACE_s14_session3_natural,32,167,37.56666666666667,0.699135959148407,-0.028555942074926514
COHFACE_s14_session3_natural,32,168,37.6,0.2994341552257538,-0.00810626780498563
COHFACE_s14_session3_natural,32,169,37.63333333333333,0.2222074419260025,0.009611801275006026
COHFACE_s14_session3_natural,32,170,37.666666666666664,0.3406829535961151,0.023579221816056494
COHFACE_s14_session3_natural,32,171,37.7,0.36064422130584717,0.03377781462536951
COHFACE_s14_session3_natural,32,172,37.733333333333334,0.17925836145877838,0.04057139650916282
COHFACE_s14_session3_natural,32,173,37.766666666666666,-0.09312648326158524,0.044329812400523944
COHFACE_s14_session3_natural,32,174,37.8,-0.34255754947662354,0.04537656447590842
COHFACE_s14_session3_natural,32,175,37.833333333333336,-0.5247595310211182,0.04407610922879664
COHFACE_s14_session3_natural,32,176,37.86666666666667,-0.614534318447113,0.04086665787185761
COHFACE_s14_session3_natural,32,177,37.9,-0.6845178604125977,0.03619916860724208
COHFACE_s14_session3_natural,32,178,37.93333333333333,-0.7738845348358154,0.03046509580462367
COHFACE_s14_session3_natural,32,179,37.96666666666667,-0.8912718892097473,0.023979980029999865
COHFACE_s14_session3_natural,32,180,38.0,-1.0154603719711304,0.016979126489682625
COHFACE_s14_session3_natural,32,181,38.03333333333333,-1.0855458974838257,0.009553470299253129
COHFACE_s14_session3_natural,32,182,38.06666666666667,-1.1134305000305176,0.0015907352594231676
COHFACE_s14_session3_natural,32,183,38.1,-0.8154053688049316,-0.00711359652083894
COHFACE_s14_session3_natural,32,184,38.13333333333333,0.107370525598526,-0.016537216564263803
COHFACE_s14_session3_natural,32,185,38.166666666666664,1.1148203611373901,-0.026094451892782124
COHFACE_s14_session3_natural,32,186,38.2,1.5397543907165527,-0.03457234332977052
COHFACE_s14_session3_natural,32,187,38.233333333333334,1.4316846132278442,-0.040507053916439786
COHFACE_s14_session3_natural,32,188,38.266666666666666,1.0705790519714355,-0.042880593289897455
COHFACE_s14_session3_natural,32,189,38.3,0.6126257181167603,-0.04172442943390185
COHFACE_s14_session3_natural,32,190,38.333333333333336,0.30361685156822205,-0.03814110004926333
COHFACE_s14_session3_natural,32,191,38.36666666666667,0.3141585886478424,-0.033611899448972346
COHFACE_s14_session3_natural,32,192,38.4,0.41787564754486084,-0.029111288980405988
COHFACE_s14_session3_natural,32,193,38.43333333333333,0.3528909385204315,-0.024806086898140154
COHFACE_s14_session3_natural,32,194,38.46666666666667,0.10988694429397583,-0.02056296165099146
COHFACE_s14_session3_natural,32,195,38.5,-0.1779024302959442,-0.01670430279693499
COHFACE_s14_session3_natural,32,196,38.53333333333333,-0.4114868938922882,-0.014233237222843387
COHFACE_s14_session3_natural,32,197,38.56666666666667,-0.5572009086608887,-0.014220022189966791
COHFACE_s14_session3_natural,32,198,38.6,-0.6522805094718933,-0.016782563595509767
COHFACE_s14_session3_natural,32,199,38.63333333333333,-0.7336559295654297,-0.02046746774800694
COHFACE_s14_session3_natural,32,200,38.666666666666664,-0.8320001363754272,-0.02251306361570775
COHFACE_s14_session3_natural,32,201,38.7,-0.9526180028915405,-0.019821478396335603
COHFACE_s14_session3_natural,32,202,38.733333333333334,-1.0646324157714844,-0.010062645700502278
COHFACE_s14_session3_natural,32,203,38.766666666666666,-1.1121042966842651,0.007597233125036618
COHFACE_s14_session3_natural,32,204,38.8,-0.981590747833252,0.03226210241566043
COHFACE_s14_session3_natural,32,205,38.833333333333336,-0.2896108329296112,0.06138819808524103
COHFACE_s14_session3_natural,32,206,38.86666666666667,0.8810659050941467,0.09106911924048121
COHFACE_s14_session3_natural,32,207,38.9,1.6734983921051025,0.11666025365968224
COHFACE_s14_session3_natural,32,208,38.93333333333333,1.7836085557937622,0.13392538632442935
COHFACE_s14_session3_natural,32,209,38.96666666666667,1.582227349281311,0.14048422237726765
COHFACE_s14_session3_natural,32,210,39.0,1.175350308418274,0.13671078086928726
COHFACE_s14_session3_natural,32,211,39.03333333333333,0.6788005828857422,0.12520994534619836
COHFACE_s14_session3_natural,32,212,39.06666666666667,0.47796353697776794,0.10898312488042759
COHFACE_s14_session3_natural,32,213,39.1,0.5416220426559448,0.08947998599673887
COHFACE_s14_session3_natural,32,214,39.13333333333333,0.5566524863243103,0.06586216732828364
COHFACE_s14_session3_natural,32,215,39.166666666666664,0.3734983503818512,0.0359831852663852
COHFACE_s14_session3_natural,32,216,39.2,0.0839746743440628,-0.0015213310448526358
COHFACE_s14_session3_natural,32,217,39.233333333333334,-0.2088475376367569,-0.04537277862777179
COHFACE_s14_session3_natural,32,218,39.266666666666666,-0.45552414655685425,-0.09127695142768158
COHFACE_s14_session3_natural,32,219,39.3,-0.6078011989593506,-0.13334075534284276
COHFACE_s14_session3_natural,32,220,39.333333333333336,-0.695807695388794,-0.16627610696970493
COHFACE_s14_session3_natural,32,221,39.36666666666667,-0.7898331880569458,-0.18686379346334223
COHFACE_s14_session3_natural,32,222,39.4,-0.9209927916526794,-0.19397593071564428
COHFACE_s14_session3_natural,32,223,39.43333333333333,-1.0471875667572021,-0.18771802409300326
COHFACE_s14_session3_natural,32,224,39.46666666666667,-1.1384245157241821,-0.16874214436018864
COHFACE_s14_session3_natural,32,225,39.5,-1.154203176498413,-0.13829976133501892
COHFACE_s14_session3_natural,32,226,39.53333333333333,-0.8669579029083252,-0.09873228442547836
COHFACE_s14_session3_natural,32,227,39.56666666666667,0.09029971808195114,-0.05368110945790657
COHFACE_s14_session3_natural,32,228,39.6,1.2474762201309204,-0.007699778735261981
COHFACE_s14_session3_natural,32,229,39.63333333333333,1.8157438039779663,0.03447639063397191
COHFACE_s14_session3_natural,32,230,39.666666666666664,1.7962925434112549,0.06869179574233865
COHFACE_s14_session3_natural,32,231,39.7,1.5266962051391602,0.09207608545676796
COHFACE_s14_session3_natural,32,232,39.733333333333334,1.0352473258972168,0.10362635251686271
COHFACE_s14_session3_natural,32,233,39.766666666666666,0.588583767414093,0.10445724724790828
COHFACE_s14_session3_natural,32,234,39.8,0.48796120285987854,0.09748546436330927
COHFACE_s14_session3_natural,32,235,39.833333333333336,0.5794022679328918,0.08651545536712707
COHFACE_s14_session3_natural,32,236,39.86666666666667,0.5248232483863831,0.07502100054668692
COHFACE_s14_session3_natural,32,237,39.9,0.283315509557724,0.06511565797273584
COHFACE_s14_session3_natural,32,238,39.93333333333333,-0.046844858676195145,0.05709866757053462
COHFACE_s14_session3_natural,32,239,39.96666666666667,-0.3337500989437103,0.0496695529175379
COHFACE_s14_session3_natural,33,0,33.0,-0.8190779685974121,0.008930583212587146
COHFACE_s14_session3_natural,33,1,33.03333333333333,-0.23680013418197632,2.6331633562786236
COHFACE_s14_session3_natural,33,2,33.06666666666667,0.6902264952659607,4.852395638008109
COHFACE_s14_session3_natural,33,3,33.1,1.2815498113632202,6.360290161412325
COHFACE_s14_session3_natural,33,4,33.13333333333333,1.3130390644073486,7.0199022748984845
COHFACE_s14_session3_natural,33,5,33.166666666666664,1.0546305179595947,6.881396569254936
COHFACE_s14_session3_natural,33,6,33.2,0.6841394901275635,6.141095564682652
COHFACE_s14_session3_natural,33,7,33.233333333333334,0.34109100699424744,5.064490717303787
COHFACE_s14_session3_natural,33,8,33.266666666666666,0.2574712336063385,3.906486044336007
COHFACE_s14_session3_natural,33,9,33.3,0.3909432291984558,2.8541878192423087
COHFACE_s14_session3_natural,33,10,33.333333333333336,0.44184958934783936,2.0031441587266565
COHFACE_s14_session3_natural,33,11,33.36666666666667,0.28800827264785767,1.3647645674755327
COHFACE_s14_session3_natural,33,12,33.4,0.05520594120025635,0.8940064396421942
COHFACE_s14_session3_natural,33,13,33.43333333333333,-0.15967543423175812,0.5235314956712097
COHFACE_s14_session3_natural,33,14,33.46666666666667,-0.30416521430015564,0.19268670832991736
COHFACE_s14_session3_natural,33,15,33.5,-0.42070239782333374,-0.1353125993413115
COHFACE_s14_session3_natural,33,16,33.53333333333333,-0.4931003153324127,-0.46918151583306056
COHFACE_s14_session3_natural,33,17,33.56666666666667,-0.5518280267715454,-0.7954744912466092
COHFACE_s14_session3_natural,33,18,33.6,-0.6413647532463074,-1.089805731846972
COHFACE_s14_session3_natural,33,19,33.63333333333333,-0.7490944862365723,-1.3285115035772377
COHFACE_s14_session3_natural,33,20,33.666666666666664,-0.8245189189910889,-1.4969986219769091
COHFACE_s14_session3_natural,33,21,33.7,-0.8514173030853271,-1.5928710070769936
COHFACE_s14_session3_natural,33,22,33.733333333333334,-0.6477918028831482,-1.6240776556223555
COHFACE_s14_session3_natural,33,23,33.766666666666666,0.11274341493844986,-1.6040670070398262
COHFACE_s14_session3_natural,33,24,33.8,1.0521140098571777,-1.5466273526516305
COHFACE_s14_session3_natural,33,25,33.833333333333336,1.4642279148101807,-1.4625417499607585
COHFACE_s14_session3_natural,33,26,33.86666666666667,1.370848536491394,-1.358755031567158
COHFACE_s14_session3_natural,33,27,33.9,1.0857796669006348,-1.2393386611431425
COHFACE_s14_session3_natural,33,28,33.93333333333333,0.682133138179779,-1.1069504376663841
COHFACE_s14_session3_natural,33,29,33.96666666666667,0.4084220826625824,-0.9638543845818504
COHFACE_s14_session3_natural,33,30,34.0,0.41175463795661926,-0.8124171131089744
COHFACE_s14_session3_natural,33,31,34.03333333333333,0.5107109546661377,-0.6555275309193727
COHFACE_s14_session3_natural,33,32,34.06666666666667,0.4888453483581543,-0.49714355840356217
COHFACE_s14_session3_natural,33,33,34.1,0.3033107817173004,-0.34257398611580764
COHFACE_s14_session3_natural,33,34,34.13333333333333,0.04412011429667473,-0.19788284652377386
COHFACE_s14_session3_natural,33,35,34.166666666666664,-0.17229151725769043,-0.06829611596399483
COHFACE_s14_session3_natural,33,36,34.2,-0.31450292468070984,0.043591061699905946
COHFACE_s14_session3_natural,33,37,34.233333333333334,-0.4082903563976288,0.13855872880267603
COHFACE_s14_session3_natural,33,38,34.266666666666666,-0.48881563544273376,0.21981455113333595
COHFACE_s14_session3_natural,33,39,34.3,-0.5634239315986633,0.2908410864928592
COHFACE_s14_session3_natural,33,40,34.333333333333336,-0.6747242212295532,0.3532722450565308
COHFACE_s14_session3_natural,33,41,34.36666666666667,-0.7814338207244873,0.40598762264172067
COHFACE_s14_session3_natural,33,42,34.4,-0.8421338200569153,0.44588085421909757
COHFACE_s14_session3_natural,33,43,34.43333333333333,-0.7703819870948792,0.4697949082011154
COHFACE_s14_session3_natural,33,44,34.46666666666667,-0.19517728686332703,0.4764789740668891
COHFACE_s14_session3_natural,33,45,34.5,0.8223722577095032,0.46748635188701165
COHFACE_s14_session3_natural,33,46,34.53333333333333,1.5455353260040283,0.44666743861182034
COHFACE_s14_session3_natural,33,47,34.56666666666667,1.6919294595718384,0.4187788880640154
COHFACE_s14_session3_natural,33,48,34.6,1.5145561695098877,0.3881274531307026
COHFACE_s14_session3_natural,33,49,34.63333333333333,1.1601839065551758,0.3578879128947615
COHFACE_s14_session3_natural,33,50,34.666666666666664,0.7266464829444885,0.33004584923476815
COHFACE_s14_session3_natural,33,51,34.7,0.5378473997116089,0.30546065214688556
COHFACE_s14_session3_natural,33,52,34.733333333333334,0.6028320789337158,0.28372496553356036
COHFACE_s14_session3_natural,33,53,34.766666666666666,0.6473114490509033,0.2629644467810332
COHFACE_s14_session3_natural,33,54,34.8,0.5147916078567505,0.23994226063098884
COHFACE_s14_session3_natural,33,55,34.833333333333336,0.27505213022232056,0.2107223672936327
COHFACE_s14_session3_natural,33,56,34.86666666666667,-0.0034537166357040405,0.17187890873304218
COHFACE_s14_session3_natural,33,57,34.9,-0.2154446244239807,0.12195551408912902
COHFACE_s14_session3_natural,33,58,34.93333333333333,-0.3379327952861786,0.06266482181226292
COHFACE_s14_session3_natural,33,59,34.96666666666667,-0.4051278531551361,-0.0007799531205185846
COHFACE_s14_session3_natural,33,60,35.0,-0.4895637333393097,-0.060693002786282965
COHFACE_s14_session3_natural,33,61,35.03333333333333,-0.5953211784362793,-0.10925554281807355
COHFACE_s14_session3_natural,33,62,35.06666666666667,-0.7190675139427185,-0.14126196479892164
COHFACE_s14_session3_natural,33,63,35.1,-0.8165276050567627,-0.155911757772056
COHFACE_s14_session3_natural,33,64,35.13333333333333,-0.8460784554481506,-0.1567673136969765
COHFACE_s14_session3_natural,33,65,35.166666666666664,-0.641738772392273,-0.15001984102545224
COHFACE_s14_session3_natural,33,66,35.2,0.16548609733581543,-0.1420155730585222
COHFACE_s14_session3_natural,33,67,35.233333333333334,1.2311534881591797,-0.13718302581008027
COHFACE_s14_session3_natural,33,68,35.266666666666666,1.8225789070129395,-0.13708416447167784
COHFACE_s14_session3_natural,33,69,35.3,1.8312163352966309,-0.14065074076009906
COHFACE_s14_session3_natural,33,70,35.333333333333336,1.6038209199905396,-0.1451802531808169
COHFACE_s14_session3_natural,33,71,35.36666666666667,1.2141847610473633,-0.14753521614358286
COHFACE_s14_session3_natural,33,72,35.4,0.7939095497131348,-0.14515215237249324
COHFACE_s14_session3_natural,33,73,35.43333333333333,0.6499298810958862,-0.13670074893165757
COHFACE_s14_session3_natural,33,74,35.46666666666667,0.7251842617988586,-0.12235358276039064
COHFACE_s14_session3_natural,33,75,35.5,0.6989319324493408,-0.10365189684667515
COHFACE_s14_session3_natural,33,76,35.53333333333333,0.4923478960990906,-0.08299202569826326
COHFACE_s14_session3_natural,33,77,35.56666666666667,0.21727661788463593,-0.06285599573610962
COHFACE_s14_session3_natural,33,78,35.6,-0.049157239496707916,-0.045030389750665034
COHFACE_s14_session3_natural,33,79,35.63333333333333,-0.2538709342479706,-0.030095301521561965
COHFACE_s14_session3_natural,33,80,35.666666666666664,-0.38414639234542847,-0.017356433140054865
COHFACE_s14_session3_natural,33,81,35.7,-0.45059332251548767,-0.005210398016914889
COHFACE_s14_session3_natural,33,82,35.733333333333334,-0.5393139123916626,0.008203472392467978
COHFACE_s14_session3_natural,33,83,35.766666666666666,-0.6790769696235657,0.024238330785981733
COHFACE_s14_session3_natural,33,84,35.8,-0.809182345867157,0.04299647681412594
COHFACE_s14_session3_natural,33,85,35.833333333333336,-0.9000113010406494,0.06279488681045778
COHFACE_s14_session3_natural,33,86,35.86666666666667,-0.9267397522926331,0.08019329163005902
COHFACE_s14_session3_natural,33,87,35.9,-0.6719697713851929,0.09091605771483041
COHFACE_s14_session3_natural,33,88,35.93333333333333,0.1894940435886383,0.09156054055917531
COHFACE_s14_session3_natural,33,89,35.96666666666667,1.248496413230896,0.08135634884096155
COHFACE_s14_session3_natural,33,90,36.0,1.768578052520752,0.06291220771616238
COHFACE_s14_session3_natural,33,91,36.03333333333333,1.7375309467315674,0.041302336509537255
COHFACE_s14_session3_natural,33,92,36.06666666666667,1.4630377292633057,0.021918549136430206
COHFACE_s14_session3_natural,33,93,36.1,1.0015137195587158,0.008356136468021124
COHFACE_s14_session3_natural,33,94,36.13333333333333,0.6129657626152039,0.0014537143720654978
COHFACE_s14_session3_natural,33,95,36.166666666666664,0.5535579919815063,-0.0002568021022895541
COHFACE_s14_session3_natural,33,96,36.2,0.6273161172866821,0.0007381231488470877
COHFACE_s14_session3_natural,33,97,36.233333333333334,0.5803543925285339,0.002200663180316341
COHFACE_s14_session3_natural,33,98,36.266666666666666,0.3410229980945587,0.0028422574751034695
COHFACE_s14_session3_natural,33,99,36.3,0.04010745510458946,0.0024331807678415088
COHFACE_s14_session3_natural,33,100,36.333333333333336,-0.22278982400894165,0.001575700953288893
COHFACE_s14_session3_natural,33,101,36.36666666666667,-0.40570592880249023,0.001348076086415855
COHFACE_s14_session3_natural,33,102,36.4,-0.5131296515464783,0.0028464853912575673
COHFACE_s14_session3_natural,33,103,36.43333333333333,-0.5768561363220215,0.006617490687060274
COHFACE_s14_session3_natural,33,104,36.46666666666667,-0.6536747813224792,0.012173183254962703
COHFACE_s14_session3_natural,33,105,36.5,-0.7833721041679382,0.01792459395570721
COHFACE_s14_session3_natural,33,106,36.53333333333333,-0.940001904964447,0.021688237855576272
COHFACE_s14_session3_natural,33,107,36.56666666666667,-1.0460994243621826,0.021565764095269013
COHFACE_s14_session3_natural,33,108,36.6,-1.0831995010375977,0.016766879990012175
COHFACE_s14_session3_natural,33,109,36.63333333333333,-0.9326226711273193,0.007960559294037675
COHFACE_s14_session3_natural,33,110,36.666666666666664,-0.21598871052265167,-0.003029478178434366
COHFACE_s14_session3_natural,33,111,36.7,0.8733806610107422,-0.01401552186860903
COHFACE_s14_session3_natural,33,112,36.733333333333334,1.5521323680877686,-0.023256961839844485
COHFACE_s14_session3_natural,33,113,36.766666666666666,1.6070854663848877,-0.029840984911942047
COHFACE_s14_session3_natural,33,114,36.8,1.363979458808899,-0.033554718155650844
COHFACE_s14_session3_natural,33,115,36.833333333333336,0.9361209869384766,-0.03453069987545962
COHFACE_s14_session3_natural,33,116,36.86666666666667,0.4935041069984436,-0.03295971532556911
COHFACE_s14_session3_natural,33,117,36.9,0.36370474100112915,-0.028961466204448054
COHFACE_s14_session3_natural,33,118,36.93333333333333,0.4771474003791809,-0.02256799605615617
COHFACE_s14_session3_natural,33,119,36.96666666666667,0.49554443359375,-0.013769869621395469
COHFACE_s14_session3_natural,33,120,37.0,0.30310675501823425,-0.002621737375014507
COHFACE_s14_session3_natural,33,121,37.03333333333333,0.01888796128332615,0.0105776935127196
COHFACE_s14_session3_natural,33,122,37.06666666666667,-0.2522386610507965,0.025058879503148623
COHFACE_s14_session3_natural,33,123,37.1,-0.46120306849479675,0.03939910209424778
COHFACE_s14_session3_natural,33,124,37.13333333333333,-0.5941649675369263,0.05150142610769026
COHFACE_s14_session3_natural,33,125,37.166666666666664,-0.6726838946342468,0.0588229301509729
COHFACE_s14_session3_natural,33,126,37.2,-0.7465440630912781,0.05886939136296048
COHFACE_s14_session3_natural,33,127,37.233333333333334,-0.8416917324066162,0.04987960395863511
COHFACE_s14_session3_natural,33,128,37.266666666666666,-0.9699608683586121,0.0315340945999242
COHFACE_s14_session3_natural,33,129,37.3,-1.076262354850769,0.005480013103219511
COHFACE_s14_session3_natural,33,130,37.333333333333336,-1.1210477352142334,-0.024523230519642083
COHFACE_s14_session3_natural,33,131,37.36666666666667,-1.045045256614685,-0.053014075867176026
COHFACE_s14_session3_natural,33,132,37.4,-0.427945613861084,-0.07393630363943042
COHFACE_s14_session3_natural,33,133,37.43333333333333,0.63112473487854,-0.08237919494102809
COHFACE_s14_session3_natural,33,134,37.46666666666667,1.3499010801315308,-0.07645184525015972
COHFACE_s14_session3_natural,33,135,37.5,1.4288620948791504,-0.05838623864182661
COHFACE_s14_session3_natural,33,136,37.53333333333333,1.1603538990020752,-0.03398775392141589
COHFACE_s14_session3_natural,33,137,37.56666666666667,0.699135959148407,-0.010315153116621468
COHFACE_s14_session3_natural,33,138,37.6,0.2994341552257538,0.0072938018601723335
COHFACE_s14_session3_natural,33,139,37.63333333333333,0.2222074419260025,0.017131317047718638
COHFACE_s14_session3_natural,33,140,37.666666666666664,0.3406829535961151,0.020995307653062095
COHFACE_s14_session3_natural,33,141,37.7,0.36064422130584717,0.022441348283931843
COHFACE_s14_session3_natural,33,142,37.733333333333334,0.17925836145877838,0.024660776544387072
COHFACE_s14_session3_natural,33,143,37.766666666666666,-0.09312648326158524,0.02912867072329822
COHFACE_s14_session3_natural,33,144,37.8,-0.34255754947662354,0.03540547795421467
COHFACE_s14_session3_natural,33,145,37.833333333333336,-0.5247595310211182,0.041739960403359
COHFACE_s14_session3_natural,33,146,37.86666666666667,-0.614534318447113,0.04592043280803293
COHFACE_s14_session3_natural,33,147,37.9,-0.6845178604125977,0.04603852512313706
COHFACE_s14_session3_natural,33,148,37.93333333333333,-0.7738845348358154,0.0410707249207322
COHFACE_s14_session3_natural,33,149,37.96666666666667,-0.8912718892097473,0.03123028766517458
COHFACE_s14_session3_natural,33,150,38.0,-1.0154603719711304,0.017941887037128366
COHFACE_s14_session3_natural,33,151,38.03333333333333,-1.0855458974838257,0.0033198755172400467
COHFACE_s14_session3_natural,33,152,38.06666666666667,-1.1134305000305176,-0.010666602700607066
COHFACE_s14_session3_natural,33,153,38.1,-0.8154053688049316,-0.02287382120113347
COHFACE_s14_session3_natural,33,154,38.13333333333333,0.107370525598526,-0.03310902117640629
COHFACE_s14_session3_natural,33,155,38.166666666666664,1.1148203611373901,-0.04167988469033668
COHFACE_s14_session3_natural,33,156,38.2,1.5397543907165527,-0.048750073452786834
COHFACE_s14_session3_natural,33,157,38.233333333333334,1.4316846132278442,-0.054009563237700134
COHFACE_s14_session3_natural,33,158,38.266666666666666,1.0705790519714355,-0.056897339559302325
COHFACE_s14_session3_natural,33,159,38.3,0.6126257181167603,-0.05713712439871479
COHFACE_s14_session3_natural,33,160,38.333333333333336,0.30361685156822205,-0.05503998512664167
COHFACE_s14_session3_natural,33,161,38.36666666666667,0.3141585886478424,-0.05124634866400529
COHFACE_s14_session3_natural,33,162,38.4,0.41787564754486084,-0.046235505424137104
COHFACE_s14_session3_natural,33,163,38.43333333333333,0.3528909385204315,-0.04024568933773971
COHFACE_s14_session3_natural,33,164,38.46666666666667,0.10988694429397583,-0.03372873905437286
COHFACE_s14_session3_natural,33,165,38.5,-0.1779024302959442,-0.027759422684993918
COHFACE_s14_session3_natural,33,166,38.53333333333333,-0.4114868938922882,-0.023768511974401805
COHFACE_s14_session3_natural,33,167,38.56666666666667,-0.5572009086608887,-0.022562368095802022
COHFACE_s14_session3_natural,33,168,38.6,-0.6522805094718933,-0.023272993209351157
COHFACE_s14_session3_natural,33,169,38.63333333333333,-0.7336559295654297,-0.023064074590378097
COHFACE_s14_session3_natural,33,170,38.666666666666664,-0.8320001363754272,-0.017912916733653774
COHFACE_s14_session3_natural,33,171,38.7,-0.9526180028915405,-0.004079424728624105
COHFACE_s14_session3_natural,33,172,38.733333333333334,-1.0646324157714844,0.02044414717055145
COHFACE_s14_session3_natural,33,173,38.766666666666666,-1.1121042966842651,0.055028058058858395
COHFACE_s14_session3_natural,33,174,38.8,-0.981590747833252,0.09616730802873771
COHFACE_s14_session3_natural,33,175,38.833333333333336,-0.2896108329296112,0.13781778362697295
COHFACE_s14_session3_natural,33,176,38.86666666666667,0.8810659050941467,0.1723470801190066
COHFACE_s14_session3_natural,33,177,38.9,1.6734983921051025,0.19228046429540616
COHFACE_s14_session3_natural,33,178,38.93333333333333,1.7836085557937622,0.19274398553649522
COHFACE_s14_session3_natural,33,179,38.96666666666667,1.582227349281311,0.17377906890211064
COHFACE_s14_session3_natural,33,180,39.0,1.175350308418274,0.1410497668151626
COHFACE_s14_session3_natural,33,181,39.03333333333333,0.6788005828857422,0.1038772683205104
COHFACE_s14_session3_natural,33,182,39.06666666666667,0.47796353697776794,0.07124372003601898
COHFACE_s14_session3_natural,33,183,39.1,0.5416220426559448,0.04792745013496835
COHFACE_s14_session3_natural,33,184,39.13333333333333,0.5566524863243103,0.032826950412998344
COHFACE_s14_session3_natural,33,185,39.166666666666664,0.3734983503818512,0.020160306809161987
COHFACE_s14_session3_natural,33,186,39.2,0.0839746743440628,0.002743359992316731
COHFACE_s14_session3_natural,33,187,39.233333333333334,-0.2088475376367569,-0.0243816087373781
COHFACE_s14_session3_natural,33,188,39.266666666666666,-0.45552414655685425,-0.061782656522748614
COHFACE_s14_session3_natural,33,189,39.3,-0.6078011989593506,-0.10582881784283486
COHFACE_s14_session3_natural,33,190,39.333333333333336,-0.695807695388794,-0.1505832491961169
COHFACE_s14_session3_natural,33,191,39.36666666666667,-0.7898331880569458,-0.1898370016278231
COHFACE_s14_session3_natural,33,192,39.4,-0.9209927916526794,-0.21823579290566958
COHFACE_s14_session3_natural,33,193,39.43333333333333,-1.0471875667572021,-0.23162561543750854
COHFACE_s14_session3_natural,33,194,39.46666666666667,-1.1384245157241821,-0.2273626929269517
COHFACE_s14_session3_natural,33,195,39.5,-1.154203176498413,-0.20501678539613205
COHFACE_s14_session3_natural,33,196,39.53333333333333,-0.8669579029083252,-0.16708495937849574
COHFACE_s14_session3_natural,33,197,39.56666666666667,0.09029971808195114,-0.11894540821064513
COHFACE_s14_session3_natural,33,198,39.6,1.2474762201309204,-0.06779160401634805
COHFACE_s14_session3_natural,33,199,39.63333333333333,1.8157438039779663,-0.020990054499485374
COHFACE_s14_session3_natural,33,200,39.666666666666664,1.7962925434112549,0.015582310128669908
COHFACE_s14_session3_natural,33,201,39.7,1.5266962051391602,0.038878769867515275
COHFACE_s14_session3_natural,33,202,39.733333333333334,1.0352473258972168,0.049384570092512015
COHFACE_s14_session3_natural,33,203,39.766666666666666,0.588583767414093,0.05082664400486583
COHFACE_s14_session3_natural,33,204,39.8,0.48796120285987854,0.0487717474616289
COHFACE_s14_session3_natural,33,205,39.833333333333336,0.5794022679328918,0.04849338510014189
COHFACE_s14_session3_natural,33,206,39.86666666666667,0.5248232483863831,0.052968715769184875
COHFACE_s14_session3_natural,33,207,39.9,0.283315509557724,0.061935675844799955
COHFACE_s14_session3_natural,33,208,39.93333333333333,-0.046844858676195145,0.07242682469805568
COHFACE_s14_session3_natural,33,209,39.96666666666667,-0.3337500989437103,0.08040839035553102
COHFACE_s14_session3_natural,33,210,40.0,-0.5563847422599792,0.08259852419908977
COHFACE_s14_session3_natural,33,211,40.03333333333333,-0.6796550154685974,0.07756952830674842
COHFACE_s14_session3_natural,33,212,40.06666666666667,-0.7676955461502075,0.06583246026697809
COHFACE_s14_session3_natural,33,213,40.1,-0.862537145614624,0.04927853421260165
COHFACE_s14_session3_natural,33,214,40.13333333333333,-0.99410480260849,0.03060266651943288
COHFACE_s14_session3_natural,33,215,40.166666666666664,-1.114586591720581,0.013061397711983082
COHFACE_s14_session3_natural,33,216,40.2,-1.1786872148513794,0.0003910282434026859
COHFACE_s14_session3_natural,33,217,40.233333333333334,-1.1475720405578613,-0.003605367631841455
COHFACE_s14_session3_natural,33,218,40.266666666666666,-0.7100900411605835,0.0038959079241763462
COHFACE_s14_session3_natural,33,219,40.3,0.38563835620880127,0.023294020938508783
COHFACE_s14_session3_natural,33,220,40.333333333333336,1.4422943592071533,0.05143771922412872
COHFACE_s14_session3_natural,33,221,40.36666666666667,1.8114930391311646,0.08163803252589726
COHFACE_s14_session3_natural,33,222,40.4,1.678599238395691,0.10523412337285223
COHFACE_s14_session3_natural,33,223,40.43333333333333,1.30756413936615,0.11437452913049614
COHFACE_s14_session3_natural,33,224,40.46666666666667,0.7870404124259949,0.10494000477360434
COHFACE_s14_session3_natural,33,225,40.5,0.4520512819290161,0.07823711424881294
COHFACE_s14_session3_natural,33,226,40.53333333333333,0.4401153028011322,0.04050348171519097
COHFACE_s14_session3_natural,33,227,40.56666666666667,0.4957144558429718,0.0003221208463105677
COHFACE_s14_session3_natural,33,228,40.6,0.3698257505893707,-0.034763857983973266
COHFACE_s14_session3_natural,33,229,40.63333333333333,0.09713484346866608,-0.060709516061146676
COHFACE_s14_session3_natural,33,230,40.666666666666664,-0.19269487261772156,-0.07751264125595349
COHFACE_s14_session3_natural,33,231,40.7,-0.45875468850135803,-0.08801288626130387
COHFACE_s14_session3_natural,33,232,40.733333333333334,-0.6352097392082214,-0.09576593453337198
COHFACE_s14_session3_natural,33,233,40.766666666666666,-0.7307314276695251,-0.10294245020298864
COHFACE_s14_session3_natural,33,234,40.8,-0.8007149696350098,-0.10911884535287286
COHFACE_s14_session3_natural,33,235,40.833333333333336,-0.8826684951782227,-0.11148886053027604
COHFACE_s14_session3_natural,33,236,40.86666666666667,-1.0167185068130493,-0.10637699436514594
COHFACE_s14_session3_natural,33,237,40.9,-1.1332896947860718,-0.09129016155156647
COHFACE_s14_session3_natural,33,238,40.93333333333333,-1.1618543863296509,-0.06649008476024049
COHFACE_s14_session3_natural,33,239,40.96666666666667,-1.0599396228790283,-0.03533373940834366
COHFACE_s14_session3_natural,34,0,34.0,0.41175463795661926,0.0016874886862251852
COHFACE_s14_session3_natural,34,1,34.03333333333333,0.5107109546661377,2.619455468649087
COHFACE_s14_session3_natural,34,2,34.06666666666667,0.4888453483581543,4.832116467570993
COHFACE_s14_session3_natural,34,3,34.1,0.3033107817173004,6.333056350461743
COHFACE_s14_session3_natural,34,4,34.13333333333333,0.04412011429667473,6.985125401110731
COHFACE_s14_session3_natural,34,5,34.166666666666664,-0.17229151725769043,6.838629666760111
COHFACE_s14_session3_natural,34,6,34.2,-0.31450292468070984,6.090662265337366
COHFACE_s14_session3_natural,34,7,34.233333333333334,-0.4082903563976288,5.008134562606556
COHFACE_s14_session3_natural,34,8,34.266666666666666,-0.48881563544273376,3.847588750080724
COHFACE_s14_session3_natural,34,9,34.3,-0.5634239315986633,2.7972009179580692
COHFACE_s14_session3_natural,34,10,34.333333333333336,-0.6747242212295532,1.95230231022891
COHFACE_s14_session3_natural,34,11,34.36666666666667,-0.7814338207244873,1.3226814919459144
COHFACE_s14_session3_natural,34,12,34.4,-0.8421338200569153,0.8610083538443858
COHFACE_s14_session3_natural,34,13,34.43333333333333,-0.7703819870948792,0.49827109034709877
COHFACE_s14_session3_natural,34,14,34.46666666666667,-0.19517728686332703,0.1737668191735282
COHFACE_s14_session3_natural,34,15,34.5,0.8223722577095032,-0.1477480072127135
COHFACE_s14_session3_natural,34,16,34.53333333333333,1.5455353260040283,-0.47298151458701243
COHFACE_s14_session3_natural,34,17,34.56666666666667,1.6919294595718384,-0.7874461186086408
COHFACE_s14_session3_natural,34,18,34.6,1.5145561695098877,-1.0673794847470863
COHFACE_s14_session3_natural,34,19,34.63333333333333,1.1601839065551758,-1.2909033085574115
COHFACE_s14_session3_natural,34,20,34.666666666666664,0.7266464829444885,-1.4451816139161728
COHFACE_s14_session3_natural,34,21,34.7,0.5378473997116089,-1.5287310985639084
COHFACE_s14_session3_natural,34,22,34.733333333333334,0.6028320789337158,-1.5497441466306727
COHFACE_s14_session3_natural,34,23,34.766666666666666,0.6473114490509033,-1.5221009186031107
COHFACE_s14_session3_natural,34,24,34.8,0.5147916078567505,-1.4608833254873812
COHFACE_s14_session3_natural,34,25,34.833333333333336,0.27505213022232056,-1.3788299725125446
COHFACE_s14_session3_natural,34,26,34.86666666666667,-0.0034537166357040405,-1.284468156771205
COHFACE_s14_session3_natural,34,27,34.9,-0.2154446244239807,-1.1819286391957937
COHFACE_s14_session3_natural,34,28,34.93333333333333,-0.3379327952861786,-1.0719640383193643
COHFACE_s14_session3_natural,34,29,34.96666666666667,-0.4051278531551361,-0.9535680311387079
COHFACE_s14_session3_natural,34,30,35.0,-0.4895637333393097,-0.8257300254450826
COHFACE_s14_session3_natural,34,31,35.03333333333333,-0.5953211784362793,-0.6889594667486368
COHFACE_s14_session3_natural,34,32,35.06666666666667,-0.7190675139427185,-0.5461376226476049
COHFACE_s14_session3_natural,34,33,35.1,-0.8165276050567627,-0.4023024804102552
COHFACE_s14_session3_natural,34,34,35.13333333333333,-0.8460784554481506,-0.26339716076260183
COHFACE_s14_session3_natural,34,35,35.166666666666664,-0.641738772392273,-0.134544801391207
COHFACE_s14_session3_natural,34,36,35.2,0.16548609733581543,-0.01864784288377516
COHFACE_s14_session3_natural,34,37,35.233333333333334,1.2311534881591797,0.08404744464722733
COHFACE_s14_session3_natural,34,38,35.266666666666666,1.8225789070129395,0.17521460719775028
COHFACE_s14_session3_natural,34,39,35.3,1.8312163352966309,0.256887637723666
COHFACE_s14_session3_natural,34,40,35.333333333333336,1.6038209199905396,0.329876224235809
COHFACE_s14_session3_natural,34,41,35.36666666666667,1.2141847610473633,0.39298993742408606
COHFACE_s14_session3_natural,34,42,35.4,0.7939095497131348,0.4434334637877889
COHFACE_s14_session3_natural,34,43,35.43333333333333,0.6499298810958862,0.47808793052141924
COHFACE_s14_session3_natural,34,44,35.46666666666667,0.7251842617988586,0.49499279848216376
COHFACE_s14_session3_natural,34,45,35.5,0.6989319324493408,0.4943271834232929
COHFACE_s14_session3_natural,34,46,35.53333333333333,0.4923478960990906,0.4784840465891044
COHFACE_s14_session3_natural,34,47,35.56666666666667,0.21727661788463593,0.45128730637368664
COHFACE_s14_session3_natural,34,48,35.6,-0.049157239496707916,0.41681705754590515
COHFACE_s14_session3_natural,34,49,35.63333333333333,-0.2538709342479706,0.3784516455320798
COHFACE_s14_session3_natural,34,50,35.666666666666664,-0.38414639234542847,0.3385175185417552
COHFACE_s14_session3_natural,34,51,35.7,-0.45059332251548767,0.29853165798119347
COHFACE_s14_session3_natural,34,52,35.733333333333334,-0.5393139123916626,0.25969045297743537
COHFACE_s14_session3_natural,34,53,35.766666666666666,-0.6790769696235657,0.2231578845740112
COHFACE_s14_session3_natural,34,54,35.8,-0.809182345867157,0.18987036242464178
COHFACE_s14_session3_natural,34,55,35.833333333333336,-0.9000113010406494,0.15994941202496707
COHFACE_s14_session3_natural,34,56,35.86666666666667,-0.9267397522926331,0.13220494049236994
COHFACE_s14_session3_natural,34,57,35.9,-0.6719697713851929,0.10429879716235056
COHFACE_s14_session3_natural,34,58,35.93333333333333,0.1894940435886383,0.0737550212786337
COHFACE_s14_session3_natural,34,59,35.96666666666667,1.248496413230896,0.0393777546315971
COHFACE_s14_session3_natural,34,60,36.0,1.768578052520752,0.0022103131762894286
COHFACE_s14_session3_natural,34,61,36.03333333333333,1.7375309467315674,-0.034677634631678965
COHFACE_s14_session3_natural,34,62,36.06666666666667,1.4630377292633057,-0.06754643298515757
COHFACE_s14_session3_natural,34,63,36.1,1.0015137195587158,-0.09368116626473616
COHFACE_s14_session3_natural,34,64,36.13333333333333,0.6129657626152039,-0.11241513882062806
COHFACE_s14_session3_natural,34,65,36.166666666666664,0.5535579919815063,-0.12497353195544678
COHFACE_s14_session3_natural,34,66,36.2,0.6273161172866821,-0.13346899876379953
COHFACE_s14_session3_natural,34,67,36.233333333333334,0.5803543925285339,-0.13985801445906396
COHFACE_s14_session3_natural,34,68,36.266666666666666,0.3410229980945587,-0.1453938951883161
COHFACE_s14_session3_natural,34,69,36.3,0.04010745510458946,-0.15054246493474394
COHFACE_s14_session3_natural,34,70,36.333333333333336,-0.22278982400894165,-0.1550775455044976
COHFACE_s14_session3_natural,34,71,36.36666666666667,-0.40570592880249023,-0.15820027806293532
COHFACE_s14_session3_natural,34,72,36.4,-0.5131296515464783,-0.1587434046570106
COHFACE_s14_session3_natural,34,73,36.43333333333333,-0.5768561363220215,-0.15556789163282658
COHFACE_s14_session3_natural,34,74,36.46666666666667,-0.6536747813224792,-0.14807328030519398
COHFACE_s14_session3_natural,34,75,36.5,-0.7833721041679382,-0.13655081245569042
COHFACE_s14_session3_natural,34,76,36.53333333333333,-0.940001904964447,-0.12214260073417746
COHFACE_s14_session3_natural,34,77,36.56666666666667,-1.0460994243621826,-0.10638703152172263
COHFACE_s14_session3_natural,34,78,36.6,-1.0831995010375977,-0.09055405754530617
COHFACE_s14_session3_natural,34,79,36.63333333333333,-0.9326226711273193,-0.07509032062786856
COHFACE_s14_session3_natural,34,80,36.666666666666664,-0.21598871052265167,-0.059456871851327045
COHFACE_s14_session3_natural,34,81,36.7,0.8733806610107422,-0.042454129280336275
COHFACE_s14_session3_natural,34,82,36.733333333333334,1.5521323680877686,-0.02287511366556747
COHFACE_s14_session3_natural,34,83,36.766666666666666,1.6070854663848877,-0.00018447598596277532
COHFACE_s14_session3_natural,34,84,36.8,1.363979458808899,0.0250208327314084
COHFACE_s14_session3_natural,34,85,36.833333333333336,0.9361209869384766,0.050886691321462715
COHFACE_s14_session3_natural,34,86,36.86666666666667,0.4935041069984436,0.07457845851036417
COHFACE_s14_session3_natural,34,87,36.9,0.36370474100112915,0.09298891339353806
COHFACE_s14_session3_natural,34,88,36.93333333333333,0.4771474003791809,0.10377245614426549
COHFACE_s14_session3_natural,34,89,36.96666666666667,0.49554443359375,0.10637204424683305
COHFACE_s14_session3_natural,34,90,37.0,0.30310675501823425,0.10252315602546312
COHFACE_s14_session3_natural,34,91,37.03333333333333,0.01888796128332615,0.09581068304495251
COHFACE_s14_session3_natural,34,92,37.06666666666667,-0.2522386610507965,0.09029868784257479
COHFACE_s14_session3_natural,34,93,37.1,-0.46120306849479675,0.08879117274895976
COHFACE_s14_session3_natural,34,94,37.13333333333333,-0.5941649675369263,0.0915464616018395
COHFACE_s14_session3_natural,34,95,37.166666666666664,-0.6726838946342468,0.09605675597539672
COHFACE_s14_session3_natural,34,96,37.2,-0.7465440630912781,0.09792405499005347
COHFACE_s14_session3_natural,34,97,37.233333333333334,-0.8416917324066162,0.09235937967266322
COHFACE_s14_session3_natural,34,98,37.266666666666666,-0.9699608683586121,0.0757505684750765
COHFACE_s14_session3_natural,34,99,37.3,-1.076262354850769,0.04693872427391838
COHFACE_s14_session3_natural,34,100,37.333333333333336,-1.1210477352142334,0.007996239399361924
COHFACE_s14_session3_natural,34,101,37.36666666666667,-1.045045256614685,-0.035700326998561085
COHFACE_s14_session3_natural,34,102,37.4,-0.427945613861084,-0.07635625987124774
COHFACE_s14_session3_natural,34,103,37.43333333333333,0.63112473487854,-0.10572292141577888
COHFACE_s14_session3_natural,34,104,37.46666666666667,1.3499010801315308,-0.11779646044963993
COHFACE_s14_session3_natural,34,105,37.5,1.4288620948791504,-0.1112315093698161
COHFACE_s14_session3_natural,34,106,37.53333333333333,1.1603538990020752,-0.09004321427240539
COHFACE_s14_session3_natural,34,107,37.56666666666667,0.699135959148407,-0.0618071394881135
COHFACE_s14_session3_natural,34,108,37.6,0.2994341552257538,-0.03424920374954608
COHFACE_s14_session3_natural,34,109,37.63333333333333,0.2222074419260025,-0.012307844636464374
COHFACE_s14_session3_natural,34,110,37.666666666666664,0.3406829535961151,0.0028085397268579927
COHFACE_s14_session3_natural,34,111,37.7,0.36064422130584717,0.012598694566589907
COHFACE_s14_session3_natural,34,112,37.733333333333334,0.17925836145877838,0.01940958563872856
COHFACE_s14_session3_natural,34,113,37.766666666666666,-0.09312648326158524,0.024956266215713743
COHFACE_s14_session3_natural,34,114,37.8,-0.34255754947662354,0.029768601925490884
COHFACE_s14_session3_natural,34,115,37.833333333333336,-0.5247595310211182,0.03338928252658716
COHFACE_s14_session3_natural,34,116,37.86666666666667,-0.614534318447113,0.034904666973688166
COHFACE_s14_session3_natural,34,117,37.9,-0.6845178604125977,0.03350920057399155
COHFACE_s14_session3_natural,34,118,37.93333333333333,-0.7738845348358154,0.02893057196399649
COHFACE_s14_session3_natural,34,119,37.96666666666667,-0.8912718892097473,0.021591696524412562
COHFACE_s14_session3_natural,34,120,38.0,-1.0154603719711304,0.012440003870527135
COHFACE_s14_session3_natural,34,121,38.03333333333333,-1.0855458974838257,0.0025010134959745005
COHFACE_s14_session3_natural,34,122,38.06666666666667,-1.1134305000305176,-0.00761093626513523
COHFACE_s14_session3_natural,34,123,38.1,-0.8154053688049316,-0.01791222516979209
COHFACE_s14_session3_natural,34,124,38.13333333333333,0.107370525598526,-0.028818841436810197
COHFACE_s14_session3_natural,34,125,38.166666666666664,1.1148203611373901,-0.040563669062339665
COHFACE_s14_session3_natural,34,126,38.2,1.5397543907165527,-0.052614629414187174
COHFACE_s14_session3_natural,34,127,38.233333333333334,1.4316846132278442,-0.06349616516049575
COHFACE_s14_session3_natural,34,128,38.266666666666666,1.0705790519714355,-0.07119143618044918
COHFACE_s14_session3_natural,34,129,38.3,0.6126257181167603,-0.0739096091497516
COHFACE_s14_session3_natural,34,130,38.333333333333336,0.30361685156822205,-0.07070783288637154
COHFACE_s14_session3_natural,34,131,38.36666666666667,0.3141585886478424,-0.061599379480704736
COHFACE_s14_session3_natural,34,132,38.4,0.41787564754486084,-0.047336768112497776
COHFACE_s14_session3_natural,34,133,38.43333333333333,0.3528909385204315,-0.029361735114643215
COHFACE_s14_session3_natural,34,134,38.46666666666667,0.10988694429397583,-0.010012097193607355
COHFACE_s14_session3_natural,34,135,38.5,-0.1779024302959442,0.007484052336241872
COHFACE_s14_session3_natural,34,136,38.53333333333333,-0.4114868938922882,0.019701856598290463
COHFACE_s14_session3_natural,34,137,38.56666666666667,-0.5572009086608887,0.02435404332309014
COHFACE_s14_session3_natural,34,138,38.6,-0.6522805094718933,0.02163882761945023
COHFACE_s14_session3_natural,34,139,38.63333333333333,-0.7336559295654297,0.014771721819251966
COHFACE_s14_session3_natural,34,140,38.666666666666664,-0.8320001363754272,0.009219209182074108
COHFACE_s14_session3_natural,34,141,38.7,-0.9526180028915405,0.010823279471980106
COHFACE_s14_session3_natural,34,142,38.733333333333334,-1.0646324157714844,0.023581243221450086
COHFACE_s14_session3_natural,34,143,38.766666666666666,-1.1121042966842651,0.04798602672346351
COHFACE_s14_session3_natural,34,144,38.8,-0.981590747833252,0.08049427217331831
COHFACE_s14_session3_natural,34,145,38.833333333333336,-0.2896108329296112,0.11423106954606972
COHFACE_s14_session3_natural,34,146,38.86666666666667,0.8810659050941467,0.14078787054170358
COHFACE_s14_session3_natural,34,147,38.9,1.6734983921051025,0.15281814479999709
COHFACE_s14_session3_natural,34,148,38.93333333333333,1.7836085557937622,0.14683385626461395
COHFACE_s14_session3_natural,34,149,38.96666666666667,1.582227349281311,0.125115294763813
COHFACE_s14_session3_natural,34,150,39.0,1.175350308418274,0.09537022927751297
COHFACE_s14_session3_natural,34,151,39.03333333333333,0.6788005828857422,0.06757550654624972
COHFACE_s14_session3_natural,34,152,39.06666666666667,0.47796353697776794,0.049343584029699704
COHFACE_s14_session3_natural,34,153,39.1,0.5416220426559448,0.04243581797885132
COHFACE_s14_session3_natural,34,154,39.13333333333333,0.5566524863243103,0.04227898043721184
COHFACE_s14_session3_natural,34,155,39.166666666666664,0.3734983503818512,0.0404503719665193
COHFACE_s14_session3_natural,34,156,39.2,0.0839746743440628,0.02869774917839525
COHFACE_s14_session3_natural,34,157,39.233333333333334,-0.2088475376367569,0.0025891006455815843
COHFACE_s14_session3_natural,34,158,39.266666666666666,-0.45552414655685425,-0.036829414947912364
COHFACE_s14_session3_natural,34,159,39.3,-0.6078011989593506,-0.0839412413701484
COHFACE_s14_session3_natural,34,160,39.333333333333336,-0.695807695388794,-0.13112873311876005
COHFACE_s14_session3_natural,34,161,39.36666666666667,-0.7898331880569458,-0.17130211234637463
COHFACE_s14_session3_natural,34,162,39.4,-0.9209927916526794,-0.19926469126150176
COHFACE_s14_session3_natural,34,163,39.43333333333333,-1.0471875667572021,-0.2119816148820808
COHFACE_s14_session3_natural,34,164,39.46666666666667,-1.1384245157241821,-0.20847200860476703
COHFACE_s14_session3_natural,34,165,39.5,-1.154203176498413,-0.18983299251543706
COHFACE_s14_session3_natural,34,166,39.53333333333333,-0.8669579029083252,-0.15924746093759246
COHFACE_s14_session3_natural,34,167,39.56666666666667,0.09029971808195114,-0.12150755278531794
COHFACE_s14_session3_natural,34,168,39.6,1.2474762201309204,-0.08198274348961465
COHFACE_s14_session3_natural,34,169,39.63333333333333,1.8157438039779663,-0.04546772809355763
COHFACE_s14_session3_natural,34,170,39.666666666666664,1.7962925434112549,-0.0153123160112233
COHFACE_s14_session3_natural,34,171,39.7,1.5266962051391602,0.0070680746803510434
COHFACE_s14_session3_natural,34,172,39.733333333333334,1.0352473258972168,0.022283065816885758
COHFACE_s14_session3_natural,34,173,39.766666666666666,0.588583767414093,0.032559426903527824
COHFACE_s14_session3_natural,34,174,39.8,0.48796120285987854,0.0407841389936459
COHFACE_s14_session3_natural,34,175,39.833333333333336,0.5794022679328918,0.04922023830098564
COHFACE_s14_session3_natural,34,176,39.86666666666667,0.5248232483863831,0.05845590350485032
COHFACE_s14_session3_natural,34,177,39.9,0.283315509557724,0.06720554358548377
COHFACE_s14_session3_natural,34,178,39.93333333333333,-0.046844858676195145,0.07316127112086272
COHFACE_s14_session3_natural,34,179,39.96666666666667,-0.3337500989437103,0.07443524854802724
COHFACE_s14_session3_natural,34,180,40.0,-0.5563847422599792,0.07070068990389336
COHFACE_s14_session3_natural,34,181,40.03333333333333,-0.6796550154685974,0.06330615726948763
COHFACE_s14_session3_natural,34,182,40.06666666666667,-0.7676955461502075,0.05438058364517685
COHFACE_s14_session3_natural,34,183,40.1,-0.862537145614624,0.04567900125960024
COHFACE_s14_session3_natural,34,184,40.13333333333333,-0.99410480260849,0.038044672481304484
COHFACE_s14_session3_natural,34,185,40.166666666666664,-1.114586591720581,0.0318339479528871
COHFACE_s14_session3_natural,34,186,40.2,-1.1786872148513794,0.027864200643905716
COHFACE_s14_session3_natural,34,187,40.233333333333334,-1.1475720405578613,0.0279809157922684
COHFACE_s14_session3_natural,34,188,40.266666666666666,-0.7100900411605835,0.03456146575415331
COHFACE_s14_session3_natural,34,189,40.3,0.38563835620880127,0.04901440840921008
COHFACE_s14_session3_natural,34,190,40.333333333333336,1.4422943592071533,0.07010126953385148
COHFACE_s14_session3_natural,34,191,40.36666666666667,1.8114930391311646,0.0932020534873956
COHFACE_s14_session3_natural,34,192,40.4,1.678599238395691,0.11123769378549739
COHFACE_s14_session3_natural,34,193,40.43333333333333,1.30756413936615,0.11708413535370144
COHFACE_s14_session3_natural,34,194,40.46666666666667,0.7870404124259949,0.10645180895611148
COHFACE_s14_session3_natural,34,195,40.5,0.4520512819290161,0.0798169370632431
COHFACE_s14_session3_natural,34,196,40.53333333333333,0.4401153028011322,0.04233696902607859
COHFACE_s14_session3_natural,34,197,40.56666666666667,0.4957144558429718,0.0017105769367583964
COHFACE_s14_session3_natural,34,198,40.6,0.3698257505893707,-0.034847224788454104
COHFACE_s14_session3_natural,34,199,40.63333333333333,0.09713484346866608,-0.0628777383541367
COHFACE_s14_session3_natural,34,200,40.666666666666664,-0.19269487261772156,-0.08128076141156304
COHFACE_s14_session3_natural,34,201,40.7,-0.45875468850135803,-0.09145545665980319
COHFACE_s14_session3_natural,34,202,40.733333333333334,-0.6352097392082214,-0.09577480425817848
COHFACE_s14_session3_natural,34,203,40.766666666666666,-0.7307314276695251,-0.09619919496388207
COHFACE_s14_session3_natural,34,204,40.8,-0.8007149696350098,-0.09361610016221487
COHFACE_s14_session3_natural,34,205,40.833333333333336,-0.8826684951782227,-0.0880936605803581
COHFACE_s14_session3_natural,34,206,40.86666666666667,-1.0167185068130493,-0.07969811763670585
COHFACE_s14_session3_natural,34,207,40.9,-1.1332896947860718,-0.0691977108964412
COHFACE_s14_session3_natural,34,208,40.93333333333333,-1.1618543863296509,-0.05813816245497263
COHFACE_s14_session3_natural,34,209,40.96666666666667,-1.0599396228790283,-0.04827207314261305
COHFACE_s14_session3_natural,34,210,41.0,-0.4344746768474579,-0.040781657039149447
COHFACE_s14_session3_natural,34,211,41.03333333333333,0.7123301029205322,-0.03585098674057258
COHFACE_s14_session3_natural,34,212,41.06666666666667,1.5717875957489014,-0.03284471706211421
COHFACE_s14_session3_natural,34,213,41.1,1.744297981262207,-0.030852272651791773
COHFACE_s14_session3_natural,34,214,41.13333333333333,1.5002398490905762,-0.02904009542639395
COHFACE_s14_session3_natural,34,215,41.166666666666664,1.0563308000564575,-0.02646889077740365
COHFACE_s14_session3_natural,34,216,41.2,0.5649838447570801,-0.021699946992341006
COHFACE_s14_session3_natural,34,217,41.233333333333334,0.36601710319519043,-0.012902839352794036
COHFACE_s14_session3_natural,34,218,41.266666666666666,0.4411354660987854,0.0012468882434160638
COHFACE_s14_session3_natural,34,219,41.3,0.4648033678531647,0.02038436207753874
COHFACE_s14_session3_natural,34,220,41.333333333333336,0.2923949956893921,0.04188098740323918
COHFACE_s14_session3_natural,34,221,41.36666666666667,0.00021888808987569064,0.06144291865962452
COHFACE_s14_session3_natural,34,222,41.4,-0.296752005815506,0.0746374847608316
COHFACE_s14_session3_natural,34,223,41.43333333333333,-0.5354713201522827,0.07850964963665727
COHFACE_s14_session3_natural,34,224,41.46666666666667,-0.6984601616859436,0.07255554946545154
COHFACE_s14_session3_natural,34,225,41.5,-0.7961242198944092,0.05881998270377639
COHFACE_s14_session3_natural,34,226,41.53333333333333,-0.8870552182197571,0.041250395117572634
COHFACE_s14_session3_natural,34,227,41.56666666666667,-1.0022321939468384,0.02455134773147385
COHFACE_s14_session3_natural,34,228,41.6,-1.1443074941635132,0.012794434134659976
COHFACE_s14_session3_natural,34,229,41.63333333333333,-1.2351025342941284,0.008123106209495844
COHFACE_s14_session3_natural,34,230,41.666666666666664,-1.285294771194458,0.010044879554677337
COHFACE_s14_session3_natural,34,231,41.7,-1.1346158981323242,0.015730417347048085
COHFACE_s14_session3_natural,34,232,41.733333333333334,-0.34500595927238464,0.02127165599491362
COHFACE_s14_session3_natural,34,233,41.766666666666666,0.7452475428581238,0.02332163862473183
COHFACE_s14_session3_natural,34,234,41.8,1.3510233163833618,0.02036249261226569
COHFACE_s14_session3_natural,34,235,41.833333333333336,1.3518394231796265,0.013068378923808499
COHFACE_s14_session3_natural,34,236,41.86666666666667,1.0414702892303467,0.0036654763906993925
COHFACE_s14_session3_natural,34,237,41.9,0.560495138168335,-0.005343916466856428
COHFACE_s14_session3_natural,34,238,41.93333333333333,0.16378581523895264,-0.012416525443397471
COHFACE_s14_session3_natural,34,239,41.96666666666667,0.1244073361158371,-0.017517627691695785
COHFACE_s14_session3_natural,35,0,35.0,-0.4895637333393097,0.004369024876526241
COHFACE_s14_session3_natural,35,1,35.03333333333333,-0.5953211784362793,2.601889118638993
COHFACE_s14_session3_natural,35,2,35.06666666666667,-0.7190675139427185,4.797916754463776
COHFACE_s14_session3_natural,35,3,35.1,-0.8165276050567627,6.288594939781843
COHFACE_s14_session3_natural,35,4,35.13333333333333,-0.8460784554481506,6.937900716658901
COHFACE_s14_session3_natural,35,5,35.166666666666664,-0.641738772392273,6.795083500259696
COHFACE_s14_session3_natural,35,6,35.2,0.16548609733581543,6.05408869137152
COHFACE_s14_session3_natural,35,7,35.233333333333334,1.2311534881591797,4.97761376309412
COHFACE_s14_session3_natural,35,8,35.266666666666666,1.8225789070129395,3.818702639961025
COHFACE_s14_session3_natural,35,9,35.3,1.8312163352966309,2.7645598344843196
COHFACE_s14_session3_natural,35,10,35.333333333333336,1.6038209199905396,1.9129379003750218
COHFACE_s14_session3_natural,35,11,35.36666666666667,1.2141847610473633,1.278688129969213
COHFACE_s14_session3_natural,35,12,35.4,0.7939095497131348,0.8199346625226824
COHFACE_s14_session3_natural,35,13,35.43333333333333,0.6499298810958862,0.4707587336834115
COHFACE_s14_session3_natural,35,14,35.46666666666667,0.7251842617988586,0.1693585522466513
COHFACE_s14_session3_natural,35,15,35.5,0.6989319324493408,-0.12467604390048516
COHFACE_s14_session3_natural,35,16,35.53333333333333,0.4923478960990906,-0.42527721473884844
COHFACE_s14_session3_natural,35,17,35.56666666666667,0.21727661788463593,-0.7244662385320663
COHFACE_s14_session3_natural,35,18,35.6,-0.049157239496707916,-1.0021320167709098
COHFACE_s14_session3_natural,35,19,35.63333333333333,-0.2538709342479706,-1.2364922408066006
COHFACE_s14_session3_natural,35,20,35.666666666666664,-0.38414639234542847,-1.4118687510794372
COHFACE_s14_session3_natural,35,21,35.7,-0.45059332251548767,-1.522175223298297
COHFACE_s14_session3_natural,35,22,35.733333333333334,-0.5393139123916626,-1.570308271882806
COHFACE_s14_session3_natural,35,23,35.766666666666666,-0.6790769696235657,-1.5649494148832357
COHFACE_s14_session3_natural,35,24,35.8,-0.809182345867157,-1.5168002966284697
COHFACE_s14_session3_natural,35,25,35.833333333333336,-0.9000113010406494,-1.4358954660441074
COHFACE_s14_session3_natural,35,26,35.86666666666667,-0.9267397522926331,-1.3306106656999896
COHFACE_s14_session3_natural,35,27,35.9,-0.6719697713851929,-1.2079167605534307
COHFACE_s14_session3_natural,35,28,35.93333333333333,0.1894940435886383,-1.0739117744546123
COHFACE_s14_session3_natural,35,29,35.96666666666667,1.248496413230896,-0.9339108363019542
COHFACE_s14_session3_natural,35,30,36.0,1.768578052520752,-0.792108625388649
COHFACE_s14_session3_natural,35,31,36.03333333333333,1.7375309467315674,-0.6513439170418832
COHFACE_s14_session3_natural,35,32,36.06666666666667,1.4630377292633057,-0.5133293250853886
COHFACE_s14_session3_natural,35,33,36.1,1.0015137195587158,-0.3792129493143185
COHFACE_s14_session3_natural,35,34,36.13333333333333,0.6129657626152039,-0.2500913618811298
COHFACE_s14_session3_natural,35,35,36.166666666666664,0.5535579919815063,-0.127230573991226
COHFACE_s14_session3_natural,35,36,36.2,0.6273161172866821,-0.01205956759197203
COHFACE_s14_session3_natural,35,37,36.233333333333334,0.5803543925285339,0.09384509496827663
COHFACE_s14_session3_natural,35,38,36.266666666666666,0.3410229980945587,0.18871700098729643
COHFACE_s14_session3_natural,35,39,36.3,0.04010745510458946,0.2706618100262001
COHFACE_s14_session3_natural,35,40,36.333333333333336,-0.22278982400894165,0.3379931319472575
COHFACE_s14_session3_natural,35,41,36.36666666666667,-0.40570592880249023,0.38977602795608296
COHFACE_s14_session3_natural,35,42,36.4,-0.5131296515464783,0.426241291535265
COHFACE_s14_session3_natural,35,43,36.43333333333333,-0.5768561363220215,0.4487331994690164
COHFACE_s14_session3_natural,35,44,36.46666666666667,-0.6536747813224792,0.4592100184581166
COHFACE_s14_session3_natural,35,45,36.5,-0.7833721041679382,0.4596733256468343
COHFACE_s14_session3_natural,35,46,36.53333333333333,-0.940001904964447,0.45189036225487067
COHFACE_s14_session3_natural,35,47,36.56666666666667,-1.0460994243621826,0.43745085324244914
COHFACE_s14_session3_natural,35,48,36.6,-1.0831995010375977,0.4178788277894896
COHFACE_s14_session3_natural,35,49,36.63333333333333,-0.9326226711273193,0.3944961422866358
COHFACE_s14_session3_natural,35,50,36.666666666666664,-0.21598871052265167,0.3680525077525874
COHFACE_s14_session3_natural,35,51,36.7,0.8733806610107422,0.3384596578147142
COHFACE_s14_session3_natural,35,52,36.733333333333334,1.5521323680877686,0.30495466100477747
COHFACE_s14_session3_natural,35,53,36.766666666666666,1.6070854663848877,0.26670633436761315
COHFACE_s14_session3_natural,35,54,36.8,1.363979458808899,0.22354181456501981
COHFACE_s14_session3_natural,35,55,36.833333333333336,0.9361209869384766,0.17638122613179216
COHFACE_s14_session3_natural,35,56,36.86666666666667,0.4935041069984436,0.12720195901149117
COHFACE_s14_session3_natural,35,57,36.9,0.36370474100112915,0.07866495365308783
COHFACE_s14_session3_natural,35,58,36.93333333333333,0.4771474003791809,0.03364366832986431
COHFACE_s14_session3_natural,35,59,36.96666666666667,0.49554443359375,-0.005217186902148115
COHFACE_s14_session3_natural,35,60,37.0,0.30310675501823425,-0.03595166964067935
COHFACE_s14_session3_natural,35,61,37.03333333333333,0.01888796128332615,-0.057776358257955504
COHFACE_s14_session3_natural,35,62,37.06666666666667,-0.2522386610507965,-0.07149563785400115
COHFACE_s14_session3_natural,35,63,37.1,-0.46120306849479675,-0.0795136976699633
COHFACE_s14_session3_natural,35,64,37.13333333333333,-0.5941649675369263,-0.08529808277375128
COHFACE_s14_session3_natural,35,65,37.166666666666664,-0.6726838946342468,-0.09243541835227878
COHFACE_s14_session3_natural,35,66,37.2,-0.7465440630912781,-0.10362027231866691
COHFACE_s14_session3_natural,35,67,37.233333333333334,-0.8416917324066162,-0.11992439749911286
COHFACE_s14_session3_natural,35,68,37.266666666666666,-0.9699608683586121,-0.1405431991763643
COHFACE_s14_session3_natural,35,69,37.3,-1.076262354850769,-0.16301539989206446
COHFACE_s14_session3_natural,35,70,37.333333333333336,-1.1210477352142334,-0.18377546283257318
COHFACE_s14_session3_natural,35,71,37.36666666666667,-1.045045256614685,-0.19889163213805647
COHFACE_s14_session3_natural,35,72,37.4,-0.427945613861084,-0.2049215852286957
COHFACE_s14_session3_natural,35,73,37.43333333333333,0.63112473487854,-0.19981407152161745
COHFACE_s14_session3_natural,35,74,37.46666666666667,1.3499010801315308,-0.1836182494388017
COHFACE_s14_session3_natural,35,75,37.5,1.4288620948791504,-0.15861501740445524
COHFACE_s14_session3_natural,35,76,37.53333333333333,1.1603538990020752,-0.1285989494350335
COHFACE_s14_session3_natural,35,77,37.56666666666667,0.699135959148407,-0.09748063861815034
COHFACE_s14_session3_natural,35,78,37.6,0.2994341552257538,-0.06791356136804218
COHFACE_s14_session3_natural,35,79,37.63333333333333,0.2222074419260025,-0.040746334111170464
COHFACE_s14_session3_natural,35,80,37.666666666666664,0.3406829535961151,-0.015520648332563527
COHFACE_s14_session3_natural,35,81,37.7,0.36064422130584717,0.00848968704127856
COHFACE_s14_session3_natural,35,82,37.733333333333334,0.17925836145877838,0.03143226074346216
COHFACE_s14_session3_natural,35,83,37.766666666666666,-0.09312648326158524,0.05264877536519079
COHFACE_s14_session3_natural,35,84,37.8,-0.34255754947662354,0.07099976787003058
COHFACE_s14_session3_natural,35,85,37.833333333333336,-0.5247595310211182,0.08537438627368212
COHFACE_s14_session3_natural,35,86,37.86666666666667,-0.614534318447113,0.09507880626609035
COHFACE_s14_session3_natural,35,87,37.9,-0.6845178604125977,0.10001642708085955
COHFACE_s14_session3_natural,35,88,37.93333333333333,-0.7738845348358154,0.10068347355090145
COHFACE_s14_session3_natural,35,89,37.96666666666667,-0.8912718892097473,0.0979884037030338
COHFACE_s14_session3_natural,35,90,38.0,-1.0154603719711304,0.09289037051331793
COHFACE_s14_session3_natural,35,91,38.03333333333333,-1.0855458974838257,0.08594261561910865
COHFACE_s14_session3_natural,35,92,38.06666666666667,-1.1134305000305176,0.0769900571225309
COHFACE_s14_session3_natural,35,93,38.1,-0.8154053688049316,0.06529575223264591
COHFACE_s14_session3_natural,35,94,38.13333333333333,0.107370525598526,0.05012676713004632
COHFACE_s14_session3_natural,35,95,38.166666666666664,1.1148203611373901,0.031496011617617864
COHFACE_s14_session3_natural,35,96,38.2,1.5397543907165527,0.01060508317895942
COHFACE_s14_session3_natural,35,97,38.233333333333334,1.4316846132278442,-0.010329538889191987
COHFACE_s14_session3_natural,35,98,38.266666666666666,1.0705790519714355,-0.028830149884209372
COHFACE_s14_session3_natural,35,99,38.3,0.6126257181167603,-0.04308209855732023
COHFACE_s14_session3_natural,35,100,38.333333333333336,0.30361685156822205,-0.052474820149149275
COHFACE_s14_session3_natural,35,101,38.36666666666667,0.3141585886478424,-0.057477198349068365
COHFACE_s14_session3_natural,35,102,38.4,0.41787564754486084,-0.05912566348817492
COHFACE_s14_session3_natural,35,103,38.43333333333333,0.3528909385204315,-0.05867597382289152
COHFACE_s14_session3_natural,35,104,38.46666666666667,0.10988694429397583,-0.057606743619562716
COHFACE_s14_session3_natural,35,105,38.5,-0.1779024302959442,-0.05763814793432083
COHFACE_s14_session3_natural,35,106,38.53333333333333,-0.4114868938922882,-0.060348835406030414
COHFACE_s14_session3_natural,35,107,38.56666666666667,-0.5572009086608887,-0.06633518228197724
COHFACE_s14_session3_natural,35,108,38.6,-0.6522805094718933,-0.07430145487439993
COHFACE_s14_session3_natural,35,109,38.63333333333333,-0.7336559295654297,-0.08067810865976044
COHFACE_s14_session3_natural,35,110,38.666666666666664,-0.8320001363754272,-0.08019369421721742
COHFACE_s14_session3_natural,35,111,38.7,-0.9526180028915405,-0.06737252270934611
COHFACE_s14_session3_natural,35,112,38.733333333333334,-1.0646324157714844,-0.03845809374984379
COHFACE_s14_session3_natural,35,113,38.766666666666666,-1.1121042966842651,0.006937791760581552
COHFACE_s14_session3_natural,35,114,38.8,-0.981590747833252,0.06499199483787672
COHFACE_s14_session3_natural,35,115,38.833333333333336,-0.2896108329296112,0.12787659395700385
COHFACE_s14_session3_natural,35,116,38.86666666666667,0.8810659050941467,0.1850949270595445
COHFACE_s14_session3_natural,35,117,38.9,1.6734983921051025,0.22589696945441415
COHFACE_s14_session3_natural,35,118,38.93333333333333,1.7836085557937622,0.2424051688180472
COHFACE_s14_session3_natural,35,119,38.96666666666667,1.582227349281311,0.23249165268395058
COHFACE_s14_session3_natural,35,120,39.0,1.175350308418274,0.20092317379728106
COHFACE_s14_session3_natural,35,121,39.03333333333333,0.6788005828857422,0.1576719684318073
COHFACE_s14_session3_natural,35,122,39.06666666666667,0.47796353697776794,0.11384511983779719
COHFACE_s14_session3_natural,35,123,39.1,0.5416220426559448,0.0772299756390332
COHFACE_s14_session3_natural,35,124,39.13333333333333,0.5566524863243103,0.04968574467293622
COHFACE_s14_session3_natural,35,125,39.166666666666664,0.3734983503818512,0.027502638355197284
COHFACE_s14_session3_natural,35,126,39.2,0.0839746743440628,0.004222096920412868
COHFACE_s14_session3_natural,35,127,39.233333333333334,-0.2088475376367569,-0.025786974381929516
COHFACE_s14_session3_natural,35,128,39.266666666666666,-0.45552414655685425,-0.06483303348643575
COHFACE_s14_session3_natural,35,129,39.3,-0.6078011989593506,-0.11138220671881531
COHFACE_s14_session3_natural,35,130,39.333333333333336,-0.695807695388794,-0.16103613055909444
COHFACE_s14_session3_natural,35,131,39.36666666666667,-0.7898331880569458,-0.20782218721562193
COHFACE_s14_session3_natural,35,132,39.4,-0.9209927916526794,-0.2451157319867483
COHFACE_s14_session3_natural,35,133,39.43333333333333,-1.0471875667572021,-0.2664515087854171
COHFACE_s14_session3_natural,35,134,39.46666666666667,-1.1384245157241821,-0.26678217481481814
COHFACE_s14_session3_natural,35,135,39.5,-1.154203176498413,-0.2441868702332351
COHFACE_s14_session3_natural,35,136,39.53333333333333,-0.8669579029083252,-0.2011835334680986
COHFACE_s14_session3_natural,35,137,39.56666666666667,0.09029971808195114,-0.14460296714944373
COHFACE_s14_session3_natural,35,138,39.6,1.2474762201309204,-0.08383216818250257
COHFACE_s14_session3_natural,35,139,39.63333333333333,1.8157438039779663,-0.028245651200185413
COHFACE_s14_session3_natural,35,140,39.666666666666664,1.7962925434112549,0.015141090425292167
COHFACE_s14_session3_natural,35,141,39.7,1.5266962051391602,0.043150787657238614
COHFACE_s14_session3_natural,35,142,39.733333333333334,1.0352473258972168,0.0567938317682787
COHFACE_s14_session3_natural,35,143,39.766666666666666,0.588583767414093,0.06045712838180053
COHFACE_s14_session3_natural,35,144,39.8,0.48796120285987854,0.06012242587447114
COHFACE_s14_session3_natural,35,145,39.833333333333336,0.5794022679328918,0.061122663812190364
COHFACE_s14_session3_natural,35,146,39.86666666666667,0.5248232483863831,0.06627190874275678
COHFACE_s14_session3_natural,35,147,39.9,0.283315509557724,0.07518366023880771
COHFACE_s14_session3_natural,35,148,39.93333333333333,-0.046844858676195145,0.08502840766092924
COHFACE_s14_session3_natural,35,149,39.96666666666667,-0.3337500989437103,0.09222285773639023
COHFACE_s14_session3_natural,35,150,40.0,-0.5563847422599792,0.09410915020033504
COHFACE_s14_session3_natural,35,151,40.03333333333333,-0.6796550154685974,0.0898194348042448
COHFACE_s14_session3_natural,35,152,40.06666666666667,-0.7676955461502075,0.08012084800177609
COHFACE_s14_session3_natural,35,153,40.1,-0.862537145614624,0.06667622400760433
COHFACE_s14_session3_natural,35,154,40.13333333333333,-0.99410480260849,0.05140892483123091
COHFACE_s14_session3_natural,35,155,40.166666666666664,-1.114586591720581,0.03639753276501923
COHFACE_s14_session3_natural,35,156,40.2,-1.1786872148513794,0.024154276691648723
COHFACE_s14_session3_natural,35,157,40.233333333333334,-1.1475720405578613,0.017715441813570775
COHFACE_s14_session3_natural,35,158,40.266666666666666,-0.7100900411605835,0.02004257480542663
COHFACE_s14_session3_natural,35,159,40.3,0.38563835620880127,0.032730194138613326
COHFACE_s14_session3_natural,35,160,40.333333333333336,1.4422943592071533,0.054595607030533816
COHFACE_s14_session3_natural,35,161,40.36666666666667,1.8114930391311646,0.08101776715959023
COHFACE_s14_session3_natural,35,162,40.4,1.678599238395691,0.104675900591218
COHFACE_s14_session3_natural,35,163,40.43333333333333,1.30756413936615,0.1176808609643522
COHFACE_s14_session3_natural,35,164,40.46666666666667,0.7870404124259949,0.11430970620475076
COHFACE_s14_session3_natural,35,165,40.5,0.4520512819290161,0.0930958314773212
COHFACE_s14_session3_natural,35,166,40.53333333333333,0.4401153028011322,0.057230229542959254
COHFACE_s14_session3_natural,35,167,40.56666666666667,0.4957144558429718,0.013097132931399422
COHFACE_s14_session3_natural,35,168,40.6,0.3698257505893707,-0.032153900980893456
COHFACE_s14_session3_natural,35,169,40.63333333333333,0.09713484346866608,-0.07267098592310331
COHFACE_s14_session3_natural,35,170,40.666666666666664,-0.19269487261772156,-0.10487963486540752
COHFACE_s14_session3_natural,35,171,40.7,-0.45875468850135803,-0.12750550814962539
COHFACE_s14_session3_natural,35,172,40.733333333333334,-0.6352097392082214,-0.14100801598448812
COHFACE_s14_session3_natural,35,173,40.766666666666666,-0.7307314276695251,-0.1466996361882087
COHFACE_s14_session3_natural,35,174,40.8,-0.8007149696350098,-0.1459065050571832
COHFACE_s14_session3_natural,35,175,40.833333333333336,-0.8826684951782227,-0.13957038053867313
COHFACE_s14_session3_natural,35,176,40.86666666666667,-1.0167185068130493,-0.12838672481778807
COHFACE_s14_session3_natural,35,177,40.9,-1.1332896947860718,-0.11317533543945578
COHFACE_s14_session3_natural,35,178,40.93333333333333,-1.1618543863296509,-0.09507930905442141
COHFACE_s14_session3_natural,35,179,40.96666666666667,-1.0599396228790283,-0.07541175570071242
COHFACE_s14_session3_natural,35,180,41.0,-0.4344746768474579,-0.05529669078116236
COHFACE_s14_session3_natural,35,181,41.03333333333333,0.7123301029205322,-0.035425098236321104
COHFACE_s14_session3_natural,35,182,41.06666666666667,1.5717875957489014,-0.016133199228231556
COHFACE_s14_session3_natural,35,183,41.1,1.744297981262207,0.002301290127316646
COHFACE_s14_session3_natural,35,184,41.13333333333333,1.5002398490905762,0.019496865478481555
COHFACE_s14_session3_natural,35,185,41.166666666666664,1.0563308000564575,0.03517208309976373
COHFACE_s14_session3_natural,35,186,41.2,0.5649838447570801,0.049473844859514844
COHFACE_s14_session3_natural,35,187,41.233333333333334,0.36601710319519043,0.06292303543954172
COHFACE_s14_session3_natural,35,188,41.266666666666666,0.4411354660987854,0.07582287359262585
COHFACE_s14_session3_natural,35,189,41.3,0.4648033678531647,0.0875578465954121
COHFACE_s14_session3_natural,35,190,41.333333333333336,0.2923949956893921,0.09641322109901848
COHFACE_s14_session3_natural,35,191,41.36666666666667,0.00021888808987569064,0.10020182580543195
COHFACE_s14_session3_natural,35,192,41.4,-0.296752005815506,0.09737051367506767
COHFACE_s14_session3_natural,35,193,41.43333333333333,-0.5354713201522827,0.08790743423781248
COHFACE_s14_session3_natural,35,194,41.46666666666667,-0.6984601616859436,0.07359155836267352
COHFACE_s14_session3_natural,35,195,41.5,-0.7961242198944092,0.05760679556752688
COHFACE_s14_session3_natural,35,196,41.53333333333333,-0.8870552182197571,0.04380985965017249
COHFACE_s14_session3_natural,35,197,41.56666666666667,-1.0022321939468384,0.03586912943664054
COHFACE_s14_session3_natural,35,198,41.6,-1.1443074941635132,0.03627556831584108
COHFACE_s14_session3_natural,35,199,41.63333333333333,-1.2351025342941284,0.04521607781996321
COHFACE_s14_session3_natural,35,200,41.666666666666664,-1.285294771194458,0.05963049188937379
COHFACE_s14_session3_natural,35,201,41.7,-1.1346158981323242,0.07309139037425638
COHFACE_s14_session3_natural,35,202,41.733333333333334,-0.34500595927238464,0.07703703747977332
COHFACE_s14_session3_natural,35,203,41.766666666666666,0.7452475428581238,0.06334371969533686
COHFACE_s14_session3_natural,35,204,41.8,1.3510233163833618,0.02753238615839905
COHFACE_s14_session3_natural,35,205,41.833333333333336,1.3518394231796265,-0.028569833565176415
COHFACE_s14_session3_natural,35,206,41.86666666666667,1.0414702892303467,-0.09591685438301517
COHFACE_s14_session3_natural,35,207,41.9,0.560495138168335,-0.15991972186448714
COHFACE_s14_session3_natural,35,208,41.93333333333333,0.16378581523895264,-0.20482533200213138
COHFACE_s14_session3_natural,35,209,41.96666666666667,0.1244073361158371,-0.21954209012383868
COHFACE_s14_session3_natural,35,210,42.0,0.25464877486228943,-0.20208538133071835
COHFACE_s14_session3_natural,35,211,42.03333333333333,0.2285664826631546,-0.15991528422038953
COHFACE_s14_session3_natural,35,212,42.06666666666667,-0.005188002251088619,-0.10602662995602774
COHFACE_s14_session3_natural,35,213,42.1,-0.29440560936927795,-0.05337506093247297
COHFACE_s14_session3_natural,35,214,42.13333333333333,-0.5527801513671875,-0.010601885909876901
COHFACE_s14_session3_natural,35,215,42.166666666666664,-0.7323637008666992,0.019458647369366654
COHFACE_s14_session3_natural,35,216,42.2,-0.8286675810813904,0.038625660040478044
COHFACE_s14_session3_natural,35,217,42.233333333333334,-0.9258555769920349,0.05070020893893523
COHFACE_s14_session3_natural,35,218,42.266666666666666,-1.0364757776260376,0.05872648473608084
COHFACE_s14_session3_natural,35,219,42.3,-1.1560394763946533,0.06342008364006639
COHFACE_s14_session3_natural,35,220,42.333333333333336,-1.256730079650879,0.0634025439952154
COHFACE_s14_session3_natural,35,221,42.36666666666667,-1.3187222480773926,0.05698633960152673
COHFACE_s14_session3_natural,35,222,42.4,-1.249384880065918,0.04432619582467237
COHFACE_s14_session3_natural,35,223,42.43333333333333,-0.6588096022605896,0.02844465581741265
COHFACE_s14_session3_natural,35,224,42.46666666666667,0.42083412408828735,0.014347687531433426
COHFACE_s14_session3_natural,35,225,42.5,1.2442116737365723,0.006729033620807125
COHFACE_s14_session3_natural,35,226,42.53333333333333,1.4442325830459595,0.007742060156898354
COHFACE_s14_session3_natural,35,227,42.56666666666667,1.2529851198196411,0.01624805764245241
COHFACE_s14_session3_natural,35,228,42.6,0.847468376159668,0.02880384861570935
COHFACE_s14_session3_natural,35,229,42.63333333333333,0.38074153661727905,0.04144593297597801
COHFACE_s14_session3_natural,35,230,42.666666666666664,0.2041504681110382,0.05107173304944886
COHFACE_s14_session3_natural,35,231,42.7,0.30157649517059326,0.05587123286953696
COHFACE_s14_session3_natural,35,232,42.733333333333334,0.36210647225379944,0.05512030383766894
COHFACE_s14_session3_natural,35,233,42.766666666666666,0.19214648008346558,0.04897807201169262
COHFACE_s14_session3_natural,35,234,42.8,-0.09710513800382614,0.03851587265326028
COHFACE_s14_session3_natural,35,235,42.833333333333336,-0.3720743954181671,0.02566372094802079
COHFACE_s14_session3_natural,35,236,42.86666666666667,-0.576754093170166,0.012746527381858752
COHFACE_s14_session3_natural,35,237,42.9,-0.7101240754127502,0.0016796938461457792
COHFACE_s14_session3_natural,35,238,42.93333333333333,-0.812242865562439,-0.006765059425666811
COHFACE_s14_session3_natural,35,239,42.96666666666667,-0.9030718207359314,-0.013182482230882692
COHFACE_s14_session3_natural,36,0,36.0,1.768578052520752,-0.003224647163824721
COHFACE_s14_session3_natural,36,1,36.03333333333333,1.7375309467315674,2.5855757133410293
COHFACE_s14_session3_natural,36,2,36.06666666666667,1.4630377292633057,4.7766917323954985
COHFACE_s14_session3_natural,36,3,36.1,1.0015137195587158,6.268860568533671
COHFACE_s14_session3_natural,36,4,36.13333333333333,0.6129657626152039,6.926841201586235
COHFACE_s14_session3_natural,36,5,36.166666666666664,0.5535579919815063,6.798754560723467
COHFACE_s14_session3_natural,36,6,36.2,0.6273161172866821,6.075912045698463
COHFACE_s14_session3_natural,36,7,36.233333333333334,0.5803543925285339,5.017475969768049
COHFACE_s14_session3_natural,36,8,36.266666666666666,0.3410229980945587,3.872696814985551
COHFACE_s14_session3_natural,36,9,36.3,0.04010745510458946,2.8254587675608827
COHFACE_s14_session3_natural,36,10,36.333333333333336,-0.22278982400894165,1.9714900130369768
COHFACE_s14_session3_natural,36,11,36.36666666666667,-0.40570592880249023,1.3256086904418278
COHFACE_s14_session3_natural,36,12,36.4,-0.5131296515464783,0.8481191186183381
COHFACE_s14_session3_natural,36,13,36.43333333333333,-0.5768561363220215,0.4770221931697606
COHFACE_s14_session3_natural,36,14,36.46666666666667,-0.6536747813224792,0.15511161484040675
COHFACE_s14_session3_natural,36,15,36.5,-0.7833721041679382,-0.1540065104879403
COHFACE_s14_session3_natural,36,16,36.53333333333333,-0.940001904964447,-0.4618282115319863
COHFACE_s14_session3_natural,36,17,36.56666666666667,-1.0460994243621826,-0.7599704716482716
COHFACE_s14_session3_natural,36,18,36.6,-1.0831995010375977,-1.0297631275605985
COHFACE_s14_session3_natural,36,19,36.63333333333333,-0.9326226711273193,-1.252009165182031
COHFACE_s14_session3_natural,36,20,36.666666666666664,-0.21598871052265167,-1.4138592878508294
COHFACE_s14_session3_natural,36,21,36.7,0.8733806610107422,-1.511582616850331
COHFACE_s14_session3_natural,36,22,36.733333333333334,1.5521323680877686,-1.5496832936608753
COHFACE_s14_session3_natural,36,23,36.766666666666666,1.6070854663848877,-1.5378543162699694
COHFACE_s14_session3_natural,36,24,36.8,1.363979458808899,-1.4875010140174827
COHFACE_s14_session3_natural,36,25,36.833333333333336,0.9361209869384766,-1.4091204771136163
COHFACE_s14_session3_natural,36,26,36.86666666666667,0.4935041069984436,-1.3110209366012588
COHFACE_s14_session3_natural,36,27,36.9,0.36370474100112915,-1.1991479831746168
COHFACE_s14_session3_natural,36,28,36.93333333333333,0.4771474003791809,-1.0774705114305227
COHFACE_s14_session3_natural,36,29,36.96666666666667,0.49554443359375,-0.9484878908502731
COHFACE_s14_session3_natural,36,30,37.0,0.30310675501823425,-0.8137326436408163
COHFACE_s14_session3_natural,36,31,37.03333333333333,0.01888796128332615,-0.6743443495789786
COHFACE_s14_session3_natural,36,32,37.06666666666667,-0.2522386610507965,-0.5317213064270702
COHFACE_s14_session3_natural,36,33,37.1,-0.46120306849479675,-0.38809491978025157
COHFACE_s14_session3_natural,36,34,37.13333333333333,-0.5941649675369263,-0.24684500790716338
COHFACE_s14_session3_natural,36,35,37.166666666666664,-0.6726838946342468,-0.11245289658858888
COHFACE_s14_session3_natural,36,36,37.2,-0.7465440630912781,0.009943889308203491
COHFACE_s14_session3_natural,36,37,37.233333333333334,-0.8416917324066162,0.11537830632411251
COHFACE_s14_session3_natural,36,38,37.266666666666666,-0.9699608683586121,0.20015577660989464
COHFACE_s14_session3_natural,36,39,37.3,-1.076262354850769,0.2629893713549648
COHFACE_s14_session3_natural,36,40,37.333333333333336,-1.1210477352142334,0.305783852189313
COHFACE_s14_session3_natural,36,41,37.36666666666667,-1.045045256614685,0.33361881277240335
COHFACE_s14_session3_natural,36,42,37.4,-0.427945613861084,0.3536052138835261
COHFACE_s14_session3_natural,36,43,37.43333333333333,0.63112473487854,0.3727073025756487
COHFACE_s14_session3_natural,36,44,37.46666666666667,1.3499010801315308,0.3952458780463137
COHFACE_s14_session3_natural,36,45,37.5,1.4288620948791504,0.4212370389084383
COHFACE_s14_session3_natural,36,46,37.53333333333333,1.1603538990020752,0.44655499643115676
COHFACE_s14_session3_natural,36,47,37.56666666666667,0.699135959148407,0.4650097721989954
COHFACE_s14_session3_natural,36,48,37.6,0.2994341552257538,0.47121699560777874
COHFACE_s14_session3_natural,36,49,37.63333333333333,0.2222074419260025,0.46261546857639346
COHFACE_s14_session3_natural,36,50,37.666666666666664,0.3406829535961151,0.439729576108344
COHFACE_s14_session3_natural,36,51,37.7,0.36064422130584717,0.40503848860939834
COHFACE_s14_session3_natural,36,52,37.733333333333334,0.17925836145877838,0.3615259199537062
COHFACE_s14_session3_natural,36,53,37.766666666666666,-0.09312648326158524,0.3118232218879727
COHFACE_s14_session3_natural,36,54,37.8,-0.34255754947662354,0.25815393999479125
COHFACE_s14_session3_natural,36,55,37.833333333333336,-0.5247595310211182,0.20266045626274895
COHFACE_s14_session3_natural,36,56,37.86666666666667,-0.614534318447113,0.14758884176770493
COHFACE_s14_session3_natural,36,57,37.9,-0.6845178604125977,0.09511658774547552
COHFACE_s14_session3_natural,36,58,37.93333333333333,-0.7738845348358154,0.046955605653571444
COHFACE_s14_session3_natural,36,59,37.96666666666667,-0.8912718892097473,0.003998984478757475
COHFACE_s14_session3_natural,36,60,38.0,-1.0154603719711304,-0.03382185006749469
COHFACE_s14_session3_natural,36,61,38.03333333333333,-1.0855458974838257,-0.06743964386013597
COHFACE_s14_session3_natural,36,62,38.06666666666667,-1.1134305000305176,-0.09829530145817034
COHFACE_s14_session3_natural,36,63,38.1,-0.8154053688049316,-0.1277206462545253
COHFACE_s14_session3_natural,36,64,38.13333333333333,0.107370525598526,-0.15621858787557766
COHFACE_s14_session3_natural,36,65,38.166666666666664,1.1148203611373901,-0.18297939459805374
COHFACE_s14_session3_natural,36,66,38.2,1.5397543907165527,-0.20596522887226523
COHFACE_s14_session3_natural,36,67,38.233333333333334,1.4316846132278442,-0.22264983311495137
COHFACE_s14_session3_natural,36,68,38.266666666666666,1.0705790519714355,-0.2311231337322667
COHFACE_s14_session3_natural,36,69,38.3,0.6126257181167603,-0.2309751007387044
COHFACE_s14_session3_natural,36,70,38.333333333333336,0.30361685156822205,-0.2233934637125327
COHFACE_s14_session3_natural,36,71,38.36666666666667,0.3141585886478424,-0.2103934408451805
COHFACE_s14_session3_natural,36,72,38.4,0.41787564754486084,-0.19381550677366613
COHFACE_s14_session3_natural,36,73,38.43333333333333,0.3528909385204315,-0.17493293370932317
COHFACE_s14_session3_natural,36,74,38.46666666666667,0.10988694429397583,-0.15482970497494597
COHFACE_s14_session3_natural,36,75,38.5,-0.1779024302959442,-0.13488637000135664
COHFACE_s14_session3_natural,36,76,38.53333333333333,-0.4114868938922882,-0.11662593298594336
COHFACE_s14_session3_natural,36,77,38.56666666666667,-0.5572009086608887,-0.1007968913193843
COHFACE_s14_session3_natural,36,78,38.6,-0.6522805094718933,-0.08631300481639718
COHFACE_s14_session3_natural,36,79,38.63333333333333,-0.7336559295654297,-0.06993430644340567
COHFACE_s14_session3_natural,36,80,38.666666666666664,-0.8320001363754272,-0.04714167440046869
COHFACE_s14_session3_natural,36,81,38.7,-0.9526180028915405,-0.013914105332020414
COHFACE_s14_session3_natural,36,82,38.733333333333334,-1.0646324157714844,0.03137637628836573
COHFACE_s14_session3_natural,36,83,38.766666666666666,-1.1121042966842651,0.08673876365175348
COHFACE_s14_session3_natural,36,84,38.8,-0.981590747833252,0.1464125367857403
COHFACE_s14_session3_natural,36,85,38.833333333333336,-0.2896108329296112,0.20180802304571926
COHFACE_s14_session3_natural,36,86,38.86666666666667,0.8810659050941467,0.2434044738740157
COHFACE_s14_session3_natural,36,87,38.9,1.6734983921051025,0.26339016431976275
COHFACE_s14_session3_natural,36,88,38.93333333333333,1.7836085557937622,0.2585205675051716
COHFACE_s14_session3_natural,36,89,38.96666666666667,1.582227349281311,0.23209664486615827
COHFACE_s14_session3_natural,36,90,39.0,1.175350308418274,0.19358522917672907
COHFACE_s14_session3_natural,36,91,39.03333333333333,0.6788005828857422,0.15518430582341913
COHFACE_s14_session3_natural,36,92,39.06666666666667,0.47796353697776794,0.12666876019049927
COHFACE_s14_session3_natural,36,93,39.1,0.5416220426559448,0.1113068815124579
COHFACE_s14_session3_natural,36,94,39.13333333333333,0.5566524863243103,0.10496450073667525
COHFACE_s14_session3_natural,36,95,39.166666666666664,0.3734983503818512,0.09856042476923398
COHFACE_s14_session3_natural,36,96,39.2,0.0839746743440628,0.08244787681501793
COHFACE_s14_session3_natural,36,97,39.233333333333334,-0.2088475376367569,0.050629067640107106
COHFACE_s14_session3_natural,36,98,39.266666666666666,-0.45552414655685425,0.0029179319995407205
COHFACE_s14_session3_natural,36,99,39.3,-0.6078011989593506,-0.055697293714716316
COHFACE_s14_session3_natural,36,100,39.333333333333336,-0.695807695388794,-0.11757554227781918
COHFACE_s14_session3_natural,36,101,39.36666666666667,-0.7898331880569458,-0.17499246627777296
COHFACE_s14_session3_natural,36,102,39.4,-0.9209927916526794,-0.22154628789272032
COHFACE_s14_session3_natural,36,103,39.43333333333333,-1.0471875667572021,-0.2525086161579228
COHFACE_s14_session3_natural,36,104,39.46666666666667,-1.1384245157241821,-0.26494605235851526
COHFACE_s14_session3_natural,36,105,39.5,-1.154203176498413,-0.2581584631557319
COHFACE_s14_session3_natural,36,106,39.53333333333333,-0.8669579029083252,-0.2341668754109767
COHFACE_s14_session3_natural,36,107,39.56666666666667,0.09029971808195114,-0.19756344982103047
COHFACE_s14_session3_natural,36,108,39.6,1.2474762201309204,-0.1544910628549465
COHFACE_s14_session3_natural,36,109,39.63333333333333,1.8157438039779663,-0.11118065248432057
COHFACE_s14_session3_natural,36,110,39.666666666666664,1.7962925434112549,-0.07257381844664304
COHFACE_s14_session3_natural,36,111,39.7,1.5266962051391602,-0.04131808507543716
COHFACE_s14_session3_natural,36,112,39.733333333333334,1.0352473258972168,-0.01733778811132843
COHFACE_s14_session3_natural,36,113,39.766666666666666,0.588583767414093,0.0017997281722059904
COHFACE_s14_session3_natural,36,114,39.8,0.48796120285987854,0.01966298844497348
COHFACE_s14_session3_natural,36,115,39.833333333333336,0.5794022679328918,0.039223838148339456
COHFACE_s14_session3_natural,36,116,39.86666666666667,0.5248232483863831,0.06138857131147837
COHFACE_s14_session3_natural,36,117,39.9,0.283315509557724,0.08458713876130289
COHFACE_s14_session3_natural,36,118,39.93333333333333,-0.046844858676195145,0.10562486304286861
COHFACE_s14_session3_natural,36,119,39.96666666666667,-0.3337500989437103,0.12123563029890731
COHFACE_s14_session3_natural,36,120,40.0,-0.5563847422599792,0.12942073443914412
COHFACE_s14_session3_natural,36,121,40.03333333333333,-0.6796550154685974,0.12991178072827755
COHFACE_s14_session3_natural,36,122,40.06666666666667,-0.7676955461502075,0.1237507283568359
COHFACE_s14_session3_natural,36,123,40.1,-0.862537145614624,0.112549279094456
COHFACE_s14_session3_natural,36,124,40.13333333333333,-0.99410480260849,0.09806980269379512
COHFACE_s14_session3_natural,36,125,40.166666666666664,-1.114586591720581,0.08236435398637634
COHFACE_s14_session3_natural,36,126,40.2,-1.1786872148513794,0.06813792700409554
COHFACE_s14_session3_natural,36,127,40.233333333333334,-1.1475720405578613,0.058699979223531845
COHFACE_s14_session3_natural,36,128,40.266666666666666,-0.7100900411605835,0.05708806037185441
COHFACE_s14_session3_natural,36,129,40.3,0.38563835620880127,0.06453768391195944
COHFACE_s14_session3_natural,36,130,40.333333333333336,1.4422943592071533,0.07904800072474293
COHFACE_s14_session3_natural,36,131,40.36666666666667,1.8114930391311646,0.09498924719532968
COHFACE_s14_session3_natural,36,132,40.4,1.678599238395691,0.10434232438033292
COHFACE_s14_session3_natural,36,133,40.43333333333333,1.30756413936615,0.0993824062546852
COHFACE_s14_session3_natural,36,134,40.46666666666667,0.7870404124259949,0.07578287308389296
COHFACE_s14_session3_natural,36,135,40.5,0.4520512819290161,0.03468035184050244
COHFACE_s14_session3_natural,36,136,40.53333333333333,0.4401153028011322,-0.017451553916017225
COHFACE_s14_session3_natural,36,137,40.56666666666667,0.4957144558429718,-0.07118776488934846
COHFACE_s14_session3_natural,36,138,40.6,0.3698257505893707,-0.11751491595336906
COHFACE_s14_session3_natural,36,139,40.63333333333333,0.09713484346866608,-0.15037332836571443
COHFACE_s14_session3_natural,36,140,40.666666666666664,-0.19269487261772156,-0.1674338193130634
COHFACE_s14_session3_natural,36,141,40.7,-0.45875468850135803,-0.16943836233114745
COHFACE_s14_session3_natural,36,142,40.733333333333334,-0.6352097392082214,-0.1589773089862893
COHFACE_s14_session3_natural,36,143,40.766666666666666,-0.7307314276695251,-0.13940628769318147
COHFACE_s14_session3_natural,36,144,40.8,-0.8007149696350098,-0.11424801024745493
COHFACE_s14_session3_natural,36,145,40.833333333333336,-0.8826684951782227,-0.08706527491060495
COHFACE_s14_session3_natural,36,146,40.86666666666667,-1.0167185068130493,-0.061475165673156515
COHFACE_s14_session3_natural,36,147,40.9,-1.1332896947860718,-0.04087314576863326
COHFACE_s14_session3_natural,36,148,40.93333333333333,-1.1618543863296509,-0.027669374377663116
COHFACE_s14_session3_natural,36,149,40.96666666666667,-1.0599396228790283,-0.02229902204105174
COHFACE_s14_session3_natural,36,150,41.0,-0.4344746768474579,-0.022659683540074367
COHFACE_s14_session3_natural,36,151,41.03333333333333,0.7123301029205322,-0.024591707703987456
COHFACE_s14_session3_natural,36,152,41.06666666666667,1.5717875957489014,-0.023435686908303437
COHFACE_s14_session3_natural,36,153,41.1,1.744297981262207,-0.015933306244177273
COHFACE_s14_session3_natural,36,154,41.13333333333333,1.5002398490905762,-0.0013595936270827237
COHFACE_s14_session3_natural,36,155,41.166666666666664,1.0563308000564575,0.018770457421816617
COHFACE_s14_session3_natural,36,156,41.2,0.5649838447570801,0.0419698875852102
COHFACE_s14_session3_natural,36,157,41.233333333333334,0.36601710319519043,0.06586419139430319
COHFACE_s14_session3_natural,36,158,41.266666666666666,0.4411354660987854,0.08837890123266413
COHFACE_s14_session3_natural,36,159,41.3,0.4648033678531647,0.10730346473326735
COHFACE_s14_session3_natural,36,160,41.333333333333336,0.2923949956893921,0.12002085642405301
COHFACE_s14_session3_natural,36,161,41.36666666666667,0.00021888808987569064,0.12394090091429567
COHFACE_s14_session3_natural,36,162,41.4,-0.296752005815506,0.11749099852336503
COHFACE_s14_session3_natural,36,163,41.43333333333333,-0.5354713201522827,0.10103438851115278
COHFACE_s14_session3_natural,36,164,41.46666666666667,-0.6984601616859436,0.07719931416042033
COHFACE_s14_session3_natural,36,165,41.5,-0.7961242198944092,0.05053932396756229
COHFACE_s14_session3_natural,36,166,41.53333333333333,-0.8870552182197571,0.026723394201458393
COHFACE_s14_session3_natural,36,167,41.56666666666667,-1.0022321939468384,0.011418900926156656
COHFACE_s14_session3_natural,36,168,41.6,-1.1443074941635132,0.00885720565900981
COHFACE_s14_session3_natural,36,169,41.63333333333333,-1.2351025342941284,0.02013261202219775
COHFACE_s14_session3_natural,36,170,41.666666666666664,-1.285294771194458,0.041723696262186714
COHFACE_s14_session3_natural,36,171,41.7,-1.1346158981323242,0.06512893599719043
COHFACE_s14_session3_natural,36,172,41.733333333333334,-0.34500595927238464,0.07838138737516438
COHFACE_s14_session3_natural,36,173,41.766666666666666,0.7452475428581238,0.06949591195096558
COHFACE_s14_session3_natural,36,174,41.8,1.3510233163833618,0.030941918378177825
COHFACE_s14_session3_natural,36,175,41.833333333333336,1.3518394231796265,-0.03644652180552617
COHFACE_s14_session3_natural,36,176,41.86666666666667,1.0414702892303467,-0.12176369643838704
COHFACE_s14_session3_natural,36,177,41.9,0.560495138168335,-0.20573441129073355
COHFACE_s14_session3_natural,36,178,41.93333333333333,0.16378581523895264,-0.26618837870112916
COHFACE_s14_session3_natural,36,179,41.96666666666667,0.1244073361158371,-0.2859708306795563
COHFACE_s14_session3_natural,36,180,42.0,0.25464877486228943,-0.25979584789553944
COHFACE_s14_session3_natural,36,181,42.03333333333333,0.2285664826631546,-0.19618924000038204
COHFACE_s14_session3_natural,36,182,42.06666666666667,-0.005188002251088619,-0.11339157757487077
COHFACE_s14_session3_natural,36,183,42.1,-0.29440560936927795,-0.03169749238583289
COHFACE_s14_session3_natural,36,184,42.13333333333333,-0.5527801513671875,0.03370883167040867
COHFACE_s14_session3_natural,36,185,42.166666666666664,-0.7323637008666992,0.07634388863970176
COHFACE_s14_session3_natural,36,186,42.2,-0.8286675810813904,0.09774062607097155
COHFACE_s14_session3_natural,36,187,42.233333333333334,-0.9258555769920349,0.10395157706390278
COHFACE_s14_session3_natural,36,188,42.266666666666666,-1.0364757776260376,0.10153173119861338
COHFACE_s14_session3_natural,36,189,42.3,-1.1560394763946533,0.09486771386854206
COHFACE_s14_session3_natural,36,190,42.333333333333336,-1.256730079650879,0.08568842099621767
COHFACE_s14_session3_natural,36,191,42.36666666666667,-1.3187222480773926,0.07440155999460947
COHFACE_s14_session3_natural,36,192,42.4,-1.249384880065918,0.06194405459228676
COHFACE_s14_session3_natural,36,193,42.43333333333333,-0.6588096022605896,0.050652743063949415
COHFACE_s14_session3_natural,36,194,42.46666666666667,0.42083412408828735,0.04346782640645133
COHFACE_s14_session3_natural,36,195,42.5,1.2442116737365723,0.04207250290583734
COHFACE_s14_session3_natural,36,196,42.53333333333333,1.4442325830459595,0.045475892091082847
COHFACE_s14_session3_natural,36,197,42.56666666666667,1.2529851198196411,0.05030933706170516
COHFACE_s14_session3_natural,36,198,42.6,0.847468376159668,0.052751117252745026
COHFACE_s14_session3_natural,36,199,42.63333333333333,0.38074153661727905,0.05069020884697862
COHFACE_s14_session3_natural,36,200,42.666666666666664,0.2041504681110382,0.04462703911281772
COHFACE_s14_session3_natural,36,201,42.7,0.30157649517059326,0.03683677329621086
COHFACE_s14_session3_natural,36,202,42.733333333333334,0.36210647225379944,0.029609137022644113
COHFACE_s14_session3_natural,36,203,42.766666666666666,0.19214648008346558,0.02389973031897891
COHFACE_s14_session3_natural,36,204,42.8,-0.09710513800382614,0.019099683756101077
COHFACE_s14_session3_natural,36,205,42.833333333333336,-0.3720743954181671,0.013654280328959848
COHFACE_s14_session3_natural,36,206,42.86666666666667,-0.576754093170166,0.005884857456697929
COHFACE_s14_session3_natural,36,207,42.9,-0.7101240754127502,-0.005387158090402425
COHFACE_s14_session3_natural,36,208,42.93333333333333,-0.812242865562439,-0.02044629671814979
COHFACE_s14_session3_natural,36,209,42.96666666666667,-0.9030718207359314,-0.03845476643894762
COHFACE_s14_session3_natural,36,210,43.0,-1.0287225246429443,-0.05753027788438529
COHFACE_s14_session3_natural,36,211,43.03333333333333,-1.1426072120666504,-0.07533751956286416
COHFACE_s14_session3_natural,36,212,43.06666666666667,-1.217759609222412,-0.09002566366916351
COHFACE_s14_session3_natural,36,213,43.1,-1.1402268409729004,-0.10090334635917966
COHFACE_s14_session3_natural,36,214,43.13333333333333,-0.514421820640564,-0.10826894797803394
COHFACE_s14_session3_natural,36,215,43.166666666666664,0.6001456379890442,-0.11239585409898928
COHFACE_s14_session3_natural,36,216,43.2,1.4433485269546509,-0.11242521332024104
COHFACE_s14_session3_natural,36,217,43.233333333333334,1.6610863208770752,-0.10614833588793646
COHFACE_s14_session3_natural,36,218,43.266666666666666,1.514930248260498,-0.09103393589024762
COHFACE_s14_session3_natural,36,219,43.3,1.1381142139434814,-0.06593586444888051
COHFACE_s14_session3_natural,36,220,43.333333333333336,0.6618658304214478,-0.03246452518034613
COHFACE_s14_session3_natural,36,221,43.36666666666667,0.43229401111602783,0.004798381594132822
COHFACE_s14_session3_natural,36,222,43.4,0.48051396012306213,0.03945711891270082
COHFACE_s14_session3_natural,36,223,43.43333333333333,0.5192123055458069,0.0653874217121718
COHFACE_s14_session3_natural,36,224,43.46666666666667,0.3500344753265381,0.07889014752461194
COHFACE_s14_session3_natural,36,225,43.5,0.04857484996318817,0.07998369094847935
COHFACE_s14_session3_natural,36,226,43.53333333333333,-0.24550557136535645,0.07219657841832246
COHFACE_s14_session3_natural,36,227,43.56666666666667,-0.4685142934322357,0.06090376401699038
COHFACE_s14_session3_natural,36,228,43.6,-0.6133100986480713,0.0510860421962424
COHFACE_s14_session3_natural,36,229,43.63333333333333,-0.7161430716514587,0.04568755163388966
COHFACE_s14_session3_natural,36,230,43.666666666666664,-0.8318300843238831,0.04515227874495061
COHFACE_s14_session3_natural,36,231,43.7,-0.9713890552520752,0.047910773660781766
COHFACE_s14_session3_natural,36,232,43.733333333333334,-1.102718710899353,0.05131724429273434
COHFACE_s14_session3_natural,36,233,43.766666666666666,-1.1724982261657715,0.05267888015353775
COHFACE_s14_session3_natural,36,234,43.8,-1.102990746498108,0.050133526151790925
COHFACE_s14_session3_natural,36,235,43.833333333333336,-0.5208488702774048,0.043152119916729
COHFACE_s14_session3_natural,36,236,43.86666666666667,0.6150060892105103,0.03250801054477303
COHFACE_s14_session3_natural,36,237,43.9,1.5589334964752197,0.01974332443467939
COHFACE_s14_session3_natural,36,238,43.93333333333333,1.8352290391921997,0.00642175128251216
COHFACE_s14_session3_natural,36,239,43.96666666666667,1.702165126800537,-0.006402990922150462
COHFACE_s14_session3_natural,37,0,37.0,0.30310675501823425,0.002616248333112553
COHFACE_s14_session3_natural,37,1,37.03333333333333,0.01888796128332615,2.591874536642495
COHFACE_s14_session3_natural,37,2,37.06666666666667,-0.2522386610507965,4.782222434036178
COHFACE_s14_session3_natural,37,3,37.1,-0.46120306849479675,6.27161768332861
COHFACE_s14_session3_natural,37,4,37.13333333333333,-0.5941649675369263,6.924498825732301
COHFACE_s14_session3_natural,37,5,37.166666666666664,-0.6726838946342468,6.788862726905651
COHFACE_s14_session3_natural,37,6,37.2,-0.7465440630912781,6.055776296638439
COHFACE_s14_session3_natural,37,7,37.233333333333334,-0.8416917324066162,4.9841107876695965
COHFACE_s14_session3_natural,37,8,37.266666666666666,-0.9699608683586121,3.8233654874223313
COHFACE_s14_session3_natural,37,9,37.3,-1.076262354850769,2.7589535412058432
COHFACE_s14_session3_natural,37,10,37.333333333333336,-1.1210477352142334,1.8897467646230146
COHFACE_s14_session3_natural,37,11,37.36666666666667,-1.045045256614685,1.2348559537127652
COHFACE_s14_session3_natural,37,12,37.4,-0.427945613861084,0.7587482142989999
COHFACE_s14_session3_natural,37,13,37.43333333333333,0.63112473487854,0.4017628398872854
COHFACE_s14_session3_natural,37,14,37.46666666666667,1.3499010801315308,0.10577741827323184
COHFACE_s14_session3_natural,37,15,37.5,1.4288620948791504,-0.17018586775539102
COHFACE_s14_session3_natural,37,16,37.53333333333333,1.1603538990020752,-0.44474728259404883
COHFACE_s14_session3_natural,37,17,37.56666666666667,0.699135959148407,-0.7166810341438614
COHFACE_s14_session3_natural,37,18,37.6,0.2994341552257538,-0.9717300793131011
COHFACE_s14_session3_natural,37,19,37.63333333333333,0.2222074419260025,-1.190824904928414
COHFACE_s14_session3_natural,37,20,37.666666666666664,0.3406829535961151,-1.3574630648107642
COHFACE_s14_session3_natural,37,21,37.7,0.36064422130584717,-1.4626245765811718
COHFACE_s14_session3_natural,37,22,37.733333333333334,0.17925836145877838,-1.5064416804922318
COHFACE_s14_session3_natural,37,23,37.766666666666666,-0.09312648326158524,-1.4968375591755378
COHFACE_s14_session3_natural,37,24,37.8,-0.34255754947662354,-1.4462057076038237
COHFACE_s14_session3_natural,37,25,37.833333333333336,-0.5247595310211182,-1.3676199906821016
COHFACE_s14_session3_natural,37,26,37.86666666666667,-0.614534318447113,-1.2718986918642696
COHFACE_s14_session3_natural,37,27,37.9,-0.6845178604125977,-1.1662305405495932
COHFACE_s14_session3_natural,37,28,37.93333333333333,-0.7738845348358154,-1.0543253357147842
COHFACE_s14_session3_natural,37,29,37.96666666666667,-0.8912718892097473,-0.937532124713824
COHFACE_s14_session3_natural,37,30,38.0,-1.0154603719711304,-0.8162530037692488
COHFACE_s14_session3_natural,37,31,38.03333333333333,-1.0855458974838257,-0.6911295900948103
COHFACE_s14_session3_natural,37,32,38.06666666666667,-1.1134305000305176,-0.5636787595090742
COHFACE_s14_session3_natural,37,33,38.1,-0.8154053688049316,-0.43627437061752283
COHFACE_s14_session3_natural,37,34,38.13333333333333,0.107370525598526,-0.31163068544794675
COHFACE_s14_session3_natural,37,35,38.166666666666664,1.1148203611373901,-0.19214313867026908
COHFACE_s14_session3_natural,37,36,38.2,1.5397543907165527,-0.07947148951432667
COHFACE_s14_session3_natural,37,37,38.233333333333334,1.4316846132278442,0.025399499609521724
COHFACE_s14_session3_natural,37,38,38.266666666666666,1.0705790519714355,0.12165747169780622
COHFACE_s14_session3_natural,37,39,38.3,0.6126257181167603,0.20807076907416477
COHFACE_s14_session3_natural,37,40,38.333333333333336,0.30361685156822205,0.2828442263272586
COHFACE_s14_session3_natural,37,41,38.36666666666667,0.3141585886478424,0.3441862838961536
COHFACE_s14_session3_natural,37,42,38.4,0.41787564754486084,0.3911588324033019
COHFACE_s14_session3_natural,37,43,38.43333333333333,0.3528909385204315,0.42402851298004
COHFACE_s14_session3_natural,37,44,38.46666666666667,0.10988694429397583,0.4438444253801757
COHFACE_s14_session3_natural,37,45,38.5,-0.1779024302959442,0.4517391458118614
COHFACE_s14_session3_natural,37,46,38.53333333333333,-0.4114868938922882,0.4486603182050855
COHFACE_s14_session3_natural,37,47,38.56666666666667,-0.5572009086608887,0.43580110891301815
COHFACE_s14_session3_natural,37,48,38.6,-0.6522805094718933,0.4153471668689345
COHFACE_s14_session3_natural,37,49,38.63333333333333,-0.7336559295654297,0.3908358307013277
COHFACE_s14_session3_natural,37,50,38.666666666666664,-0.8320001363754272,0.3666896825110182
COHFACE_s14_session3_natural,37,51,38.7,-0.9526180028915405,0.34704943587938875
COHFACE_s14_session3_natural,37,52,38.733333333333334,-1.0646324157714844,0.33442571619366274
COHFACE_s14_session3_natural,37,53,38.766666666666666,-1.1121042966842651,0.3287150499350202
COHFACE_s14_session3_natural,37,54,38.8,-0.981590747833252,0.3268726072537156
COHFACE_s14_session3_natural,37,55,38.833333333333336,-0.2896108329296112,0.3232968195324467
COHFACE_s14_session3_natural,37,56,38.86666666666667,0.8810659050941467,0.31094986060749713
COHFACE_s14_session3_natural,37,57,38.9,1.6734983921051025,0.28324896359360513
COHFACE_s14_session3_natural,37,58,38.93333333333333,1.7836085557937622,0.2365283631778924
COHFACE_s14_session3_natural,37,59,38.96666666666667,1.582227349281311,0.17227028447804407
COHFACE_s14_session3_natural,37,60,39.0,1.175350308418274,0.09770412631612344
COHFACE_s14_session3_natural,37,61,39.03333333333333,0.6788005828857422,0.02373000421638694
COHFACE_s14_session3_natural,37,62,39.06666666666667,0.47796353697776794,-0.03926119171003607
COHFACE_s14_session3_natural,37,63,39.1,0.5416220426559448,-0.08556993346298623
COHFACE_s14_session3_natural,37,64,39.13333333333333,0.5566524863243103,-0.11622230381133206
COHFACE_s14_session3_natural,37,65,39.166666666666664,0.3734983503818512,-0.13794098655300135
COHFACE_s14_session3_natural,37,66,39.2,0.0839746743440628,-0.1596692931324351
COHFACE_s14_session3_natural,37,67,39.233333333333334,-0.2088475376367569,-0.18839375088536492
COHFACE_s14_session3_natural,37,68,39.266666666666666,-0.45552414655685425,-0.22629818817604522
COHFACE_s14_session3_natural,37,69,39.3,-0.6078011989593506,-0.27042778223997216
COHFACE_s14_session3_natural,37,70,39.333333333333336,-0.695807695388794,-0.3144143956873717
COHFACE_s14_session3_natural,37,71,39.36666666666667,-0.7898331880569458,-0.35075563263908444
COHFACE_s14_session3_natural,37,72,39.4,-0.9209927916526794,-0.37253761668396745
COHFACE_s14_session3_natural,37,73,39.43333333333333,-1.0471875667572021,-0.37453626611794516
COHFACE_s14_session3_natural,37,74,39.46666666666667,-1.1384245157241821,-0.35410601159506383
COHFACE_s14_session3_natural,37,75,39.5,-1.154203176498413,-0.3119757224824301
COHFACE_s14_session3_natural,37,76,39.53333333333333,-0.8669579029083252,-0.252552135182594
COHFACE_s14_session3_natural,37,77,39.56666666666667,0.09029971808195114,-0.18323618105874914
COHFACE_s14_session3_natural,37,78,39.6,1.2474762201309204,-0.11279896059481548
COHFACE_s14_session3_natural,37,79,39.63333333333333,1.8157438039779663,-0.0494343889926227
COHFACE_s14_session3_natural,37,80,39.666666666666664,1.7962925434112549,0.000891077019606874
COHFACE_s14_session3_natural,37,81,39.7,1.5266962051391602,0.03549727536165521
COHFACE_s14_session3_natural,37,82,39.733333333333334,1.0352473258972168,0.05534599770368972
COHFACE_s14_session3_natural,37,83,39.766666666666666,0.588583767414093,0.06459810190372807
COHFACE_s14_session3_natural,37,84,39.8,0.48796120285987854,0.06933966117538386
COHFACE_s14_session3_natural,37,85,39.833333333333336,0.5794022679328918,0.07567972757275265
COHFACE_s14_session3_natural,37,86,39.86666666666667,0.5248232483863831,0.08776705201587388
COHFACE_s14_session3_natural,37,87,39.9,0.283315509557724,0.10645907257649415
COHFACE_s14_session3_natural,37,88,39.93333333333333,-0.046844858676195145,0.12918229335891876
COHFACE_s14_session3_natural,37,89,39.96666666666667,-0.3337500989437103,0.1510223328320638
COHFACE_s14_session3_natural,37,90,40.0,-0.5563847422599792,0.16654757234677572
COHFACE_s14_session3_natural,37,91,40.03333333333333,-0.6796550154685974,0.17160847564127485
COHFACE_s14_session3_natural,37,92,40.06666666666667,-0.7676955461502075,0.16450629358931274
COHFACE_s14_session3_natural,37,93,40.1,-0.862537145614624,0.1463252330284388
COHFACE_s14_session3_natural,37,94,40.13333333333333,-0.99410480260849,0.12058313367859388
COHFACE_s14_session3_natural,37,95,40.166666666666664,-1.114586591720581,0.09248494919102641
COHFACE_s14_session3_natural,37,96,40.2,-1.1786872148513794,0.06795222556129046
COHFACE_s14_session3_natural,37,97,40.233333333333334,-1.1475720405578613,0.05244026606276486
COHFACE_s14_session3_natural,37,98,40.266666666666666,-0.7100900411605835,0.04955461845381701
COHFACE_s14_session3_natural,37,99,40.3,0.38563835620880127,0.059691525827540115
COHFACE_s14_session3_natural,37,100,40.333333333333336,1.4422943592071533,0.07921593597064197
COHFACE_s14_session3_natural,37,101,40.36666666666667,1.8114930391311646,0.10077975563906146
COHFACE_s14_session3_natural,37,102,40.4,1.678599238395691,0.11507580364419781
COHFACE_s14_session3_natural,37,103,40.43333333333333,1.30756413936615,0.11370131597135105
COHFACE_s14_session3_natural,37,104,40.46666666666667,0.7870404124259949,0.09215864405850425
COHFACE_s14_session3_natural,37,105,40.5,0.4520512819290161,0.05170026090993536
COHFACE_s14_session3_natural,37,106,40.53333333333333,0.4401153028011322,-0.0009876425580658587
COHFACE_s14_session3_natural,37,107,40.56666666666667,0.4957144558429718,-0.056291170939494144
COHFACE_s14_session3_natural,37,108,40.6,0.3698257505893707,-0.10513332075283702
COHFACE_s14_session3_natural,37,109,40.63333333333333,0.09713484346866608,-0.14163249758431964
COHFACE_s14_session3_natural,37,110,40.666666666666664,-0.19269487261772156,-0.16392954809745552
COHFACE_s14_session3_natural,37,111,40.7,-0.45875468850135803,-0.17336197227957545
COHFACE_s14_session3_natural,37,112,40.733333333333334,-0.6352097392082214,-0.17280766445112322
COHFACE_s14_session3_natural,37,113,40.766666666666666,-0.7307314276695251,-0.1650619164290267
COHFACE_s14_session3_natural,37,114,40.8,-0.8007149696350098,-0.15191378164635005
COHFACE_s14_session3_natural,37,115,40.833333333333336,-0.8826684951782227,-0.13419244525341315
COHFACE_s14_session3_natural,37,116,40.86666666666667,-1.0167185068130493,-0.11249038404620725
COHFACE_s14_session3_natural,37,117,40.9,-1.1332896947860718,-0.08789554458246492
COHFACE_s14_session3_natural,37,118,40.93333333333333,-1.1618543863296509,-0.062179139306530705
COHFACE_s14_session3_natural,37,119,40.96666666666667,-1.0599396228790283,-0.03735418327361585
COHFACE_s14_session3_natural,37,120,41.0,-0.4344746768474579,-0.014979136408165292
COHFACE_s14_session3_natural,37,121,41.03333333333333,0.7123301029205322,0.004273064978638365
COHFACE_s14_session3_natural,37,122,41.06666666666667,1.5717875957489014,0.02051510446554591
COHFACE_s14_session3_natural,37,123,41.1,1.744297981262207,0.0341988726089259
COHFACE_s14_session3_natural,37,124,41.13333333333333,1.5002398490905762,0.045794382412857104
COHFACE_s14_session3_natural,37,125,41.166666666666664,1.0563308000564575,0.05588227028228995
COHFACE_s14_session3_natural,37,126,41.2,0.5649838447570801,0.0653769653293784
COHFACE_s14_session3_natural,37,127,41.233333333333334,0.36601710319519043,0.07530067764878474
COHFACE_s14_session3_natural,37,128,41.266666666666666,0.4411354660987854,0.08595914966450835
COHFACE_s14_session3_natural,37,129,41.3,0.4648033678531647,0.09606803491093863
COHFACE_s14_session3_natural,37,130,41.333333333333336,0.2923949956893921,0.10262500935232806
COHFACE_s14_session3_natural,37,131,41.36666666666667,0.00021888808987569064,0.10190490905286413
COHFACE_s14_session3_natural,37,132,41.4,-0.296752005815506,0.09118024479676416
COHFACE_s14_session3_natural,37,133,41.43333333333333,-0.5354713201522827,0.07027309285780695
COHFACE_s14_session3_natural,37,134,41.46666666666667,-0.6984601616859436,0.04221876555613197
COHFACE_s14_session3_natural,37,135,41.5,-0.7961242198944092,0.012841504152645965
COHFACE_s14_session3_natural,37,136,41.53333333333333,-0.8870552182197571,-0.010589937950566272
COHFACE_s14_session3_natural,37,137,41.56666666666667,-1.0022321939468384,-0.021315980816548317
COHFACE_s14_session3_natural,37,138,41.6,-1.1443074941635132,-0.015255349340821655
COHFACE_s14_session3_natural,37,139,41.63333333333333,-1.2351025342941284,0.007139217645639846
COHFACE_s14_session3_natural,37,140,41.666666666666664,-1.285294771194458,0.04000908854029957
COHFACE_s14_session3_natural,37,141,41.7,-1.1346158981323242,0.07279234298672574
COHFACE_s14_session3_natural,37,142,41.733333333333334,-0.34500595927238464,0.09264590994245446
COHFACE_s14_session3_natural,37,143,41.766666666666666,0.7452475428581238,0.0881068746347279
COHFACE_s14_session3_natural,37,144,41.8,1.3510233163833618,0.05300970817399376
COHFACE_s14_session3_natural,37,145,41.833333333333336,1.3518394231796265,-0.010542650044819767
COHFACE_s14_session3_natural,37,146,41.86666666666667,1.0414702892303467,-0.09127505459555658
COHFACE_s14_session3_natural,37,147,41.9,0.560495138168335,-0.17073671492450948
COHFACE_s14_session3_natural,37,148,41.93333333333333,0.16378581523895264,-0.22842471257423955
COHFACE_s14_session3_natural,37,149,41.96666666666667,0.1244073361158371,-0.24884651898894244
COHFACE_s14_session3_natural,37,150,42.0,0.25464877486228943,-0.2274610209010022
COHFACE_s14_session3_natural,37,151,42.03333333333333,0.2285664826631546,-0.17215640751396405
COHFACE_s14_session3_natural,37,152,42.06666666666667,-0.005188002251088619,-0.0993912444179342
COHFACE_s14_session3_natural,37,153,42.1,-0.29440560936927795,-0.02731176677757633
COHFACE_s14_session3_natural,37,154,42.13333333333333,-0.5527801513671875,0.030554552206922624
COHFACE_s14_session3_natural,37,155,42.166666666666664,-0.7323637008666992,0.06841457817370751
COHFACE_s14_session3_natural,37,156,42.2,-0.8286675810813904,0.08761815704097521
COHFACE_s14_session3_natural,37,157,42.233333333333334,-0.9258555769920349,0.09363807918679762
COHFACE_s14_session3_natural,37,158,42.266666666666666,-1.0364757776260376,0.09251233676765441
COHFACE_s14_session3_natural,37,159,42.3,-1.1560394763946533,0.0882725448092395
COHFACE_s14_session3_natural,37,160,42.333333333333336,-1.256730079650879,0.08214877845848453
COHFACE_s14_session3_natural,37,161,42.36666666666667,-1.3187222480773926,0.07348929434984322
COHFACE_s14_session3_natural,37,162,42.4,-1.249384880065918,0.06152654819586858
COHFACE_s14_session3_natural,37,163,42.43333333333333,-0.6588096022605896,0.046776887850922905
COHFACE_s14_session3_natural,37,164,42.46666666666667,0.42083412408828735,0.031250106884943556
COHFACE_s14_session3_natural,37,165,42.5,1.2442116737365723,0.017511408163168003
COHFACE_s14_session3_natural,37,166,42.53333333333333,1.4442325830459595,0.007418298237464373
COHFACE_s14_session3_natural,37,167,42.56666666666667,1.2529851198196411,0.0015030504415050497
COHFACE_s14_session3_natural,37,168,42.6,0.847468376159668,-0.0006421647205484887
COHFACE_s14_session3_natural,37,169,42.63333333333333,0.38074153661727905,0.0005359005604324641
COHFACE_s14_session3_natural,37,170,42.666666666666664,0.2041504681110382,0.005093836278326617
COHFACE_s14_session3_natural,37,171,42.7,0.30157649517059326,0.013243045621050708
COHFACE_s14_session3_natural,37,172,42.733333333333334,0.36210647225379944,0.0243868734339178
COHFACE_s14_session3_natural,37,173,42.766666666666666,0.19214648008346558,0.03636038874425199
COHFACE_s14_session3_natural,37,174,42.8,-0.09710513800382614,0.045478728313379575
COHFACE_s14_session3_natural,37,175,42.833333333333336,-0.3720743954181671,0.04741528218500066
COHFACE_s14_session3_natural,37,176,42.86666666666667,-0.576754093170166,0.03856211080977212
COHFACE_s14_session3_natural,37,177,42.9,-0.7101240754127502,0.017450691267097446
COHFACE_s14_session3_natural,37,178,42.93333333333333,-0.812242865562439,-0.014175060799687004
COHFACE_s14_session3_natural,37,179,42.96666666666667,-0.9030718207359314,-0.051087102729245125
COHFACE_s14_session3_natural,37,180,43.0,-1.0287225246429443,-0.08557010030424607
COHFACE_s14_session3_natural,37,181,43.03333333333333,-1.1426072120666504,-0.1097478403161943
COHFACE_s14_session3_natural,37,182,43.06666666666667,-1.217759609222412,-0.11841175918777884
COHFACE_s14_session3_natural,37,183,43.1,-1.1402268409729004,-0.11091001266191187
COHFACE_s14_session3_natural,37,184,43.13333333333333,-0.514421820640564,-0.09102588754688827
COHFACE_s14_session3_natural,37,185,43.166666666666664,0.6001456379890442,-0.06491889534217792
COHFACE_s14_session3_natural,37,186,43.2,1.4433485269546509,-0.038336767260323854
COHFACE_s14_session3_natural,37,187,43.233333333333334,1.6610863208770752,-0.014640627326845285
COHFACE_s14_session3_natural,37,188,43.266666666666666,1.514930248260498,0.005521538234003611
COHFACE_s14_session3_natural,37,189,43.3,1.1381142139434814,0.023141776921598252
COHFACE_s14_session3_natural,37,190,43.333333333333336,0.6618658304214478,0.03926969483280147
COHFACE_s14_session3_natural,37,191,43.36666666666667,0.43229401111602783,0.05382698982447091
COHFACE_s14_session3_natural,37,192,43.4,0.48051396012306213,0.06534379173353029
COHFACE_s14_session3_natural,37,193,43.43333333333333,0.5192123055458069,0.07162729248767244
COHFACE_s14_session3_natural,37,194,43.46666666666667,0.3500344753265381,0.07094150892320066
COHFACE_s14_session3_natural,37,195,43.5,0.04857484996318817,0.06304958420903663
COHFACE_s14_session3_natural,37,196,43.53333333333333,-0.24550557136535645,0.04952570253036773
COHFACE_s14_session3_natural,37,197,43.56666666666667,-0.4685142934322357,0.033169613167663474
COHFACE_s14_session3_natural,37,198,43.6,-0.6133100986480713,0.016986766194858435
COHFACE_s14_session3_natural,37,199,43.63333333333333,-0.7161430716514587,0.0034435480984056953
COHFACE_s14_session3_natural,37,200,43.666666666666664,-0.8318300843238831,-0.005735574944839537
COHFACE_s14_session3_natural,37,201,43.7,-0.9713890552520752,-0.009522169852269703
COHFACE_s14_session3_natural,37,202,43.733333333333334,-1.102718710899353,-0.007633061940299556
COHFACE_s14_session3_natural,37,203,43.766666666666666,-1.1724982261657715,-0.0007170890519375141
COHFACE_s14_session3_natural,37,204,43.8,-1.102990746498108,0.009493911852285963
COHFACE_s14_session3_natural,37,205,43.833333333333336,-0.5208488702774048,0.020268688824377497
COHFACE_s14_session3_natural,37,206,43.86666666666667,0.6150060892105103,0.02831496453186987
COHFACE_s14_session3_natural,37,207,43.9,1.5589334964752197,0.03056350757711217
COHFACE_s14_session3_natural,37,208,43.93333333333333,1.8352290391921997,0.02513470628661112
COHFACE_s14_session3_natural,37,209,43.96666666666667,1.702165126800537,0.012170354385463168
COHFACE_s14_session3_natural,37,210,44.0,1.3543897867202759,-0.005877907100283373
COHFACE_s14_session3_natural,37,211,44.03333333333333,0.8514470458030701,-0.024820783569467965
COHFACE_s14_session3_natural,37,212,44.06666666666667,0.5739953517913818,-0.040146073874423156
COHFACE_s14_session3_natural,37,213,44.1,0.6160942912101746,-0.04877972286472288
COHFACE_s14_session3_natural,37,214,44.13333333333333,0.6474814414978027,-0.05034251706833441
COHFACE_s14_session3_natural,37,215,44.166666666666664,0.486566960811615,-0.0471820752844018
COHFACE_s14_session3_natural,37,216,44.2,0.17721803486347198,-0.04313802447985781
COHFACE_s14_session3_natural,37,217,44.233333333333334,-0.12686003744602203,-0.04170151026276891
COHFACE_s14_session3_natural,37,218,44.266666666666666,-0.3652052879333496,-0.044431894717219034
COHFACE_s14_session3_natural,37,219,44.3,-0.5106812119483948,-0.050245009645623895
COHFACE_s14_session3_natural,37,220,44.333333333333336,-0.6283065676689148,-0.055793594373446394
COHFACE_s14_session3_natural,37,221,44.36666666666667,-0.7556235790252686,-0.056771714149757346
COHFACE_s14_session3_natural,37,222,44.4,-0.9171161651611328,-0.049654514224174905
COHFACE_s14_session3_natural,37,223,44.43333333333333,-1.0554169416427612,-0.0332240476217304
COHFACE_s14_session3_natural,37,224,44.46666666666667,-1.127984881401062,-0.009296003751372274
COHFACE_s14_session3_natural,37,225,44.5,-1.132779598236084,0.0176699642110164
COHFACE_s14_session3_natural,37,226,44.53333333333333,-0.7396749258041382,0.041996055396725525
COHFACE_s14_session3_natural,37,227,44.56666666666667,0.2940612733364105,0.058731025143910466
COHFACE_s14_session3_natural,37,228,44.6,1.3433719873428345,0.0652868302596975
COHFACE_s14_session3_natural,37,229,44.63333333333333,1.7964966297149658,0.06202455347733962
COHFACE_s14_session3_natural,37,230,44.666666666666664,1.7342324256896973,0.05160398554644001
COHFACE_s14_session3_natural,37,231,44.7,1.3994812965393066,0.037599148154246836
COHFACE_s14_session3_natural,37,232,44.733333333333334,0.9054479002952576,0.023227998477877498
COHFACE_s14_session3_natural,37,233,44.766666666666666,0.5659019947052002,0.010789553376174205
COHFACE_s14_session3_natural,37,234,44.8,0.5662080645561218,0.0017247096783148048
COHFACE_s14_session3_natural,37,235,44.833333333333336,0.6256498694419861,-0.0032070320343161943
COHFACE_s14_session3_natural,37,236,44.86666666666667,0.5017334818840027,-0.0039020220908272418
COHFACE_s14_session3_natural,37,237,44.9,0.22996070981025696,-0.0008964149567784999
COHFACE_s14_session3_natural,37,238,44.93333333333333,-0.07160093635320663,0.004783106930432774
COHFACE_s14_session3_natural,37,239,44.96666666666667,-0.33286595344543457,0.0118361480455067
COHFACE_s14_session3_natural,38,0,38.0,-1.0154603719711304,-0.01080783450454698
COHFACE_s14_session3_natural,38,1,38.03333333333333,-1.0855458974838257,2.6009561023721828
COHFACE_s14_session3_natural,38,2,38.06666666666667,-1.1134305000305176,4.806407071721403
COHFACE_s14_session3_natural,38,3,38.1,-0.8154053688049316,6.298496485012564
COHFACE_s14_session3_natural,38,4,38.13333333333333,0.107370525598526,6.940610167680644
COHFACE_s14_session3_natural,38,5,38.166666666666664,1.1148203611373901,6.784317173957667
COHFACE_s14_session3_natural,38,6,38.2,1.5397543907165527,6.028082061725086
COHFACE_s14_session3_natural,38,7,38.233333333333334,1.4316846132278442,4.939715865102588
COHFACE_s14_session3_natural,38,8,38.266666666666666,1.0705790519714355,3.776012176365223
COHFACE_s14_session3_natural,38,9,38.3,0.6126257181167603,2.7250906543743323
COHFACE_s14_session3_natural,38,10,38.333333333333336,0.30361685156822205,1.8826017221862825
COHFACE_s14_session3_natural,38,11,38.36666666666667,0.3141585886478424,1.2595628713804072
COHFACE_s14_session3_natural,38,12,38.4,0.41787564754486084,0.8104705334478042
COHFACE_s14_session3_natural,38,13,38.43333333333333,0.3528909385204315,0.46730653285801604
COHFACE_s14_session3_natural,38,14,38.46666666666667,0.10988694429397583,0.16779974198017109
COHFACE_s14_session3_natural,38,15,38.5,-0.1779024302959442,-0.1279752737167317
COHFACE_s14_session3_natural,38,16,38.53333333333333,-0.4114868938922882,-0.4330960604891555
COHFACE_s14_session3_natural,38,17,38.56666666666667,-0.5572009086608887,-0.7383294003107546
COHFACE_s14_session3_natural,38,18,38.6,-0.6522805094718933,-1.0214279761535696
COHFACE_s14_session3_natural,38,19,38.63333333333333,-0.7336559295654297,-1.2573050855057084
COHFACE_s14_session3_natural,38,20,38.666666666666664,-0.8320001363754272,-1.4263148502975294
COHFACE_s14_session3_natural,38,21,38.7,-0.9526180028915405,-1.5191245976546022
COHFACE_s14_session3_natural,38,22,38.733333333333334,-1.0646324157714844,-1.537845246097536
COHFACE_s14_session3_natural,38,23,38.766666666666666,-1.1121042966842651,-1.4940603603158884
COHFACE_s14_session3_natural,38,24,38.8,-0.981590747833252,-1.4050456228708426
COHFACE_s14_session3_natural,38,25,38.833333333333336,-0.2896108329296112,-1.2895971162931315
COHFACE_s14_session3_natural,38,26,38.86666666666667,0.8810659050941467,-1.1644588753941918
COHFACE_s14_session3_natural,38,27,38.9,1.6734983921051025,-1.0417188008214449
COHFACE_s14_session3_natural,38,28,38.93333333333333,1.7836085557937622,-0.927198725377829
COHFACE_s14_session3_natural,38,29,38.96666666666667,1.582227349281311,-0.8200666410709088
COHFACE_s14_session3_natural,38,30,39.0,1.175350308418274,-0.7143243629588091
COHFACE_s14_session3_natural,38,31,39.03333333333333,0.6788005828857422,-0.6024314244742266
COHFACE_s14_session3_natural,38,32,39.06666666666667,0.47796353697776794,-0.4798080889690593
COHFACE_s14_session3_natural,38,33,39.1,0.5416220426559448,-0.34789249928013866
COHFACE_s14_session3_natural,38,34,39.13333333333333,0.5566524863243103,-0.21419616936346816
COHFACE_s14_session3_natural,38,35,39.166666666666664,0.3734983503818512,-0.08958245724569934
COHFACE_s14_session3_natural,38,36,39.2,0.0839746743440628,0.015731826726000122
COHFACE_s14_session3_natural,38,37,39.233333333333334,-0.2088475376367569,0.09561073944722642
COHFACE_s14_session3_natural,38,38,39.266666666666666,-0.45552414655685425,0.1494446347051365
COHFACE_s14_session3_natural,38,39,39.3,-0.6078011989593506,0.18126701711340265
COHFACE_s14_session3_natural,38,40,39.333333333333336,-0.695807695388794,0.19754741589015365
COHFACE_s14_session3_natural,38,41,39.36666666666667,-0.7898331880569458,0.2052193794567951
COHFACE_s14_session3_natural,38,42,39.4,-0.9209927916526794,0.21072088378120823
COHFACE_s14_session3_natural,38,43,39.43333333333333,-1.0471875667572021,0.2196231078752328
COHFACE_s14_session3_natural,38,44,39.46666666666667,-1.1384245157241821,0.23600998031984585
COHFACE_s14_session3_natural,38,45,39.5,-1.154203176498413,0.2613631631778077
COHFACE_s14_session3_natural,38,46,39.53333333333333,-0.8669579029083252,0.2936582966571731
COHFACE_s14_session3_natural,38,47,39.56666666666667,0.09029971808195114,0.3276524062291855
COHFACE_s14_session3_natural,38,48,39.6,1.2474762201309204,0.35651954956703324
COHFACE_s14_session3_natural,38,49,39.63333333333333,1.8157438039779663,0.3740200277417524
COHFACE_s14_session3_natural,38,50,39.666666666666664,1.7962925434112549,0.3762699886188429
COHFACE_s14_session3_natural,38,51,39.7,1.5266962051391602,0.36264297554277025
COHFACE_s14_session3_natural,38,52,39.733333333333334,1.0352473258972168,0.3356984064777282
COHFACE_s14_session3_natural,38,53,39.766666666666666,0.588583767414093,0.30020790213847653
COHFACE_s14_session3_natural,38,54,39.8,0.48796120285987854,0.2615404325521453
COHFACE_s14_session3_natural,38,55,39.833333333333336,0.5794022679328918,0.2239163916162157
COHFACE_s14_session3_natural,38,56,39.86666666666667,0.5248232483863831,0.18921420294680275
COHFACE_s14_session3_natural,38,57,39.9,0.283315509557724,0.15686391213251807
COHFACE_s14_session3_natural,38,58,39.93333333333333,-0.046844858676195145,0.12482368202912045
COHFACE_s14_session3_natural,38,59,39.96666666666667,-0.3337500989437103,0.09105419693744976
COHFACE_s14_session3_natural,38,60,40.0,-0.5563847422599792,0.05469748601208214
COHFACE_s14_session3_natural,38,61,40.03333333333333,-0.6796550154685974,0.016435668646279104
COHFACE_s14_session3_natural,38,62,40.06666666666667,-0.7676955461502075,-0.021941854090863
COHFACE_s14_session3_natural,38,63,40.1,-0.862537145614624,-0.058272639299679976
COHFACE_s14_session3_natural,38,64,40.13333333333333,-0.99410480260849,-0.09049791792378982
COHFACE_s14_session3_natural,38,65,40.166666666666664,-1.114586591720581,-0.11664777604766163
COHFACE_s14_session3_natural,38,66,40.2,-1.1786872148513794,-0.13457692797865545
COHFACE_s14_session3_natural,38,67,40.233333333333334,-1.1475720405578613,-0.14197710704716637
COHFACE_s14_session3_natural,38,68,40.266666666666666,-0.7100900411605835,-0.13705520322509795
COHFACE_s14_session3_natural,38,69,40.3,0.38563835620880127,-0.11977047692018411
COHFACE_s14_session3_natural,38,70,40.333333333333336,1.4422943592071533,-0.0929715193538953
COHFACE_s14_session3_natural,38,71,40.36666666666667,1.8114930391311646,-0.06256725966634792
COHFACE_s14_session3_natural,38,72,40.4,1.678599238395691,-0.036234183308144326
COHFACE_s14_session3_natural,38,73,40.43333333333333,1.30756413936615,-0.020934604754803014
COHFACE_s14_session3_natural,38,74,40.46666666666667,0.7870404124259949,-0.02027457085917861
COHFACE_s14_session3_natural,38,75,40.5,0.4520512819290161,-0.033020715012536596
COHFACE_s14_session3_natural,38,76,40.53333333333333,0.4401153028011322,-0.053668218230602145
COHFACE_s14_session3_natural,38,77,40.56666666666667,0.4957144558429718,-0.07490301046022058
COHFACE_s14_session3_natural,38,78,40.6,0.3698257505893707,-0.09066207280246573
COHFACE_s14_session3_natural,38,79,40.63333333333333,0.09713484346866608,-0.09815523987256723
COHFACE_s14_session3_natural,38,80,40.666666666666664,-0.19269487261772156,-0.09804339882660737
COHFACE_s14_session3_natural,38,81,40.7,-0.45875468850135803,-0.09314042166942592
COHFACE_s14_session3_natural,38,82,40.733333333333334,-0.6352097392082214,-0.08656032863008795
COHFACE_s14_session3_natural,38,83,40.766666666666666,-0.7307314276695251,-0.08018450582125328
COHFACE_s14_session3_natural,38,84,40.8,-0.8007149696350098,-0.07406830494149338
COHFACE_s14_session3_natural,38,85,40.833333333333336,-0.8826684951782227,-0.06697400681249048
COHFACE_s14_session3_natural,38,86,40.86666666666667,-1.0167185068130493,-0.05761546717906532
COHFACE_s14_session3_natural,38,87,40.9,-1.1332896947860718,-0.045781625314262206
COHFACE_s14_session3_natural,38,88,40.93333333333333,-1.1618543863296509,-0.03261314050266918
COHFACE_s14_session3_natural,38,89,40.96666666666667,-1.0599396228790283,-0.01989798524260985
COHFACE_s14_session3_natural,38,90,41.0,-0.4344746768474579,-0.008952687372227918
COHFACE_s14_session3_natural,38,91,41.03333333333333,0.7123301029205322,7.143395675040642e-05
COHFACE_s14_session3_natural,38,92,41.06666666666667,1.5717875957489014,0.0080268381787214
COHFACE_s14_session3_natural,38,93,41.1,1.744297981262207,0.016041098106452843
COHFACE_s14_session3_natural,38,94,41.13333333333333,1.5002398490905762,0.024927072214046372
COHFACE_s14_session3_natural,38,95,41.166666666666664,1.0563308000564575,0.03519226865118767
COHFACE_s14_session3_natural,38,96,41.2,0.5649838447570801,0.047377165454341556
COHFACE_s14_session3_natural,38,97,41.233333333333334,0.36601710319519043,0.062039850659717975
COHFACE_s14_session3_natural,38,98,41.266666666666666,0.4411354660987854,0.07913419014103917
COHFACE_s14_session3_natural,38,99,41.3,0.4648033678531647,0.09725675244234125
COHFACE_s14_session3_natural,38,100,41.333333333333336,0.2923949956893921,0.11347015998756226
COHFACE_s14_session3_natural,38,101,41.36666666666667,0.00021888808987569064,0.12402295162234758
COHFACE_s14_session3_natural,38,102,41.4,-0.296752005815506,0.12565794633809635
COHFACE_s14_session3_natural,38,103,41.43333333333333,-0.5354713201522827,0.11685047490792903
COHFACE_s14_session3_natural,38,104,41.46666666666667,-0.6984601616859436,0.09849274593552314
COHFACE_s14_session3_natural,38,105,41.5,-0.7961242198944092,0.07392371656334353
COHFACE_s14_session3_natural,38,106,41.53333333333333,-0.8870552182197571,0.0483777970014198
COHFACE_s14_session3_natural,38,107,41.56666666666667,-1.0022321939468384,0.027867727907688128
COHFACE_s14_session3_natural,38,108,41.6,-1.1443074941635132,0.01747537946778817
COHFACE_s14_session3_natural,38,109,41.63333333333333,-1.2351025342941284,0.019275717717126432
COHFACE_s14_session3_natural,38,110,41.666666666666664,-1.285294771194458,0.030645657684211923
COHFACE_s14_session3_natural,38,111,41.7,-1.1346158981323242,0.0440012376637529
COHFACE_s14_session3_natural,38,112,41.733333333333334,-0.34500595927238464,0.04861592290672516
COHFACE_s14_session3_natural,38,113,41.766666666666666,0.7452475428581238,0.034263074224558016
COHFACE_s14_session3_natural,38,114,41.8,1.3510233163833618,-0.004497640478822014
COHFACE_s14_session3_natural,38,115,41.833333333333336,1.3518394231796265,-0.06505242309750804
COHFACE_s14_session3_natural,38,116,41.86666666666667,1.0414702892303467,-0.13597680347581104
COHFACE_s14_session3_natural,38,117,41.9,0.560495138168335,-0.19960747160418127
COHFACE_s14_session3_natural,38,118,41.93333333333333,0.16378581523895264,-0.23771836157908155
COHFACE_s14_session3_natural,38,119,41.96666666666667,0.1244073361158371,-0.2385025838772145
COHFACE_s14_session3_natural,38,120,42.0,0.25464877486228943,-0.20149661771342792
COHFACE_s14_session3_natural,38,121,42.03333333333333,0.2285664826631546,-0.13747317007477775
COHFACE_s14_session3_natural,38,122,42.06666666666667,-0.005188002251088619,-0.06339850749653472
COHFACE_s14_session3_natural,38,123,42.1,-0.29440560936927795,0.004394209554471533
COHFACE_s14_session3_natural,38,124,42.13333333333333,-0.5527801513671875,0.05534424400409986
COHFACE_s14_session3_natural,38,125,42.166666666666664,-0.7323637008666992,0.08640599573895066
COHFACE_s14_session3_natural,38,126,42.2,-0.8286675810813904,0.10055061692849133
COHFACE_s14_session3_natural,38,127,42.233333333333334,-0.9258555769920349,0.10336772024715496
COHFACE_s14_session3_natural,38,128,42.266666666666666,-1.0364757776260376,0.09959539121187148
COHFACE_s14_session3_natural,38,129,42.3,-1.1560394763946533,0.09116832623549384
COHFACE_s14_session3_natural,38,130,42.333333333333336,-1.256730079650879,0.07749381682591495
COHFACE_s14_session3_natural,38,131,42.36666666666667,-1.3187222480773926,0.0574797961236511
COHFACE_s14_session3_natural,38,132,42.4,-1.249384880065918,0.03187286284732554
COHFACE_s14_session3_natural,38,133,42.43333333333333,-0.6588096022605896,0.0043007707866370105
COHFACE_s14_session3_natural,38,134,42.46666666666667,0.42083412408828735,-0.01973534180894828
COHFACE_s14_session3_natural,38,135,42.5,1.2442116737365723,-0.03529285030767444
COHFACE_s14_session3_natural,38,136,42.53333333333333,1.4442325830459595,-0.04019133184286062
COHFACE_s14_session3_natural,38,137,42.56666666666667,1.2529851198196411,-0.0355001542184369
COHFACE_s14_session3_natural,38,138,42.6,0.847468376159668,-0.02420499984344066
COHFACE_s14_session3_natural,38,139,42.63333333333333,0.38074153661727905,-0.009308128071466831
COHFACE_s14_session3_natural,38,140,42.666666666666664,0.2041504681110382,0.007240417286952805
COHFACE_s14_session3_natural,38,141,42.7,0.30157649517059326,0.024311606974381013
COHFACE_s14_session3_natural,38,142,42.733333333333334,0.36210647225379944,0.04067522105832605
COHFACE_s14_session3_natural,38,143,42.766666666666666,0.19214648008346558,0.05438969437831058
COHFACE_s14_session3_natural,38,144,42.8,-0.09710513800382614,0.06299529752418336
COHFACE_s14_session3_natural,38,145,42.833333333333336,-0.3720743954181671,0.06424828247912219
COHFACE_s14_session3_natural,38,146,42.86666666666667,-0.576754093170166,0.05687330132055551
COHFACE_s14_session3_natural,38,147,42.9,-0.7101240754127502,0.0410256565121986
COHFACE_s14_session3_natural,38,148,42.93333333333333,-0.812242865562439,0.018433095485331324
COHFACE_s14_session3_natural,38,149,42.96666666666667,-0.9030718207359314,-0.0077551563454239135
COHFACE_s14_session3_natural,38,150,43.0,-1.0287225246429443,-0.0335244875481447
COHFACE_s14_session3_natural,38,151,43.03333333333333,-1.1426072120666504,-0.05503844610390501
COHFACE_s14_session3_natural,38,152,43.06666666666667,-1.217759609222412,-0.06984905329392675
COHFACE_s14_session3_natural,38,153,43.1,-1.1402268409729004,-0.0775811499300013
COHFACE_s14_session3_natural,38,154,43.13333333333333,-0.514421820640564,-0.07954364298564655
COHFACE_s14_session3_natural,38,155,43.166666666666664,0.6001456379890442,-0.07738049569247132
COHFACE_s14_session3_natural,38,156,43.2,1.4433485269546509,-0.07161651955241531
COHFACE_s14_session3_natural,38,157,43.233333333333334,1.6610863208770752,-0.061149453313955694
COHFACE_s14_session3_natural,38,158,43.266666666666666,1.514930248260498,-0.04411924447126542
COHFACE_s14_session3_natural,38,159,43.3,1.1381142139434814,-0.019657160685204834
COHFACE_s14_session3_natural,38,160,43.333333333333336,0.6618658304214478,0.010524182362305394
COHFACE_s14_session3_natural,38,161,43.36666666666667,0.43229401111602783,0.04167374692840429
COHFACE_s14_session3_natural,38,162,43.4,0.48051396012306213,0.06711391849308872
COHFACE_s14_session3_natural,38,163,43.43333333333333,0.5192123055458069,0.08059248700394517
COHFACE_s14_session3_natural,38,164,43.46666666666667,0.3500344753265381,0.07886721909958021
COHFACE_s14_session3_natural,38,165,43.5,0.04857484996318817,0.06324671415510426
COHFACE_s14_session3_natural,38,166,43.53333333333333,-0.24550557136535645,0.03916995822427506
COHFACE_s14_session3_natural,38,167,43.56666666666667,-0.4685142934322357,0.013895824769970689
COHFACE_s14_session3_natural,38,168,43.6,-0.6133100986480713,-0.00645300585841111
COHFACE_s14_session3_natural,38,169,43.63333333333333,-0.7161430716514587,-0.018848671588452735
COHFACE_s14_session3_natural,38,170,43.666666666666664,-0.8318300843238831,-0.023518913295335304
COHFACE_s14_session3_natural,38,171,43.7,-0.9713890552520752,-0.022737194147203446
COHFACE_s14_session3_natural,38,172,43.733333333333334,-1.102718710899353,-0.019228770892154124
COHFACE_s14_session3_natural,38,173,43.766666666666666,-1.1724982261657715,-0.01500779908190948
COHFACE_s14_session3_natural,38,174,43.8,-1.102990746498108,-0.01100442246701734
COHFACE_s14_session3_natural,38,175,43.833333333333336,-0.5208488702774048,-0.007384527660684901
COHFACE_s14_session3_natural,38,176,43.86666666666667,0.6150060892105103,-0.004152085196131406
COHFACE_s14_session3_natural,38,177,43.9,1.5589334964752197,-0.0015551421888004356
COHFACE_s14_session3_natural,38,178,43.93333333333333,1.8352290391921997,-7.863476379521052e-06
COHFACE_s14_session3_natural,38,179,43.96666666666667,1.702165126800537,0.00039845002120829815
COHFACE_s14_session3_natural,38,180,44.0,1.3543897867202759,0.0003826975284135562
COHFACE_s14_session3_natural,38,181,44.03333333333333,0.8514470458030701,0.0014749917556973915
COHFACE_s14_session3_natural,38,182,44.06666666666667,0.5739953517913818,0.005348624949214956
COHFACE_s14_session3_natural,38,183,44.1,0.6160942912101746,0.012789223162683742
COHFACE_s14_session3_natural,38,184,44.13333333333333,0.6474814414978027,0.02294233152395122
COHFACE_s14_session3_natural,38,185,44.166666666666664,0.486566960811615,0.03336759791232015
COHFACE_s14_session3_natural,38,186,44.2,0.17721803486347198,0.040887122821943726
COHFACE_s14_session3_natural,38,187,44.233333333333334,-0.12686003744602203,0.042732828156862336
COHFACE_s14_session3_natural,38,188,44.266666666666666,-0.3652052879333496,0.037477442244021004
COHFACE_s14_session3_natural,38,189,44.3,-0.5106812119483948,0.025490746151319767
COHFACE_s14_session3_natural,38,190,44.333333333333336,-0.6283065676689148,0.008855787939855945
COHFACE_s14_session3_natural,38,191,44.36666666666667,-0.7556235790252686,-0.009203261543120698
COHFACE_s14_session3_natural,38,192,44.4,-0.9171161651611328,-0.025196722077553517
COHFACE_s14_session3_natural,38,193,44.43333333333333,-1.0554169416427612,-0.036289965732406775
COHFACE_s14_session3_natural,38,194,44.46666666666667,-1.127984881401062,-0.041056858152075104
COHFACE_s14_session3_natural,38,195,44.5,-1.132779598236084,-0.039883266792377706
COHFACE_s14_session3_natural,38,196,44.53333333333333,-0.7396749258041382,-0.034785784312414574
COHFACE_s14_session3_natural,38,197,44.56666666666667,0.2940612733364105,-0.028519396917134145
COHFACE_s14_session3_natural,38,198,44.6,1.3433719873428345,-0.02325955034532666
COHFACE_s14_session3_natural,38,199,44.63333333333333,1.7964966297149658,-0.019531673169906016
COHFACE_s14_session3_natural,38,200,44.666666666666664,1.7342324256896973,-0.016029550917266662
COHFACE_s14_session3_natural,38,201,44.7,1.3994812965393066,-0.010491698259520753
COHFACE_s14_session3_natural,38,202,44.733333333333334,0.9054479002952576,-0.0011879547312891277
COHFACE_s14_session3_natural,38,203,44.766666666666666,0.5659019947052002,0.011756419379555806
COHFACE_s14_session3_natural,38,204,44.8,0.5662080645561218,0.025799849113745173
COHFACE_s14_session3_natural,38,205,44.833333333333336,0.6256498694419861,0.03642685951258894
COHFACE_s14_session3_natural,38,206,44.86666666666667,0.5017334818840027,0.03859334490255791
COHFACE_s14_session3_natural,38,207,44.9,0.22996070981025696,0.028871449064323998
COHFACE_s14_session3_natural,38,208,44.93333333333333,-0.07160093635320663,0.007485141369664913
COHFACE_s14_session3_natural,38,209,44.96666666666667,-0.33286595344543457,-0.020863324304162153
COHFACE_s14_session3_natural,38,210,45.0,-0.5079267621040344,-0.04810500460563826
COHFACE_s14_session3_natural,38,211,45.03333333333333,-0.615962564945221,-0.06564438199732346
COHFACE_s14_session3_natural,38,212,45.06666666666667,-0.7369884848594666,-0.06772256592917142
COHFACE_s14_session3_natural,38,213,45.1,-0.8771255612373352,-0.05368695359197582
COHFACE_s14_session3_natural,38,214,45.13333333333333,-1.0189628601074219,-0.028069017628894865
COHFACE_s14_session3_natural,38,215,45.166666666666664,-1.1116961240768433,0.0014706647001568938
COHFACE_s14_session3_natural,38,216,45.2,-1.1463478803634644,0.027161670141926848
COHFACE_s14_session3_natural,38,217,45.233333333333334,-0.9128994345664978,0.04358415581118379
COHFACE_s14_session3_natural,38,218,45.266666666666666,-0.0692545473575592,0.048668538889488265
COHFACE_s14_session3_natural,38,219,45.3,1.0120214223861694,0.04333455569979473
COHFACE_s14_session3_natural,38,220,45.333333333333336,1.6022906303405762,0.03048097861827272
COHFACE_s14_session3_natural,38,221,45.36666666666667,1.6008623838424683,0.01399856050780763
COHFACE_s14_session3_natural,38,222,45.4,1.3079721927642822,-0.0019837708879096956
COHFACE_s14_session3_natural,38,223,45.43333333333333,0.8197538256645203,-0.013799663026636369
COHFACE_s14_session3_natural,38,224,45.46666666666667,0.4429037570953369,-0.019030830873517472
COHFACE_s14_session3_natural,38,225,45.5,0.3984924554824829,-0.01715604942011109
COHFACE_s14_session3_natural,38,226,45.53333333333333,0.48051396012306213,-0.009580715269096636
COHFACE_s14_session3_natural,38,227,45.56666666666667,0.41066646575927734,0.0011915059372191543
COHFACE_s14_session3_natural,38,228,45.6,0.14181819558143616,0.012774866012898825
COHFACE_s14_session3_natural,38,229,45.63333333333333,-0.16140972077846527,0.0236167099452534
COHFACE_s14_session3_natural,38,230,45.666666666666664,-0.4258032441139221,0.03277060324362274
COHFACE_s14_session3_natural,38,231,45.7,-0.619941234588623,0.03917320446634594
COHFACE_s14_session3_natural,38,232,45.733333333333334,-0.7266167998313904,0.04135772593277013
COHFACE_s14_session3_natural,38,233,45.766666666666666,-0.7967023253440857,0.03813776519725665
COHFACE_s14_session3_natural,38,234,45.8,-0.9248694181442261,0.02975508914414642
COHFACE_s14_session3_natural,38,235,45.833333333333336,-1.0730998516082764,0.01836640418773556
COHFACE_s14_session3_natural,38,236,45.86666666666667,-1.189126968383789,0.007271808887005209
COHFACE_s14_session3_natural,38,237,45.9,-1.2451001405715942,-0.000674670060513243
COHFACE_s14_session3_natural,38,238,45.93333333333333,-1.1854543685913086,-0.0044836808482523844
COHFACE_s14_session3_natural,38,239,45.96666666666667,-0.6203492879867554,-0.005458154477067904
COHFACE_s14_session3_natural,39,0,39.0,1.175350308418274,0.03193675072867761
COHFACE_s14_session3_natural,39,1,39.03333333333333,0.6788005828857422,2.519890474349681
COHFACE_s14_session3_natural,39,2,39.06666666666667,0.47796353697776794,4.616252516919698
COHFACE_s14_session3_natural,39,3,39.1,0.5416220426559448,6.025741396978236
COHFACE_s14_session3_natural,39,4,39.13333333333333,0.5566524863243103,6.617826181847133
COHFACE_s14_session3_natural,39,5,39.166666666666664,0.3734983503818512,6.443501909566933
COHFACE_s14_session3_natural,39,6,39.2,0.0839746743440628,5.69508583311101
COHFACE_s14_session3_natural,39,7,39.233333333333334,-0.2088475376367569,4.631275156274071
COHFACE_s14_session3_natural,39,8,39.266666666666666,-0.45552414655685425,3.499709610936367
COHFACE_s14_session3_natural,39,9,39.3,-0.6078011989593506,2.481435968341544
COHFACE_s14_session3_natural,39,10,39.333333333333336,-0.695807695388794,1.6679266864572773
COHFACE_s14_session3_natural,39,11,39.36666666666667,-0.7898331880569458,1.0686896996833066
COHFACE_s14_session3_natural,39,12,39.4,-0.9209927916526794,0.6388344532503469
COHFACE_s14_session3_natural,39,13,39.43333333333333,-1.0471875667572021,0.31271695869450433
COHFACE_s14_session3_natural,39,14,39.46666666666667,-1.1384245157241821,0.0317953033343156
COHFACE_s14_session3_natural,39,15,39.5,-1.154203176498413,-0.23981487545613878
COHFACE_s14_session3_natural,39,16,39.53333333333333,-0.8669579029083252,-0.5125478084715201
COHFACE_s14_session3_natural,39,17,39.56666666666667,0.09029971808195114,-0.7775374030456806
COHFACE_s14_session3_natural,39,18,39.6,1.2474762201309204,-1.016535191556001
COHFACE_s14_session3_natural,39,19,39.63333333333333,1.8157438039779663,-1.2113015144729065
COHFACE_s14_session3_natural,39,20,39.666666666666664,1.7962925434112549,-1.3498917140624653
COHFACE_s14_session3_natural,39,21,39.7,1.5266962051391602,-1.4290003426654523
COHFACE_s14_session3_natural,39,22,39.733333333333334,1.0352473258972168,-1.4529520231268387
COHFACE_s14_session3_natural,39,23,39.766666666666666,0.588583767414093,-1.4307941855250697
COHFACE_s14_session3_natural,39,24,39.8,0.48796120285987854,-1.3731330078909931
COHFACE_s14_session3_natural,39,25,39.833333333333336,0.5794022679328918,-1.2898795306878001
COHFACE_s14_session3_natural,39,26,39.86666666666667,0.5248232483863831,-1.1892059980525695
COHFACE_s14_session3_natural,39,27,39.9,0.283315509557724,-1.0773187651342537
COHFACE_s14_session3_natural,39,28,39.93333333333333,-0.046844858676195145,-0.9585379134219713
COHFACE_s14_session3_natural,39,29,39.96666666666667,-0.3337500989437103,-0.8354880099113966
COHFACE_s14_session3_natural,39,30,40.0,-0.5563847422599792,-0.7095253087477313
COHFACE_s14_session3_natural,39,31,40.03333333333333,-0.6796550154685974,-0.5815282379535983
COHFACE_s14_session3_natural,39,32,40.06666666666667,-0.7676955461502075,-0.4528382104284573
COHFACE_s14_session3_natural,39,33,40.1,-0.862537145614624,-0.3258167322872669
COHFACE_s14_session3_natural,39,34,40.13333333333333,-0.99410480260849,-0.20356167821967902
COHFACE_s14_session3_natural,39,35,40.166666666666664,-1.114586591720581,-0.08882267551761443
COHFACE_s14_session3_natural,39,36,40.2,-1.1786872148513794,0.017231252250434557
COHFACE_s14_session3_natural,39,37,40.233333333333334,-1.1475720405578613,0.11548133380096767
COHFACE_s14_session3_natural,39,38,40.266666666666666,-0.7100900411605835,0.20803248878451575
COHFACE_s14_session3_natural,39,39,40.3,0.38563835620880127,0.2963542316719919
COHFACE_s14_session3_natural,39,40,40.333333333333336,1.4422943592071533,0.3793738986013781
COHFACE_s14_session3_natural,39,41,40.36666666666667,1.8114930391311646,0.45268789720452485
COHFACE_s14_session3_natural,39,42,40.4,1.678599238395691,0.5095321093949724
COHFACE_s14_session3_natural,39,43,40.43333333333333,1.30756413936615,0.5432257617638124
COHFACE_s14_session3_natural,39,44,40.46666666666667,0.7870404124259949,0.5499926928681481
COHFACE_s14_session3_natural,39,45,40.5,0.4520512819290161,0.5307814749783825
COHFACE_s14_session3_natural,39,46,40.53333333333333,0.4401153028011322,0.4911285512226972
COHFACE_s14_session3_natural,39,47,40.56666666666667,0.4957144558429718,0.4391169347170208
COHFACE_s14_session3_natural,39,48,40.6,0.3698257505893707,0.3825758472785735
COHFACE_s14_session3_natural,39,49,40.63333333333333,0.09713484346866608,0.3270135199511218
COHFACE_s14_session3_natural,39,50,40.666666666666664,-0.19269487261772156,0.27503734362187815
COHFACE_s14_session3_natural,39,51,40.7,-0.45875468850135803,0.2269876393673991
COHFACE_s14_session3_natural,39,52,40.733333333333334,-0.6352097392082214,0.18208277775750484
COHFACE_s14_session3_natural,39,53,40.766666666666666,-0.7307314276695251,0.13947172988512235
COHFACE_s14_session3_natural,39,54,40.8,-0.8007149696350098,0.09879251172732786
COHFACE_s14_session3_natural,39,55,40.833333333333336,-0.8826684951782227,0.0601078936074644
COHFACE_s14_session3_natural,39,56,40.86666666666667,-1.0167185068130493,0.023473672169008163
COHFACE_s14_session3_natural,39,57,40.9,-1.1332896947860718,-0.011359611633471189
COHFACE_s14_session3_natural,39,58,40.93333333333333,-1.1618543863296509,-0.044746217222707774
COHFACE_s14_session3_natural,39,59,40.96666666666667,-1.0599396228790283,-0.07652561191669516
COHFACE_s14_session3_natural,39,60,41.0,-0.4344746768474579,-0.10550087957317938
COHFACE_s14_session3_natural,39,61,41.03333333333333,0.7123301029205322,-0.12956731564416388
COHFACE_s14_session3_natural,39,62,41.06666666666667,1.5717875957489014,-0.14655802078502816
COHFACE_s14_session3_natural,39,63,41.1,1.744297981262207,-0.15527934679447428
COHFACE_s14_session3_natural,39,64,41.13333333333333,1.5002398490905762,-0.1560256563979716
COHFACE_s14_session3_natural,39,65,41.166666666666664,1.0563308000564575,-0.1502485647616225
COHFACE_s14_session3_natural,39,66,41.2,0.5649838447570801,-0.13973426957309712
COHFACE_s14_session3_natural,39,67,41.233333333333334,0.36601710319519043,-0.12599681513594096
COHFACE_s14_session3_natural,39,68,41.266666666666666,0.4411354660987854,-0.1102663465034373
COHFACE_s14_session3_natural,39,69,41.3,0.4648033678531647,-0.09383569088895126
COHFACE_s14_session3_natural,39,70,41.333333333333336,0.2923949956893921,-0.07823265796715663
COHFACE_s14_session3_natural,39,71,41.36666666666667,0.00021888808987569064,-0.06490194449817045
COHFACE_s14_session3_natural,39,72,41.4,-0.296752005815506,-0.054581269485683995
COHFACE_s14_session3_natural,39,73,41.43333333333333,-0.5354713201522827,-0.046853476611000075
COHFACE_s14_session3_natural,39,74,41.46666666666667,-0.6984601616859436,-0.04016424079481838
COHFACE_s14_session3_natural,39,75,41.5,-0.7961242198944092,-0.03220704561115057
COHFACE_s14_session3_natural,39,76,41.53333333333333,-0.8870552182197571,-0.02042462087275647
COHFACE_s14_session3_natural,39,77,41.56666666666667,-1.0022321939468384,-0.0025358511650077882
COHFACE_s14_session3_natural,39,78,41.6,-1.1443074941635132,0.0227591361474384
COHFACE_s14_session3_natural,39,79,41.63333333333333,-1.2351025342941284,0.05477139222443664
COHFACE_s14_session3_natural,39,80,41.666666666666664,-1.285294771194458,0.08980394338928659
COHFACE_s14_session3_natural,39,81,41.7,-1.1346158981323242,0.12081778615809433
COHFACE_s14_session3_natural,39,82,41.733333333333334,-0.34500595927238464,0.13843356738885185
COHFACE_s14_session3_natural,39,83,41.766666666666666,0.7452475428581238,0.13342156088223203
COHFACE_s14_session3_natural,39,84,41.8,1.3510233163833618,0.10014948746200326
COHFACE_s14_session3_natural,39,85,41.833333333333336,1.3518394231796265,0.039851545579750944
COHFACE_s14_session3_natural,39,86,41.86666666666667,1.0414702892303467,-0.03772834554601763
COHFACE_s14_session3_natural,39,87,41.9,0.560495138168335,-0.11563163816992321
COHFACE_s14_session3_natural,39,88,41.93333333333333,0.16378581523895264,-0.1744456376014321
COHFACE_s14_session3_natural,39,89,41.96666666666667,0.1244073361158371,-0.19931227986498784
COHFACE_s14_session3_natural,39,90,42.0,0.25464877486228943,-0.18588211464955573
COHFACE_s14_session3_natural,39,91,42.03333333333333,0.2285664826631546,-0.1416601205974833
COHFACE_s14_session3_natural,39,92,42.06666666666667,-0.005188002251088619,-0.08188773125189777
COHFACE_s14_session3_natural,39,93,42.1,-0.29440560936927795,-0.02253213831737625
COHFACE_s14_session3_natural,39,94,42.13333333333333,-0.5527801513671875,0.02570831264913474
COHFACE_s14_session3_natural,39,95,42.166666666666664,-0.7323637008666992,0.05967072598113402
COHFACE_s14_session3_natural,39,96,42.2,-0.8286675810813904,0.08202189035229084
COHFACE_s14_session3_natural,39,97,42.233333333333334,-0.9258555769920349,0.09738964289058405
COHFACE_s14_session3_natural,39,98,42.266666666666666,-1.0364757776260376,0.10869773254400013
COHFACE_s14_session3_natural,39,99,42.3,-1.1560394763946533,0.11539167152742848
COHFACE_s14_session3_natural,39,100,42.333333333333336,-1.256730079650879,0.11412904477866118
COHFACE_s14_session3_natural,39,101,42.36666666666667,-1.3187222480773926,0.10134551371091115
COHFACE_s14_session3_natural,39,102,42.4,-1.249384880065918,0.0761681355634597
COHFACE_s14_session3_natural,39,103,42.43333333333333,-0.6588096022605896,0.04195222401954746
COHFACE_s14_session3_natural,39,104,42.46666666666667,0.42083412408828735,0.005529129355168106
COHFACE_s14_session3_natural,39,105,42.5,1.2442116737365723,-0.025383150195441476
COHFACE_s14_session3_natural,39,106,42.53333333333333,1.4442325830459595,-0.045071096890773224
COHFACE_s14_session3_natural,39,107,42.56666666666667,1.2529851198196411,-0.05142097326849023
COHFACE_s14_session3_natural,39,108,42.6,0.847468376159668,-0.04566313606147347
COHFACE_s14_session3_natural,39,109,42.63333333333333,0.38074153661727905,-0.030956014041843092
COHFACE_s14_session3_natural,39,110,42.666666666666664,0.2041504681110382,-0.01097037058834069
COHFACE_s14_session3_natural,39,111,42.7,0.30157649517059326,0.010804736316564001
COHFACE_s14_session3_natural,39,112,42.733333333333334,0.36210647225379944,0.03113607721701699
COHFACE_s14_session3_natural,39,113,42.766666666666666,0.19214648008346558,0.04706323362417644
COHFACE_s14_session3_natural,39,114,42.8,-0.09710513800382614,0.05616961029213056
COHFACE_s14_session3_natural,39,115,42.833333333333336,-0.3720743954181671,0.0569443596641553
COHFACE_s14_session3_natural,39,116,42.86666666666667,-0.576754093170166,0.04897869298341746
COHFACE_s14_session3_natural,39,117,42.9,-0.7101240754127502,0.03298196407710238
COHFACE_s14_session3_natural,39,118,42.93333333333333,-0.812242865562439,0.010792677364386122
COHFACE_s14_session3_natural,39,119,42.96666666666667,-0.9030718207359314,-0.014579514008044674
COHFACE_s14_session3_natural,39,120,43.0,-1.0287225246429443,-0.03921447949523165
COHFACE_s14_session3_natural,39,121,43.03333333333333,-1.1426072120666504,-0.05920578895152723
COHFACE_s14_session3_natural,39,122,43.06666666666667,-1.217759609222412,-0.07200360709277484
COHFACE_s14_session3_natural,39,123,43.1,-1.1402268409729004,-0.0773303418028897
COHFACE_s14_session3_natural,39,124,43.13333333333333,-0.514421820640564,-0.07694741909610686
COHFACE_s14_session3_natural,39,125,43.166666666666664,0.6001456379890442,-0.07331638024272304
COHFACE_s14_session3_natural,39,126,43.2,1.4433485269546509,-0.06799793622799592
COHFACE_s14_session3_natural,39,127,43.233333333333334,1.6610863208770752,-0.0608364692586198
COHFACE_s14_session3_natural,39,128,43.266666666666666,1.514930248260498,-0.05038945313686491
COHFACE_s14_session3_natural,39,129,43.3,1.1381142139434814,-0.03522095729102563
COHFACE_s14_session3_natural,39,130,43.333333333333336,0.6618658304214478,-0.015243536544511098
COHFACE_s14_session3_natural,39,131,43.36666666666667,0.43229401111602783,0.007611942966633162
COHFACE_s14_session3_natural,39,132,43.4,0.48051396012306213,0.0297161488204025
COHFACE_s14_session3_natural,39,133,43.43333333333333,0.5192123055458069,0.0469160730987087
COHFACE_s14_session3_natural,39,134,43.46666666666667,0.3500344753265381,0.05609890400129706
COHFACE_s14_session3_natural,39,135,43.5,0.04857484996318817,0.05648231852135815
COHFACE_s14_session3_natural,39,136,43.53333333333333,-0.24550557136535645,0.049949839075030936
COHFACE_s14_session3_natural,39,137,43.56666666666667,-0.4685142934322357,0.040139457274453234
COHFACE_s14_session3_natural,39,138,43.6,-0.6133100986480713,0.03075992910877469
COHFACE_s14_session3_natural,39,139,43.63333333333333,-0.7161430716514587,0.024103962241962547
COHFACE_s14_session3_natural,39,140,43.666666666666664,-0.8318300843238831,0.02046076235822749
COHFACE_s14_session3_natural,39,141,43.7,-0.9713890552520752,0.01849049013662888
COHFACE_s14_session3_natural,39,142,43.733333333333334,-1.102718710899353,0.016208656249555548
COHFACE_s14_session3_natural,39,143,43.766666666666666,-1.1724982261657715,0.012109952619670381
COHFACE_s14_session3_natural,39,144,43.8,-1.102990746498108,0.005971978432803515
COHFACE_s14_session3_natural,39,145,43.833333333333336,-0.5208488702774048,-0.0009993565616540415
COHFACE_s14_session3_natural,39,146,43.86666666666667,0.6150060892105103,-0.006757542050960862
COHFACE_s14_session3_natural,39,147,43.9,1.5589334964752197,-0.00945998107445089
COHFACE_s14_session3_natural,39,148,43.93333333333333,1.8352290391921997,-0.008412197794685994
COHFACE_s14_session3_natural,39,149,43.96666666666667,1.702165126800537,-0.004377512477893279
COHFACE_s14_session3_natural,39,150,44.0,1.3543897867202759,0.0008889316843980824
COHFACE_s14_session3_natural,39,151,44.03333333333333,0.8514470458030701,0.005547527417556394
COHFACE_s14_session3_natural,39,152,44.06666666666667,0.5739953517913818,0.008475924747490463
COHFACE_s14_session3_natural,39,153,44.1,0.6160942912101746,0.009551144849081013
COHFACE_s14_session3_natural,39,154,44.13333333333333,0.6474814414978027,0.009345583634285174
COHFACE_s14_session3_natural,39,155,44.166666666666664,0.486566960811615,0.00850899970057976
COHFACE_s14_session3_natural,39,156,44.2,0.17721803486347198,0.007249138694816376
COHFACE_s14_session3_natural,39,157,44.233333333333334,-0.12686003744602203,0.00521958264869041
COHFACE_s14_session3_natural,39,158,44.266666666666666,-0.3652052879333496,0.0018562875996641888
COHFACE_s14_session3_natural,39,159,44.3,-0.5106812119483948,-0.003071518802528842
COHFACE_s14_session3_natural,39,160,44.333333333333336,-0.6283065676689148,-0.009063770305958153
COHFACE_s14_session3_natural,39,161,44.36666666666667,-0.7556235790252686,-0.014929450745204721
COHFACE_s14_session3_natural,39,162,44.4,-0.9171161651611328,-0.01928944562905547
COHFACE_s14_session3_natural,39,163,44.43333333333333,-1.0554169416427612,-0.02129453123616342
COHFACE_s14_session3_natural,39,164,44.46666666666667,-1.127984881401062,-0.021175481223954146
COHFACE_s14_session3_natural,39,165,44.5,-1.132779598236084,-0.020270219514172946
COHFACE_s14_session3_natural,39,166,44.53333333333333,-0.7396749258041382,-0.020356086722025015
COHFACE_s14_session3_natural,39,167,44.56666666666667,0.2940612733364105,-0.022506484078340636
COHFACE_s14_session3_natural,39,168,44.6,1.3433719873428345,-0.0261596697160456
COHFACE_s14_session3_natural,39,169,44.63333333333333,1.7964966297149658,-0.029149673384052447
COHFACE_s14_session3_natural,39,170,44.666666666666664,1.7342324256896973,-0.028845759623613382
COHFACE_s14_session3_natural,39,171,44.7,1.3994812965393066,-0.023745699177898746
COHFACE_s14_session3_natural,39,172,44.733333333333334,0.9054479002952576,-0.0145292046625465
COHFACE_s14_session3_natural,39,173,44.766666666666666,0.5659019947052002,-0.003936540051959454
COHFACE_s14_session3_natural,39,174,44.8,0.5662080645561218,0.0043770519509049284
COHFACE_s14_session3_natural,39,175,44.833333333333336,0.6256498694419861,0.007313791681822673
COHFACE_s14_session3_natural,39,176,44.86666666666667,0.5017334818840027,0.003530504093985574
COHFACE_s14_session3_natural,39,177,44.9,0.22996070981025696,-0.0059093307230022206
COHFACE_s14_session3_natural,39,178,44.93333333333333,-0.07160093635320663,-0.017605060217861138
COHFACE_s14_session3_natural,39,179,44.96666666666667,-0.33286595344543457,-0.02673355523838688
COHFACE_s14_session3_natural,39,180,45.0,-0.5079267621040344,-0.028615267127905755
COHFACE_s14_session3_natural,39,181,45.03333333333333,-0.615962564945221,-0.02036437040057718
COHFACE_s14_session3_natural,39,182,45.06666666666667,-0.7369884848594666,-0.0019676240180193784
COHFACE_s14_session3_natural,39,183,45.1,-0.8771255612373352,0.023639948296384883
COHFACE_s14_session3_natural,39,184,45.13333333333333,-1.0189628601074219,0.05154525922444317
COHFACE_s14_session3_natural,39,185,45.166666666666664,-1.1116961240768433,0.07648001782589571
COHFACE_s14_session3_natural,39,186,45.2,-1.1463478803634644,0.09437829063011602
COHFACE_s14_session3_natural,39,187,45.233333333333334,-0.9128994345664978,0.10318422841983735
COHFACE_s14_session3_natural,39,188,45.266666666666666,-0.0692545473575592,0.10268863351472468
COHFACE_s14_session3_natural,39,189,45.3,1.0120214223861694,0.09375053829571389
COHFACE_s14_session3_natural,39,190,45.333333333333336,1.6022906303405762,0.07754787555113737
COHFACE_s14_session3_natural,39,191,45.36666666666667,1.6008623838424683,0.0553400414819758
COHFACE_s14_session3_natural,39,192,45.4,1.3079721927642822,0.028746905829790725
COHFACE_s14_session3_natural,39,193,45.43333333333333,0.8197538256645203,0.00011965056323237432
COHFACE_s14_session3_natural,39,194,45.46666666666667,0.4429037570953369,-0.027480479707992063
COHFACE_s14_session3_natural,39,195,45.5,0.3984924554824829,-0.05085334845450554
COHFACE_s14_session3_natural,39,196,45.53333333333333,0.48051396012306213,-0.0674862868978646
COHFACE_s14_session3_natural,39,197,45.56666666666667,0.41066646575927734,-0.07616059415396143
COHFACE_s14_session3_natural,39,198,45.6,0.14181819558143616,-0.07711600250741865
COHFACE_s14_session3_natural,39,199,45.63333333333333,-0.16140972077846527,-0.07187907628538087
COHFACE_s14_session3_natural,39,200,45.666666666666664,-0.4258032441139221,-0.06289396199946984
COHFACE_s14_session3_natural,39,201,45.7,-0.619941234588623,-0.05295054629280094
COHFACE_s14_session3_natural,39,202,45.733333333333334,-0.7266167998313904,-0.04439481686622337
COHFACE_s14_session3_natural,39,203,45.766666666666666,-0.7967023253440857,-0.03834372302160312
COHFACE_s14_session3_natural,39,204,45.8,-0.9248694181442261,-0.034416112472601894
COHFACE_s14_session3_natural,39,205,45.833333333333336,-1.0730998516082764,-0.0313485817107189
COHFACE_s14_session3_natural,39,206,45.86666666666667,-1.189126968383789,-0.028154177491841903
COHFACE_s14_session3_natural,39,207,45.9,-1.2451001405715942,-0.02491242343167222
COHFACE_s14_session3_natural,39,208,45.93333333333333,-1.1854543685913086,-0.022530802954198376
COHFACE_s14_session3_natural,39,209,45.96666666666667,-0.6203492879867554,-0.021664458999703266
COHFACE_s14_session3_natural,39,210,46.0,0.43929916620254517,-0.021697769439600154
COHFACE_s14_session3_natural,39,211,46.03333333333333,1.2623026371002197,-0.020662651102553296
COHFACE_s14_session3_natural,39,212,46.06666666666667,1.4598071575164795,-0.016159669241758868
COHFACE_s14_session3_natural,39,213,46.1,1.2455378770828247,-0.006552213926451925
COHFACE_s14_session3_natural,39,214,46.13333333333333,0.8291733860969543,0.00833784045320471
COHFACE_s14_session3_natural,39,215,46.166666666666664,0.38557031750679016,0.02725604119665881
COHFACE_s14_session3_natural,39,216,46.2,0.22751231491565704,0.04794853785394451
COHFACE_s14_session3_natural,39,217,46.233333333333334,0.3170490562915802,0.06756728947894627
COHFACE_s14_session3_natural,39,218,46.266666666666666,0.33888065814971924,0.08292706741005637
COHFACE_s14_session3_natural,39,219,46.3,0.14487870037555695,0.09084994135773927
COHFACE_s14_session3_natural,39,220,46.333333333333336,-0.13879600167274475,0.08884250135253273
COHFACE_s14_session3_natural,39,221,46.36666666666667,-0.41179293394088745,0.07604828318776001
COHFACE_s14_session3_natural,39,222,46.4,-0.6287146806716919,0.05407325479759797
COHFACE_s14_session3_natural,39,223,46.43333333333333,-0.761676549911499,0.027125822836389146
COHFACE_s14_session3_natural,39,224,46.46666666666667,-0.8470646142959595,0.001084895108618481
COHFACE_s14_session3_natural,39,225,46.5,-0.94353848695755,-0.01836245386337384
COHFACE_s14_session3_natural,39,226,46.53333333333333,-1.0598036050796509,-0.027722954850271386
COHFACE_s14_session3_natural,39,227,46.56666666666667,-1.173858404159546,-0.026823222263619256
COHFACE_s14_session3_natural,39,228,46.6,-1.2486706972122192,-0.018541222568989647
COHFACE_s14_session3_natural,39,229,46.63333333333333,-1.2674418687820435,-0.007416228348229678
COHFACE_s14_session3_natural,39,230,46.666666666666664,-0.9896160960197449,0.002109233537070358
COHFACE_s14_session3_natural,39,231,46.7,-0.1278121918439865,0.0070727440316275675
COHFACE_s14_session3_natural,39,232,46.733333333333334,0.8230863809585571,0.006600508796424544
COHFACE_s14_session3_natural,39,233,46.766666666666666,1.2141166925430298,0.0017293094808984663
COHFACE_s14_session3_natural,39,234,46.8,1.094757080078125,-0.005338952190062236
COHFACE_s14_session3_natural,39,235,46.833333333333336,0.7232459187507629,-0.01222044277612018
COHFACE_s14_session3_natural,39,236,46.86666666666667,0.2516222894191742,-0.017179657674224958
COHFACE_s14_session3_natural,39,237,46.9,0.0033814087510108948,-0.019511665616396737
COHFACE_s14_session3_natural,39,238,46.93333333333333,0.07642543315887451,-0.019471823299302294
COHFACE_s14_session3_natural,39,239,46.96666666666667,0.19459488987922668,-0.017975808247158713
COHFACE_s14_session3_natural,40,0,40.0,-0.5563847422599792,-0.0009478696117055331
COHFACE_s14_session3_natural,40,1,40.03333333333333,-0.6796550154685974,2.652836419907304
COHFACE_s14_session3_natural,40,2,40.06666666666667,-0.7676955461502075,4.895498571455308
COHFACE_s14_session3_natural,40,3,40.1,-0.862537145614624,6.41643188571698
COHFACE_s14_session3_natural,40,4,40.13333333333333,-0.99410480260849,7.077988354897661
COHFACE_s14_session3_natural,40,5,40.166666666666664,-1.114586591720581,6.933348163070711
COHFACE_s14_session3_natural,40,6,40.2,-1.1786872148513794,6.184390359406514
COHFACE_s14_session3_natural,40,7,40.233333333333334,-1.1475720405578613,5.102736849088522
COHFACE_s14_session3_natural,40,8,40.266666666666666,-0.7100900411605835,3.9479689815574224
COHFACE_s14_session3_natural,40,9,40.3,0.38563835620880127,2.9088935553727637
COHFACE_s14_session3_natural,40,10,40.333333333333336,1.4422943592071533,2.079106763756797
COHFACE_s14_session3_natural,40,11,40.36666666666667,1.8114930391311646,1.4647900237549654
COHFACE_s14_session3_natural,40,12,40.4,1.678599238395691,1.0138948520811302
COHFACE_s14_session3_natural,40,13,40.43333333333333,1.30756413936615,0.6526588114602583
COHFACE_s14_session3_natural,40,14,40.46666666666667,0.7870404124259949,0.31700210379718136
COHFACE_s14_session3_natural,40,15,40.5,0.4520512819290161,-0.028962706974949334
COHFACE_s14_session3_natural,40,16,40.53333333333333,0.4401153028011322,-0.38931762379098034
COHFACE_s14_session3_natural,40,17,40.56666666666667,0.4957144558429718,-0.7445415070320329
COHFACE_s14_session3_natural,40,18,40.6,0.3698257505893707,-1.0653309163486757
COHFACE_s14_session3_natural,40,19,40.63333333333333,0.09713484346866608,-1.3255811901196268
COHFACE_s14_session3_natural,40,20,40.666666666666664,-0.19269487261772156,-1.510412924426981
COHFACE_s14_session3_natural,40,21,40.7,-0.45875468850135803,-1.6182817200393262
COHFACE_s14_session3_natural,40,22,40.733333333333334,-0.6352097392082214,-1.6584030686166729
COHFACE_s14_session3_natural,40,23,40.766666666666666,-0.7307314276695251,-1.6456758867211565
COHFACE_s14_session3_natural,40,24,40.8,-0.8007149696350098,-1.5954308986826016
COHFACE_s14_session3_natural,40,25,40.833333333333336,-0.8826684951782227,-1.5197989052283936
COHFACE_s14_session3_natural,40,26,40.86666666666667,-1.0167185068130493,-1.4264192412019283
COHFACE_s14_session3_natural,40,27,40.9,-1.1332896947860718,-1.3190917106443882
COHFACE_s14_session3_natural,40,28,40.93333333333333,-1.1618543863296509,-1.1993403135582599
COHFACE_s14_session3_natural,40,29,40.96666666666667,-1.0599396228790283,-1.0678994996845967
COHFACE_s14_session3_natural,40,30,41.0,-0.4344746768474579,-0.9256715849006277
COHFACE_s14_session3_natural,40,31,41.03333333333333,0.7123301029205322,-0.7742557940500968
COHFACE_s14_session3_natural,40,32,41.06666666666667,1.5717875957489014,-0.6163047724821066
COHFACE_s14_session3_natural,40,33,41.1,1.744297981262207,-0.4557136300395203
COHFACE_s14_session3_natural,40,34,41.13333333333333,1.5002398490905762,-0.2973311196742759
COHFACE_s14_session3_natural,40,35,41.166666666666664,1.0563308000564575,-0.1460021091581655
COHFACE_s14_session3_natural,40,36,41.2,0.5649838447570801,-0.005387395395549548
COHFACE_s14_session3_natural,40,37,41.233333333333334,0.36601710319519043,0.12257462613574736
COHFACE_s14_session3_natural,40,38,41.266666666666666,0.4411354660987854,0.23711991062589183
COHFACE_s14_session3_natural,40,39,41.3,0.4648033678531647,0.3374454871283313
COHFACE_s14_session3_natural,40,40,41.333333333333336,0.2923949956893921,0.4217805508083381
COHFACE_s14_session3_natural,40,41,41.36666666666667,0.00021888808987569064,0.487491045719172
COHFACE_s14_session3_natural,40,42,41.4,-0.296752005815506,0.5321958263741791
COHFACE_s14_session3_natural,40,43,41.43333333333333,-0.5354713201522827,0.5551857767016543
COHFACE_s14_session3_natural,40,44,41.46666666666667,-0.6984601616859436,0.5583659716190672
COHFACE_s14_session3_natural,40,45,41.5,-0.7961242198944092,0.5463288236854542
COHFACE_s14_session3_natural,40,46,41.53333333333333,-0.8870552182197571,0.5255712726905574
COHFACE_s14_session3_natural,40,47,41.56666666666667,-1.0022321939468384,0.5030661511629586
COHFACE_s14_session3_natural,40,48,41.6,-1.1443074941635132,0.4844239344916371
COHFACE_s14_session3_natural,40,49,41.63333333333333,-1.2351025342941284,0.47196382150623867
COHFACE_s14_session3_natural,40,50,41.666666666666664,-1.285294771194458,0.4632668167402929
COHFACE_s14_session3_natural,40,51,41.7,-1.1346158981323242,0.450960903871435
COHFACE_s14_session3_natural,40,52,41.733333333333334,-0.34500595927238464,0.4242892047955672
COHFACE_s14_session3_natural,40,53,41.766666666666666,0.7452475428581238,0.37243025132332663
COHFACE_s14_session3_natural,40,54,41.8,1.3510233163833618,0.2887944014059425
COHFACE_s14_session3_natural,40,55,41.833333333333336,1.3518394231796265,0.1749095080315745
COHFACE_s14_session3_natural,40,56,41.86666666666667,1.0414702892303467,0.042285087798630425
COHFACE_s14_session3_natural,40,57,41.9,0.560495138168335,-0.089101448604289
COHFACE_s14_session3_natural,40,58,41.93333333333333,0.16378581523895264,-0.19618351111047805
COHFACE_s14_session3_natural,40,59,41.96666666666667,0.1244073361158371,-0.2607423172854385
COHFACE_s14_session3_natural,40,60,42.0,0.25464877486228943,-0.276441308739868
COHFACE_s14_session3_natural,40,61,42.03333333333333,0.2285664826631546,-0.25109831640098923
COHFACE_s14_session3_natural,40,62,42.06666666666667,-0.005188002251088619,-0.2028660341544967
COHFACE_s14_session3_natural,40,63,42.1,-0.29440560936927795,-0.1524901450454335
COHFACE_s14_session3_natural,40,64,42.13333333333333,-0.5527801513671875,-0.11560780252371625
COHFACE_s14_session3_natural,40,65,42.166666666666664,-0.7323637008666992,-0.09844272388529497
COHFACE_s14_session3_natural,40,66,42.2,-0.8286675810813904,-0.09809947893325394
COHFACE_s14_session3_natural,40,67,42.233333333333334,-0.9258555769920349,-0.10637133020760652
COHFACE_s14_session3_natural,40,68,42.266666666666666,-1.0364757776260376,-0.11470792421575578
COHFACE_s14_session3_natural,40,69,42.3,-1.1560394763946533,-0.11797682332578395
COHFACE_s14_session3_natural,40,70,42.333333333333336,-1.256730079650879,-0.11556511689540172
COHFACE_s14_session3_natural,40,71,42.36666666666667,-1.3187222480773926,-0.10981894770411511
COHFACE_s14_session3_natural,40,72,42.4,-1.249384880065918,-0.10324156867479481
COHFACE_s14_session3_natural,40,73,42.43333333333333,-0.6588096022605896,-0.09641885946545567
COHFACE_s14_session3_natural,40,74,42.46666666666667,0.42083412408828735,-0.08789075728524819
COHFACE_s14_session3_natural,40,75,42.5,1.2442116737365723,-0.07570654497220547
COHFACE_s14_session3_natural,40,76,42.53333333333333,1.4442325830459595,-0.059233972436824024
COHFACE_s14_session3_natural,40,77,42.56666666666667,1.2529851198196411,-0.03976344898055235
COHFACE_s14_session3_natural,40,78,42.6,0.847468376159668,-0.019588950709386443
COHFACE_s14_session3_natural,40,79,42.63333333333333,0.38074153661727905,-0.0005077134011922699
COHFACE_s14_session3_natural,40,80,42.666666666666664,0.2041504681110382,0.017014447063823983
COHFACE_s14_session3_natural,40,81,42.7,0.30157649517059326,0.03346565576896268
COHFACE_s14_session3_natural,40,82,42.733333333333334,0.36210647225379944,0.04917221456346246
COHFACE_s14_session3_natural,40,83,42.766666666666666,0.19214648008346558,0.06341146654637103
COHFACE_s14_session3_natural,40,84,42.8,-0.09710513800382614,0.07432787282117845
COHFACE_s14_session3_natural,40,85,42.833333333333336,-0.3720743954181671,0.0795295381586804
COHFACE_s14_session3_natural,40,86,42.86666666666667,-0.576754093170166,0.07695205491438788
COHFACE_s14_session3_natural,40,87,42.9,-0.7101240754127502,0.06569429701737034
COHFACE_s14_session3_natural,40,88,42.93333333333333,-0.812242865562439,0.04668631469618341
COHFACE_s14_session3_natural,40,89,42.96666666666667,-0.9030718207359314,0.022993138377999715
COHFACE_s14_session3_natural,40,90,43.0,-1.0287225246429443,-0.000628460209038312
COHFACE_s14_session3_natural,40,91,43.03333333333333,-1.1426072120666504,-0.019151992273993144
COHFACE_s14_session3_natural,40,92,43.06666666666667,-1.217759609222412,-0.02922303454567288
COHFACE_s14_session3_natural,40,93,43.1,-1.1402268409729004,-0.030545413196528017
COHFACE_s14_session3_natural,40,94,43.13333333333333,-0.514421820640564,-0.02578193436950621
COHFACE_s14_session3_natural,40,95,43.166666666666664,0.6001456379890442,-0.01891688761036232
COHFACE_s14_session3_natural,40,96,43.2,1.4433485269546509,-0.013045489484544896
COHFACE_s14_session3_natural,40,97,43.233333333333334,1.6610863208770752,-0.008937686831968644
COHFACE_s14_session3_natural,40,98,43.266666666666666,1.514930248260498,-0.005130688062949776
COHFACE_s14_session3_natural,40,99,43.3,1.1381142139434814,0.0007053717995647345
COHFACE_s14_session3_natural,40,100,43.333333333333336,0.6618658304214478,0.010034989501523452
COHFACE_s14_session3_natural,40,101,43.36666666666667,0.43229401111602783,0.02231137438297033
COHFACE_s14_session3_natural,40,102,43.4,0.48051396012306213,0.03496335941247425
COHFACE_s14_session3_natural,40,103,43.43333333333333,0.5192123055458069,0.04446513764365359
COHFACE_s14_session3_natural,40,104,43.46666666666667,0.3500344753265381,0.047924929664551134
COHFACE_s14_session3_natural,40,105,43.5,0.04857484996318817,0.04438677556090051
COHFACE_s14_session3_natural,40,106,43.53333333333333,-0.24550557136535645,0.03517243259464469
COHFACE_s14_session3_natural,40,107,43.56666666666667,-0.4685142934322357,0.023124448838023195
COHFACE_s14_session3_natural,40,108,43.6,-0.6133100986480713,0.011309476852060274
COHFACE_s14_session3_natural,40,109,43.63333333333333,-0.7161430716514587,0.002009001382189569
COHFACE_s14_session3_natural,40,110,43.666666666666664,-0.8318300843238831,-0.0036239739447928732
COHFACE_s14_session3_natural,40,111,43.7,-0.9713890552520752,-0.005461559775326684
COHFACE_s14_session3_natural,40,112,43.733333333333334,-1.102718710899353,-0.004190840409931679
COHFACE_s14_session3_natural,40,113,43.766666666666666,-1.1724982261657715,-0.0011045934498841153
COHFACE_s14_session3_natural,40,114,43.8,-1.102990746498108,0.0021681525285045288
COHFACE_s14_session3_natural,40,115,43.833333333333336,-0.5208488702774048,0.004024629503361766
COHFACE_s14_session3_natural,40,116,43.86666666666667,0.6150060892105103,0.0032544219452313467
COHFACE_s14_session3_natural,40,117,43.9,1.5589334964752197,-0.0007110418951250055
COHFACE_s14_session3_natural,40,118,43.93333333333333,1.8352290391921997,-0.007659904607969442
COHFACE_s14_session3_natural,40,119,43.96666666666667,1.702165126800537,-0.016490672204197133
COHFACE_s14_session3_natural,40,120,44.0,1.3543897867202759,-0.025187690764864667
COHFACE_s14_session3_natural,40,121,44.03333333333333,0.8514470458030701,-0.031107516591804708
COHFACE_s14_session3_natural,40,122,44.06666666666667,0.5739953517913818,-0.031746696261899666
COHFACE_s14_session3_natural,40,123,44.1,0.6160942912101746,-0.02583583065385765
COHFACE_s14_session3_natural,40,124,44.13333333333333,0.6474814414978027,-0.014218607507071976
COHFACE_s14_session3_natural,40,125,44.166666666666664,0.486566960811615,8.021209660672304e-05
COHFACE_s14_session3_natural,40,126,44.2,0.17721803486347198,0.012751247374635696
COHFACE_s14_session3_natural,40,127,44.233333333333334,-0.12686003744602203,0.01966085614093003
COHFACE_s14_session3_natural,40,128,44.266666666666666,-0.3652052879333496,0.01825661958112624
COHFACE_s14_session3_natural,40,129,44.3,-0.5106812119483948,0.00841352445862641
COHFACE_s14_session3_natural,40,130,44.333333333333336,-0.6283065676689148,-0.007542058736132
COHFACE_s14_session3_natural,40,131,44.36666666666667,-0.7556235790252686,-0.025614768592062437
COHFACE_s14_session3_natural,40,132,44.4,-0.9171161651611328,-0.041436347105378274
COHFACE_s14_session3_natural,40,133,44.43333333333333,-1.0554169416427612,-0.05159277003457674
COHFACE_s14_session3_natural,40,134,44.46666666666667,-1.127984881401062,-0.05448251210626399
COHFACE_s14_session3_natural,40,135,44.5,-1.132779598236084,-0.05039272782586525
COHFACE_s14_session3_natural,40,136,44.53333333333333,-0.7396749258041382,-0.04082382578437198
COHFACE_s14_session3_natural,40,137,44.56666666666667,0.2940612733364105,-0.02746328782747011
COHFACE_s14_session3_natural,40,138,44.6,1.3433719873428345,-0.011415534341448638
COHFACE_s14_session3_natural,40,139,44.63333333333333,1.7964966297149658,0.0068635123789905035
COHFACE_s14_session3_natural,40,140,44.666666666666664,1.7342324256896973,0.026977633371250427
COHFACE_s14_session3_natural,40,141,44.7,1.3994812965393066,0.04783836047152429
COHFACE_s14_session3_natural,40,142,44.733333333333334,0.9054479002952576,0.06726577102849886
COHFACE_s14_session3_natural,40,143,44.766666666666666,0.5659019947052002,0.08215435868391552
COHFACE_s14_session3_natural,40,144,44.8,0.5662080645561218,0.08909491966026421
COHFACE_s14_session3_natural,40,145,44.833333333333336,0.6256498694419861,0.08523438632557652
COHFACE_s14_session3_natural,40,146,44.86666666666667,0.5017334818840027,0.06924623294368182
COHFACE_s14_session3_natural,40,147,44.9,0.22996070981025696,0.04226272255755806
COHFACE_s14_session3_natural,40,148,44.93333333333333,-0.07160093635320663,0.008341914014082161
COHFACE_s14_session3_natural,40,149,44.96666666666667,-0.33286595344543457,-0.026082893010817034
COHFACE_s14_session3_natural,40,150,45.0,-0.5079267621040344,-0.053912493539386826
COHFACE_s14_session3_natural,40,151,45.03333333333333,-0.615962564945221,-0.06967272319205488
COHFACE_s14_session3_natural,40,152,45.06666666666667,-0.7369884848594666,-0.07132159429189555
COHFACE_s14_session3_natural,40,153,45.1,-0.8771255612373352,-0.060659561598100896
COHFACE_s14_session3_natural,40,154,45.13333333333333,-1.0189628601074219,-0.04221230341362046
COHFACE_s14_session3_natural,40,155,45.166666666666664,-1.1116961240768433,-0.02129445207065273
COHFACE_s14_session3_natural,40,156,45.2,-1.1463478803634644,-0.0022629388787770736
COHFACE_s14_session3_natural,40,157,45.233333333333334,-0.9128994345664978,0.012341185869469345
COHFACE_s14_session3_natural,40,158,45.266666666666666,-0.0692545473575592,0.021678944618455053
COHFACE_s14_session3_natural,40,159,45.3,1.0120214223861694,0.025964860517258763
COHFACE_s14_session3_natural,40,160,45.333333333333336,1.6022906303405762,0.025862257670385098
COHFACE_s14_session3_natural,40,161,45.36666666666667,1.6008623838424683,0.0222529091103392
COHFACE_s14_session3_natural,40,162,45.4,1.3079721927642822,0.01629630086430584
COHFACE_s14_session3_natural,40,163,45.43333333333333,0.8197538256645203,0.009444415548146817
COHFACE_s14_session3_natural,40,164,45.46666666666667,0.4429037570953369,0.003185573436750846
COHFACE_s14_session3_natural,40,165,45.5,0.3984924554824829,-0.0013894488707716474
COHFACE_s14_session3_natural,40,166,45.53333333333333,0.48051396012306213,-0.003882010547295655
COHFACE_s14_session3_natural,40,167,45.56666666666667,0.41066646575927734,-0.004530140232921589
COHFACE_s14_session3_natural,40,168,45.6,0.14181819558143616,-0.003965735940277886
COHFACE_s14_session3_natural,40,169,45.63333333333333,-0.16140972077846527,-0.003126945486040815
COHFACE_s14_session3_natural,40,170,45.666666666666664,-0.4258032441139221,-0.0033623307972367846
COHFACE_s14_session3_natural,40,171,45.7,-0.619941234588623,-0.006347022846940878
COHFACE_s14_session3_natural,40,172,45.733333333333334,-0.7266167998313904,-0.013431483713383919
COHFACE_s14_session3_natural,40,173,45.766666666666666,-0.7967023253440857,-0.024555929711763576
COHFACE_s14_session3_natural,40,174,45.8,-0.9248694181442261,-0.03750606733395339
COHFACE_s14_session3_natural,40,175,45.833333333333336,-1.0730998516082764,-0.04835314554584101
COHFACE_s14_session3_natural,40,176,45.86666666666667,-1.189126968383789,-0.05311672984649377
COHFACE_s14_session3_natural,40,177,45.9,-1.2451001405715942,-0.0497024397420413
COHFACE_s14_session3_natural,40,178,45.93333333333333,-1.1854543685913086,-0.03888126501779426
COHFACE_s14_session3_natural,40,179,45.96666666666667,-0.6203492879867554,-0.023687576972943228
COHFACE_s14_session3_natural,40,180,46.0,0.43929916620254517,-0.007669314110437459
COHFACE_s14_session3_natural,40,181,46.03333333333333,1.2623026371002197,0.006885048728009714
COHFACE_s14_session3_natural,40,182,46.06666666666667,1.4598071575164795,0.019794650024521392
COHFACE_s14_session3_natural,40,183,46.1,1.2455378770828247,0.03265380737001486
COHFACE_s14_session3_natural,40,184,46.13333333333333,0.8291733860969543,0.04764725836601685
COHFACE_s14_session3_natural,40,185,46.166666666666664,0.38557031750679016,0.06608853407142005
COHFACE_s14_session3_natural,40,186,46.2,0.22751231491565704,0.08723721544994922
COHFACE_s14_session3_natural,40,187,46.233333333333334,0.3170490562915802,0.10781258815079667
COHFACE_s14_session3_natural,40,188,46.266666666666666,0.33888065814971924,0.12246058952888972
COHFACE_s14_session3_natural,40,189,46.3,0.14487870037555695,0.1252036239531459
COHFACE_s14_session3_natural,40,190,46.333333333333336,-0.13879600167274475,0.11155616130591668
COHFACE_s14_session3_natural,40,191,46.36666666666667,-0.41179293394088745,0.08060655802812768
COHFACE_s14_session3_natural,40,192,46.4,-0.6287146806716919,0.03614320769329706
COHFACE_s14_session3_natural,40,193,46.43333333333333,-0.761676549911499,-0.013932005192150923
COHFACE_s14_session3_natural,40,194,46.46666666666667,-0.8470646142959595,-0.060010005620469965
COHFACE_s14_session3_natural,40,195,46.5,-0.94353848695755,-0.09413987628414158
COHFACE_s14_session3_natural,40,196,46.53333333333333,-1.0598036050796509,-0.11271732734930122
COHFACE_s14_session3_natural,40,197,46.56666666666667,-1.173858404159546,-0.11706007100989324
COHFACE_s14_session3_natural,40,198,46.6,-1.2486706972122192,-0.11176919214237584
COHFACE_s14_session3_natural,40,199,46.63333333333333,-1.2674418687820435,-0.10211308301370854
COHFACE_s14_session3_natural,40,200,46.666666666666664,-0.9896160960197449,-0.09189112909293876
COHFACE_s14_session3_natural,40,201,46.7,-0.1278121918439865,-0.08253351956055263
COHFACE_s14_session3_natural,40,202,46.733333333333334,0.8230863809585571,-0.07337704237393011
COHFACE_s14_session3_natural,40,203,46.766666666666666,1.2141166925430298,-0.06261457119403921
COHFACE_s14_session3_natural,40,204,46.8,1.094757080078125,-0.04841538440218215
COHFACE_s14_session3_natural,40,205,46.833333333333336,0.7232459187507629,-0.02987725909468533
COHFACE_s14_session3_natural,40,206,46.86666666666667,0.2516222894191742,-0.007546817902584319
COHFACE_s14_session3_natural,40,207,46.9,0.0033814087510108948,0.016659435219467403
COHFACE_s14_session3_natural,40,208,46.93333333333333,0.07642543315887451,0.0400413961023175
COHFACE_s14_session3_natural,40,209,46.96666666666667,0.19459488987922668,0.05986468406681804
COHFACE_s14_session3_natural,40,210,47.0,0.10672442615032196,0.07391666375808394
COHFACE_s14_session3_natural,40,211,47.03333333333333,-0.1473994106054306,0.08074992368866983
COHFACE_s14_session3_natural,40,212,47.06666666666667,-0.4189341068267822,0.07978673392314962
COHFACE_s14_session3_natural,40,213,47.1,-0.606270968914032,0.07151191421956575
COHFACE_s14_session3_natural,40,214,47.13333333333333,-0.737124502658844,0.05770379974800181
COHFACE_s14_session3_natural,40,215,47.166666666666664,-0.8304698467254639,0.041373559225678515
COHFACE_s14_session3_natural,40,216,47.2,-0.9148717522621155,0.026146580581203373
COHFACE_s14_session3_natural,40,217,47.233333333333334,-1.000735878944397,0.015169214593267602
COHFACE_s14_session3_natural,40,218,47.266666666666666,-1.1046570539474487,0.00997838574682253
COHFACE_s14_session3_natural,40,219,47.3,-1.1883788108825684,0.00988949170302136
COHFACE_s14_session3_natural,40,220,47.333333333333336,-1.1933096647262573,0.012255273343646466
COHFACE_s14_session3_natural,40,221,47.36666666666667,-0.9119812846183777,0.013556744461195806
COHFACE_s14_session3_natural,40,222,47.4,-0.0642557293176651,0.010920838075120119
COHFACE_s14_session3_natural,40,223,47.43333333333333,0.9024214148521423,0.0034579567640631173
COHFACE_s14_session3_natural,40,224,47.46666666666667,1.3236147165298462,-0.007161946934602757
COHFACE_s14_session3_natural,40,225,47.5,1.241151213645935,-0.01722104378501825
COHFACE_s14_session3_natural,40,226,47.53333333333333,0.9384333491325378,-0.022463769003989616
COHFACE_s14_session3_natural,40,227,47.56666666666667,0.49506837129592896,-0.020082171316309707
COHFACE_s14_session3_natural,40,228,47.6,0.18507331609725952,-0.010369108270239596
COHFACE_s14_session3_natural,40,229,47.63333333333333,0.1885758936405182,0.0027670225872869995
COHFACE_s14_session3_natural,40,230,47.666666666666664,0.2838935852050781,0.01288515651718284
COHFACE_s14_session3_natural,40,231,47.7,0.21384206414222717,0.013506354339820397
COHFACE_s14_session3_natural,40,232,47.733333333333334,-0.00767041090875864,0.0011060247939094655
COHFACE_s14_session3_natural,40,233,47.766666666666666,-0.2707037031650543,-0.022743952156266598
COHFACE_s14_session3_natural,40,234,47.8,-0.493032306432724,-0.05124512804240199
COHFACE_s14_session3_natural,40,235,47.833333333333336,-0.6473497152328491,-0.0745738284969939
COHFACE_s14_session3_natural,40,236,47.86666666666667,-0.731717586517334,-0.08357771188747319
COHFACE_s14_session3_natural,40,237,47.9,-0.7995927929878235,-0.07335636627778198
COHFACE_s14_session3_natural,40,238,47.93333333333333,-0.9007594585418701,-0.04522281890888311
COHFACE_s14_session3_natural,40,239,47.96666666666667,-1.0229415893554688,-0.006361383504997971
COHFACE_s14_session3_natural,41,0,41.0,-0.4344746768474579,-0.012202606064013726
COHFACE_s14_session3_natural,41,1,41.03333333333333,0.7123301029205322,2.6757668795428047
COHFACE_s14_session3_natural,41,2,41.06666666666667,1.5717875957489014,4.948397430907297
COHFACE_s14_session3_natural,41,3,41.1,1.744297981262207,6.491903956296712
COHFACE_s14_session3_natural,41,4,41.13333333333333,1.5002398490905762,7.167073841791284
COHFACE_s14_session3_natural,41,5,41.166666666666664,1.0563308000564575,7.026984792539966
COHFACE_s14_session3_natural,41,6,41.2,0.5649838447570801,6.274058121218824
COHFACE_s14_session3_natural,41,7,41.233333333333334,0.36601710319519043,5.180152362298775
COHFACE_s14_session3_natural,41,8,41.266666666666666,0.4411354660987854,4.004433311748627
COHFACE_s14_session3_natural,41,9,41.3,0.4648033678531647,2.9353521160534033
COHFACE_s14_session3_natural,41,10,41.333333333333336,0.2923949956893921,2.0677422067738407
COHFACE_s14_session3_natural,41,11,41.36666666666667,0.00021888808987569064,1.4120121035868283
COHFACE_s14_session3_natural,41,12,41.4,-0.296752005815506,0.92339373458275
COHFACE_s14_session3_natural,41,13,41.43333333333333,-0.5354713201522827,0.5366058471200231
COHFACE_s14_session3_natural,41,14,41.46666666666667,-0.6984601616859436,0.19418917388682316
COHFACE_s14_session3_natural,41,15,41.5,-0.7961242198944092,-0.13755009860219797
COHFACE_s14_session3_natural,41,16,41.53333333333333,-0.8870552182197571,-0.4654791074117466
COHFACE_s14_session3_natural,41,17,41.56666666666667,-1.0022321939468384,-0.7761808203337224
COHFACE_s14_session3_natural,41,18,41.6,-1.1443074941635132,-1.0472647333737972
COHFACE_s14_session3_natural,41,19,41.63333333333333,-1.2351025342941284,-1.2587943126174483
COHFACE_s14_session3_natural,41,20,41.666666666666664,-1.285294771194458,-1.401348021776928
COHFACE_s14_session3_natural,41,21,41.7,-1.1346158981323242,-1.47888604781792
COHFACE_s14_session3_natural,41,22,41.733333333333334,-0.34500595927238464,-1.5064007266234622
COHFACE_s14_session3_natural,41,23,41.766666666666666,0.7452475428581238,-1.5038585840943755
COHFACE_s14_session3_natural,41,24,41.8,1.3510233163833618,-1.488846784402682
COHFACE_s14_session3_natural,41,25,41.833333333333336,1.3518394231796265,-1.470498842052985
COHFACE_s14_session3_natural,41,26,41.86666666666667,1.0414702892303467,-1.446762687651951
COHFACE_s14_session3_natural,41,27,41.9,0.560495138168335,-1.406088242274343
COHFACE_s14_session3_natural,41,28,41.93333333333333,0.16378581523895264,-1.3332600236179435
COHFACE_s14_session3_natural,41,29,41.96666666666667,0.1244073361158371,-1.21728555749987
COHFACE_s14_session3_natural,41,30,42.0,0.25464877486228943,-1.0575744183592684
COHFACE_s14_session3_natural,41,31,42.03333333333333,0.2285664826631546,-0.8649875785047838
COHFACE_s14_session3_natural,41,32,42.06666666666667,-0.005188002251088619,-0.657420916043892
COHFACE_s14_session3_natural,41,33,42.1,-0.29440560936927795,-0.4529124450677871
COHFACE_s14_session3_natural,41,34,42.13333333333333,-0.5527801513671875,-0.2640962540541225
COHFACE_s14_session3_natural,41,35,42.166666666666664,-0.7323637008666992,-0.09627602809916623
COHFACE_s14_session3_natural,41,36,42.2,-0.8286675810813904,0.05089086756536397
COHFACE_s14_session3_natural,41,37,42.233333333333334,-0.9258555769920349,0.1797810382028769
COHFACE_s14_session3_natural,41,38,42.266666666666666,-1.0364757776260376,0.2914076991990429
COHFACE_s14_session3_natural,41,39,42.3,-1.1560394763946533,0.3838602716031365
COHFACE_s14_session3_natural,41,40,42.333333333333336,-1.256730079650879,0.453220527763777
COHFACE_s14_session3_natural,41,41,42.36666666666667,-1.3187222480773926,0.4963776276470978
COHFACE_s14_session3_natural,41,42,42.4,-1.249384880065918,0.514027429905175
COHFACE_s14_session3_natural,41,43,42.43333333333333,-0.6588096022605896,0.5118529009241232
COHFACE_s14_session3_natural,41,44,42.46666666666667,0.42083412408828735,0.4989003302981492
COHFACE_s14_session3_natural,41,45,42.5,1.2442116737365723,0.48394458729484313
COHFACE_s14_session3_natural,41,46,42.53333333333333,1.4442325830459595,0.4720322770731362
COHFACE_s14_session3_natural,41,47,42.56666666666667,1.2529851198196411,0.463303383866195
COHFACE_s14_session3_natural,41,48,42.6,0.847468376159668,0.45450005163642604
COHFACE_s14_session3_natural,41,49,42.63333333333333,0.38074153661727905,0.4417185421192386
COHFACE_s14_session3_natural,41,50,42.666666666666664,0.2041504681110382,0.42246290052852487
COHFACE_s14_session3_natural,41,51,42.7,0.30157649517059326,0.3959949872722541
COHFACE_s14_session3_natural,41,52,42.733333333333334,0.36210647225379944,0.36240991489680874
COHFACE_s14_session3_natural,41,53,42.766666666666666,0.19214648008346558,0.3216534773090212
COHFACE_s14_session3_natural,41,54,42.8,-0.09710513800382614,0.2733153801897759
COHFACE_s14_session3_natural,41,55,42.833333333333336,-0.3720743954181671,0.21714720221097988
COHFACE_s14_session3_natural,41,56,42.86666666666667,-0.576754093170166,0.1537848702168243
COHFACE_s14_session3_natural,41,57,42.9,-0.7101240754127502,0.08525040661594223
COHFACE_s14_session3_natural,41,58,42.93333333333333,-0.812242865562439,0.015105005972478717
COHFACE_s14_session3_natural,41,59,42.96666666666667,-0.9030718207359314,-0.05177766566497311
COHFACE_s14_session3_natural,41,60,43.0,-1.0287225246429443,-0.11001099868841052
COHFACE_s14_session3_natural,41,61,43.03333333333333,-1.1426072120666504,-0.15517249336266015
COHFACE_s14_session3_natural,41,62,43.06666666666667,-1.217759609222412,-0.18544304365527545
COHFACE_s14_session3_natural,41,63,43.1,-1.1402268409729004,-0.2023887795966706
COHFACE_s14_session3_natural,41,64,43.13333333333333,-0.514421820640564,-0.21017336557040583
COHFACE_s14_session3_natural,41,65,43.166666666666664,0.6001456379890442,-0.21343359223859587
COHFACE_s14_session3_natural,41,66,43.2,1.4433485269546509,-0.2149462931237465
COHFACE_s14_session3_natural,41,67,43.233333333333334,1.6610863208770752,-0.2144215944905256
COHFACE_s14_session3_natural,41,68,43.266666666666666,1.514930248260498,-0.20908823291140918
COHFACE_s14_session3_natural,41,69,43.3,1.1381142139434814,-0.195692692124943
COHFACE_s14_session3_natural,41,70,43.333333333333336,0.6618658304214478,-0.17280383840215657
COHFACE_s14_session3_natural,41,71,43.36666666666667,0.43229401111602783,-0.14221430500919485
COHFACE_s14_session3_natural,41,72,43.4,0.48051396012306213,-0.10871498609443554
COHFACE_s14_session3_natural,41,73,43.43333333333333,0.5192123055458069,-0.07831951639006891
COHFACE_s14_session3_natural,41,74,43.46666666666667,0.3500344753265381,-0.0557687105029554
COHFACE_s14_session3_natural,41,75,43.5,0.04857484996318817,-0.042541708135032
COHFACE_s14_session3_natural,41,76,43.53333333333333,-0.24550557136535645,-0.036430653734498226
COHFACE_s14_session3_natural,41,77,43.56666666666667,-0.4685142934322357,-0.03292033083183193
COHFACE_s14_session3_natural,41,78,43.6,-0.6133100986480713,-0.027497019549462858
COHFACE_s14_session3_natural,41,79,43.63333333333333,-0.7161430716514587,-0.017496634948600955
COHFACE_s14_session3_natural,41,80,43.666666666666664,-0.8318300843238831,-0.0026915824199069864
COHFACE_s14_session3_natural,41,81,43.7,-0.9713890552520752,0.015211601973936744
COHFACE_s14_session3_natural,41,82,43.733333333333334,-1.102718710899353,0.03354938133973888
COHFACE_s14_session3_natural,41,83,43.766666666666666,-1.1724982261657715,0.04964632245530295
COHFACE_s14_session3_natural,41,84,43.8,-1.102990746498108,0.061471242498150426
COHFACE_s14_session3_natural,41,85,43.833333333333336,-0.5208488702774048,0.06793760419519751
COHFACE_s14_session3_natural,41,86,43.86666666666667,0.6150060892105103,0.06889283244762963
COHFACE_s14_session3_natural,41,87,43.9,1.5589334964752197,0.06492302169742194
COHFACE_s14_session3_natural,41,88,43.93333333333333,1.8352290391921997,0.057162267316344585
COHFACE_s14_session3_natural,41,89,43.96666666666667,1.702165126800537,0.04722903029675802
COHFACE_s14_session3_natural,41,90,44.0,1.3543897867202759,0.037187498579023016
COHFACE_s14_session3_natural,41,91,44.03333333333333,0.8514470458030701,0.029278454856103864
COHFACE_s14_session3_natural,41,92,44.06666666666667,0.5739953517913818,0.025293117962688867
COHFACE_s14_session3_natural,41,93,44.1,0.6160942912101746,0.025796577599940092
COHFACE_s14_session3_natural,41,94,44.13333333333333,0.6474814414978027,0.02967600927783874
COHFACE_s14_session3_natural,41,95,44.166666666666664,0.486566960811615,0.03441211248944155
COHFACE_s14_session3_natural,41,96,44.2,0.17721803486347198,0.03702196125557131
COHFACE_s14_session3_natural,41,97,44.233333333333334,-0.12686003744602203,0.03519040202752314
COHFACE_s14_session3_natural,41,98,44.266666666666666,-0.3652052879333496,0.028068531777336137
COHFACE_s14_session3_natural,41,99,44.3,-0.5106812119483948,0.01649308905941544
COHFACE_s14_session3_natural,41,100,44.333333333333336,-0.6283065676689148,0.0026789761059665333
COHFACE_s14_session3_natural,41,101,44.36666666666667,-0.7556235790252686,-0.010427263580873364
COHFACE_s14_session3_natural,41,102,44.4,-0.9171161651611328,-0.019977494058623257
COHFACE_s14_session3_natural,41,103,44.43333333333333,-1.0554169416427612,-0.02410774289050719
COHFACE_s14_session3_natural,41,104,44.46666666666667,-1.127984881401062,-0.02264663204486037
COHFACE_s14_session3_natural,41,105,44.5,-1.132779598236084,-0.017289336327468055
COHFACE_s14_session3_natural,41,106,44.53333333333333,-0.7396749258041382,-0.010954887848675278
COHFACE_s14_session3_natural,41,107,44.56666666666667,0.2940612733364105,-0.006447944714535395
COHFACE_s14_session3_natural,41,108,44.6,1.3433719873428345,-0.00510932354011747
COHFACE_s14_session3_natural,41,109,44.63333333333333,1.7964966297149658,-0.006310250969083115
COHFACE_s14_session3_natural,41,110,44.666666666666664,1.7342324256896973,-0.008106951434919414
COHFACE_s14_session3_natural,41,111,44.7,1.3994812965393066,-0.008582791018921454
COHFACE_s14_session3_natural,41,112,44.733333333333334,0.9054479002952576,-0.007022856496336486
COHFACE_s14_session3_natural,41,113,44.766666666666666,0.5659019947052002,-0.004295854949821887
COHFACE_s14_session3_natural,41,114,44.8,0.5662080645561218,-0.002410361284403674
COHFACE_s14_session3_natural,41,115,44.833333333333336,0.6256498694419861,-0.003632810911963762
COHFACE_s14_session3_natural,41,116,44.86666666666667,0.5017334818840027,-0.009511435776918938
COHFACE_s14_session3_natural,41,117,44.9,0.22996070981025696,-0.02000884849049527
COHFACE_s14_session3_natural,41,118,44.93333333333333,-0.07160093635320663,-0.03305578786649349
COHFACE_s14_session3_natural,41,119,44.96666666666667,-0.33286595344543457,-0.04488092879206522
COHFACE_s14_session3_natural,41,120,45.0,-0.5079267621040344,-0.05111554630940234
COHFACE_s14_session3_natural,41,121,45.03333333333333,-0.615962564945221,-0.04824468664338598
COHFACE_s14_session3_natural,41,122,45.06666666666667,-0.7369884848594666,-0.03488511997827125
COHFACE_s14_session3_natural,41,123,45.1,-0.8771255612373352,-0.012486721752255351
COHFACE_s14_session3_natural,41,124,45.13333333333333,-1.0189628601074219,0.014844600950752993
COHFACE_s14_session3_natural,41,125,45.166666666666664,-1.1116961240768433,0.04146868841083501
COHFACE_s14_session3_natural,41,126,45.2,-1.1463478803634644,0.06188035132166133
COHFACE_s14_session3_natural,41,127,45.233333333333334,-0.9128994345664978,0.07221202068264118
COHFACE_s14_session3_natural,41,128,45.266666666666666,-0.0692545473575592,0.07102633657627902
COHFACE_s14_session3_natural,41,129,45.3,1.0120214223861694,0.0593179310099284
COHFACE_s14_session3_natural,41,130,45.333333333333336,1.6022906303405762,0.03999758816725998
COHFACE_s14_session3_natural,41,131,45.36666666666667,1.6008623838424683,0.017176101274146878
COHFACE_s14_session3_natural,41,132,45.4,1.3079721927642822,-0.004637145156040621
COHFACE_s14_session3_natural,41,133,45.43333333333333,0.8197538256645203,-0.021469629102106376
COHFACE_s14_session3_natural,41,134,45.46666666666667,0.4429037570953369,-0.0308983247932697
COHFACE_s14_session3_natural,41,135,45.5,0.3984924554824829,-0.032780992844250297
COHFACE_s14_session3_natural,41,136,45.53333333333333,0.48051396012306213,-0.029164491196178522
COHFACE_s14_session3_natural,41,137,45.56666666666667,0.41066646575927734,-0.023148559164802532
COHFACE_s14_session3_natural,41,138,45.6,0.14181819558143616,-0.017271739966542663
COHFACE_s14_session3_natural,41,139,45.63333333333333,-0.16140972077846527,-0.012466016038470895
COHFACE_s14_session3_natural,41,140,45.666666666666664,-0.4258032441139221,-0.008196834246540979
COHFACE_s14_session3_natural,41,141,45.7,-0.619941234588623,-0.0034968944634913256
COHFACE_s14_session3_natural,41,142,45.733333333333334,-0.7266167998313904,0.001972680433532691
COHFACE_s14_session3_natural,41,143,45.766666666666666,-0.7967023253440857,0.007550782653901059
COHFACE_s14_session3_natural,41,144,45.8,-0.9248694181442261,0.011923904447298187
COHFACE_s14_session3_natural,41,145,45.833333333333336,-1.0730998516082764,0.013687790651800353
COHFACE_s14_session3_natural,41,146,45.86666666666667,-1.189126968383789,0.011727355238494245
COHFACE_s14_session3_natural,41,147,45.9,-1.2451001405715942,0.005449181279684182
COHFACE_s14_session3_natural,41,148,45.93333333333333,-1.1854543685913086,-0.004916494637221332
COHFACE_s14_session3_natural,41,149,45.96666666666667,-0.6203492879867554,-0.017942163073506746
COHFACE_s14_session3_natural,41,150,46.0,0.43929916620254517,-0.03090923428333913
COHFACE_s14_session3_natural,41,151,46.03333333333333,1.2623026371002197,-0.040356103925632214
COHFACE_s14_session3_natural,41,152,46.06666666666667,1.4598071575164795,-0.04313229084615993
COHFACE_s14_session3_natural,41,153,46.1,1.2455378770828247,-0.03737622644080685
COHFACE_s14_session3_natural,41,154,46.13333333333333,0.8291733860969543,-0.02296603599607558
COHFACE_s14_session3_natural,41,155,46.166666666666664,0.38557031750679016,-0.0014508031121263664
COHFACE_s14_session3_natural,41,156,46.2,0.22751231491565704,0.024256647814528916
COHFACE_s14_session3_natural,41,157,46.233333333333334,0.3170490562915802,0.05020389195546385
COHFACE_s14_session3_natural,41,158,46.266666666666666,0.33888065814971924,0.07176591121812992
COHFACE_s14_session3_natural,41,159,46.3,0.14487870037555695,0.08426723720997885
COHFACE_s14_session3_natural,41,160,46.333333333333336,-0.13879600167274475,0.08400758027461482
COHFACE_s14_session3_natural,41,161,46.36666666666667,-0.41179293394088745,0.06953492506610323
COHFACE_s14_session3_natural,41,162,46.4,-0.6287146806716919,0.04265267828134325
COHFACE_s14_session3_natural,41,163,46.43333333333333,-0.761676549911499,0.008511897063590181
COHFACE_s14_session3_natural,41,164,46.46666666666667,-0.8470646142959595,-0.02558500442472929
COHFACE_s14_session3_natural,41,165,46.5,-0.94353848695755,-0.05240616350595693
COHFACE_s14_session3_natural,41,166,46.53333333333333,-1.0598036050796509,-0.0671089030439053
COHFACE_s14_session3_natural,41,167,46.56666666666667,-1.173858404159546,-0.06857663302361623
COHFACE_s14_session3_natural,41,168,46.6,-1.2486706972122192,-0.059282277379729166
COHFACE_s14_session3_natural,41,169,46.63333333333333,-1.2674418687820435,-0.04397818972399213
COHFACE_s14_session3_natural,41,170,46.666666666666664,-0.9896160960197449,-0.027894442650226947
COHFACE_s14_session3_natural,41,171,46.7,-0.1278121918439865,-0.015089642831665426
COHFACE_s14_session3_natural,41,172,46.733333333333334,0.8230863809585571,-0.007410303283891029
COHFACE_s14_session3_natural,41,173,46.766666666666666,1.2141166925430298,-0.004297380542430763
COHFACE_s14_session3_natural,41,174,46.8,1.094757080078125,-0.0034385759310532884
COHFACE_s14_session3_natural,41,175,46.833333333333336,0.7232459187507629,-0.001994562053206714
COHFACE_s14_session3_natural,41,176,46.86666666666667,0.2516222894191742,0.0021128389761254727
COHFACE_s14_session3_natural,41,177,46.9,0.0033814087510108948,0.009393016751616544
COHFACE_s14_session3_natural,41,178,46.93333333333333,0.07642543315887451,0.01873132928436219
COHFACE_s14_session3_natural,41,179,46.96666666666667,0.19459488987922668,0.02796641443653313
COHFACE_s14_session3_natural,41,180,47.0,0.10672442615032196,0.034727697086967615
COHFACE_s14_session3_natural,41,181,47.03333333333333,-0.1473994106054306,0.03716764979720887
COHFACE_s14_session3_natural,41,182,47.06666666666667,-0.4189341068267822,0.03442648063066233
COHFACE_s14_session3_natural,41,183,47.1,-0.606270968914032,0.026844851710594943
COHFACE_s14_session3_natural,41,184,47.13333333333333,-0.737124502658844,0.015938716291979325
COHFACE_s14_session3_natural,41,185,47.166666666666664,-0.8304698467254639,0.0040736995588473955
COHFACE_s14_session3_natural,41,186,47.2,-0.9148717522621155,-0.00619442686502535
COHFACE_s14_session3_natural,41,187,47.233333333333334,-1.000735878944397,-0.012968949603804382
COHFACE_s14_session3_natural,41,188,47.266666666666666,-1.1046570539474487,-0.015695485647322545
COHFACE_s14_session3_natural,41,189,47.3,-1.1883788108825684,-0.015302342430282796
COHFACE_s14_session3_natural,41,190,47.333333333333336,-1.1933096647262573,-0.013691353259272373
COHFACE_s14_session3_natural,41,191,47.36666666666667,-0.9119812846183777,-0.01282689272851105
COHFACE_s14_session3_natural,41,192,47.4,-0.0642557293176651,-0.013844295552531131
COHFACE_s14_session3_natural,41,193,47.43333333333333,0.9024214148521423,-0.016543502751170742
COHFACE_s14_session3_natural,41,194,47.46666666666667,1.3236147165298462,-0.019441021659688647
COHFACE_s14_session3_natural,41,195,47.5,1.241151213645935,-0.02032908904067686
COHFACE_s14_session3_natural,41,196,47.53333333333333,0.9384333491325378,-0.017124881542805163
COHFACE_s14_session3_natural,41,197,47.56666666666667,0.49506837129592896,-0.008740198808783607
COHFACE_s14_session3_natural,41,198,47.6,0.18507331609725952,0.004256946703200317
COHFACE_s14_session3_natural,41,199,47.63333333333333,0.1885758936405182,0.019393025816442748
COHFACE_s14_session3_natural,41,200,47.666666666666664,0.2838935852050781,0.03267756043434632
COHFACE_s14_session3_natural,41,201,47.7,0.21384206414222717,0.039742039171674994
COHFACE_s14_session3_natural,41,202,47.733333333333334,-0.00767041090875864,0.03747759951742033
COHFACE_s14_session3_natural,41,203,47.766666666666666,-0.2707037031650543,0.025506503942976724
COHFACE_s14_session3_natural,41,204,47.8,-0.493032306432724,0.006690059670312878
COHFACE_s14_session3_natural,41,205,47.833333333333336,-0.6473497152328491,-0.01377047044860402
COHFACE_s14_session3_natural,41,206,47.86666666666667,-0.731717586517334,-0.030338802923787347
COHFACE_s14_session3_natural,41,207,47.9,-0.7995927929878235,-0.039284389620947734
COHFACE_s14_session3_natural,41,208,47.93333333333333,-0.9007594585418701,-0.039871458472878527
COHFACE_s14_session3_natural,41,209,47.96666666666667,-1.0229415893554688,-0.034051446603612645
COHFACE_s14_session3_natural,41,210,48.0,-1.1067653894424438,-0.02501010854089782
COHFACE_s14_session3_natural,41,211,48.03333333333333,-1.1170010566711426,-0.01554666307596882
COHFACE_s14_session3_natural,41,212,48.06666666666667,-0.8310139775276184,-0.007174008740579418
COHFACE_s14_session3_natural,41,213,48.1,0.05183938518166542,-0.000191889998371853
COHFACE_s14_session3_natural,41,214,48.13333333333333,1.0796586275100708,0.005684876567870801
COHFACE_s14_session3_natural,41,215,48.166666666666664,1.5517923831939697,0.010781129251284636
COHFACE_s14_session3_natural,41,216,48.2,1.5058847665786743,0.015297088672280022
COHFACE_s14_session3_natural,41,217,48.233333333333334,1.2625746726989746,0.019373378433979307
COHFACE_s14_session3_natural,41,218,48.266666666666666,0.8405652642250061,0.02313253934525376
COHFACE_s14_session3_natural,41,219,48.3,0.4560299217700958,0.026614161751990124
COHFACE_s14_session3_natural,41,220,48.333333333333336,0.4012129008769989,0.029667241245618974
COHFACE_s14_session3_natural,41,221,48.36666666666667,0.4783376157283783,0.03188033329521943
COHFACE_s14_session3_natural,41,222,48.4,0.42389464378356934,0.032574677203733186
COHFACE_s14_session3_natural,41,223,48.43333333333333,0.18537937104701996,0.030879961673246595
COHFACE_s14_session3_natural,41,224,48.46666666666667,-0.0759536549448967,0.025979933410837156
COHFACE_s14_session3_natural,41,225,48.5,-0.30389317870140076,0.017562809413536058
COHFACE_s14_session3_natural,41,226,48.53333333333333,-0.48296666145324707,0.006259260940259605
COHFACE_s14_session3_natural,41,227,48.56666666666667,-0.587125837802887,-0.006287475226327802
COHFACE_s14_session3_natural,41,228,48.6,-0.6652366518974304,-0.017847592001093555
COHFACE_s14_session3_natural,41,229,48.63333333333333,-0.7716401815414429,-0.026309704206672314
COHFACE_s14_session3_natural,41,230,48.666666666666664,-0.8938903212547302,-0.030328308193879123
COHFACE_s14_session3_natural,41,231,48.7,-0.9786322712898254,-0.02968394893123187
COHFACE_s14_session3_natural,41,232,48.733333333333334,-1.0138280391693115,-0.025286743548144225
COHFACE_s14_session3_natural,41,233,48.766666666666666,-0.8449222445487976,-0.01886027131457249
COHFACE_s14_session3_natural,41,234,48.8,-0.1188347116112709,-0.012389329801315503
COHFACE_s14_session3_natural,41,235,48.833333333333336,0.9291498064994812,-0.007485894200506831
COHFACE_s14_session3_natural,41,236,48.86666666666667,1.5209152698516846,-0.004935578697778914
COHFACE_s14_session3_natural,41,237,48.9,1.542508840560913,-0.004647639893792239
COHFACE_s14_session3_natural,41,238,48.93333333333333,1.3150113821029663,-0.005958064234301424
COHFACE_s14_session3_natural,41,239,48.96666666666667,0.9029995203018188,-0.007997154141824772
COHFACE_s14_session3_natural,42,0,42.0,0.25464877486228943,0.0017896592676567256
COHFACE_s14_session3_natural,42,1,42.03333333333333,0.2285664826631546,2.6807988430530916
COHFACE_s14_session3_natural,42,2,42.06666666666667,-0.005188002251088619,4.941849290361999
COHFACE_s14_session3_natural,42,3,42.1,-0.29440560936927795,6.469703520910235
COHFACE_s14_session3_natural,42,4,42.13333333333333,-0.5527801513671875,7.125098882444933
COHFACE_s14_session3_natural,42,5,42.166666666666664,-0.7323637008666992,6.962306328683389
COHFACE_s14_session3_natural,42,6,42.2,-0.8286675810813904,6.185609213248946
COHFACE_s14_session3_natural,42,7,42.233333333333334,-0.9258555769920349,5.068858092806566
COHFACE_s14_session3_natural,42,8,42.266666666666666,-1.0364757776260376,3.8730753838993057
COHFACE_s14_session3_natural,42,9,42.3,-1.1560394763946533,2.78837665563787
COHFACE_s14_session3_natural,42,10,42.333333333333336,-1.256730079650879,1.9111055461739517
COHFACE_s14_session3_natural,42,11,42.36666666666667,-1.3187222480773926,1.2530994342980744
COHFACE_s14_session3_natural,42,12,42.4,-1.249384880065918,0.7709069350852032
COHFACE_s14_session3_natural,42,13,42.43333333333333,-0.6588096022605896,0.4000894363250703
COHFACE_s14_session3_natural,42,14,42.46666666666667,0.42083412408828735,0.08277199002888216
COHFACE_s14_session3_natural,42,15,42.5,1.2442116737365723,-0.21730793044321273
COHFACE_s14_session3_natural,42,16,42.53333333333333,1.4442325830459595,-0.5120041723823311
COHFACE_s14_session3_natural,42,17,42.56666666666667,1.2529851198196411,-0.7942430548491277
COHFACE_s14_session3_natural,42,18,42.6,0.847468376159668,-1.046987123717088
COHFACE_s14_session3_natural,42,19,42.63333333333333,0.38074153661727905,-1.252013468939752
COHFACE_s14_session3_natural,42,20,42.666666666666664,0.2041504681110382,-1.3964443548031633
COHFACE_s14_session3_natural,42,21,42.7,0.30157649517059326,-1.4762079407283792
COHFACE_s14_session3_natural,42,22,42.733333333333334,0.36210647225379944,-1.4963517961758692
COHFACE_s14_session3_natural,42,23,42.766666666666666,0.19214648008346558,-1.4687088689335859
COHFACE_s14_session3_natural,42,24,42.8,-0.09710513800382614,-1.408056277591618
COHFACE_s14_session3_natural,42,25,42.833333333333336,-0.3720743954181671,-1.3282622069584697
COHFACE_s14_session3_natural,42,26,42.86666666666667,-0.576754093170166,-1.2396126413620248
COHFACE_s14_session3_natural,42,27,42.9,-0.7101240754127502,-1.1477565205227287
COHFACE_s14_session3_natural,42,28,42.93333333333333,-0.812242865562439,-1.0540032749785675
COHFACE_s14_session3_natural,42,29,42.96666666666667,-0.9030718207359314,-0.9564446155428157
COHFACE_s14_session3_natural,42,30,43.0,-1.0287225246429443,-0.8515668987222573
COHFACE_s14_session3_natural,42,31,43.03333333333333,-1.1426072120666504,-0.736184509929056
COHFACE_s14_session3_natural,42,32,43.06666666666667,-1.217759609222412,-0.6092935912392332
COHFACE_s14_session3_natural,42,33,43.1,-1.1402268409729004,-0.47313579904784375
COHFACE_s14_session3_natural,42,34,43.13333333333333,-0.514421820640564,-0.3328775442471575
COHFACE_s14_session3_natural,42,35,43.166666666666664,0.6001456379890442,-0.19495473427767868
COHFACE_s14_session3_natural,42,36,43.2,1.4433485269546509,-0.06495477314871324
COHFACE_s14_session3_natural,42,37,43.233333333333334,1.6610863208770752,0.05377082511842389
COHFACE_s14_session3_natural,42,38,43.266666666666666,1.514930248260498,0.1601102448852634
COHFACE_s14_session3_natural,42,39,43.3,1.1381142139434814,0.25407797647220054
COHFACE_s14_session3_natural,42,40,43.333333333333336,0.6618658304214478,0.33543280035074907
COHFACE_s14_session3_natural,42,41,43.36666666666667,0.43229401111602783,0.4028648445014959
COHFACE_s14_session3_natural,42,42,43.4,0.48051396012306213,0.45414069685696157
COHFACE_s14_session3_natural,42,43,43.43333333333333,0.5192123055458069,0.4870733467561837
COHFACE_s14_session3_natural,42,44,43.46666666666667,0.3500344753265381,0.5008593460332739
COHFACE_s14_session3_natural,42,45,43.5,0.04857484996318817,0.4971338654988484
COHFACE_s14_session3_natural,42,46,43.53333333333333,-0.24550557136535645,0.48002346547843344
COHFACE_s14_session3_natural,42,47,43.56666666666667,-0.4685142934322357,0.45491362212199205
COHFACE_s14_session3_natural,42,48,43.6,-0.6133100986480713,0.42660867258303664
COHFACE_s14_session3_natural,42,49,43.63333333333333,-0.7161430716514587,0.3980598937573911
COHFACE_s14_session3_natural,42,50,43.666666666666664,-0.8318300843238831,0.3702010864560742
COHFACE_s14_session3_natural,42,51,43.7,-0.9713890552520752,0.3425023575373599
COHFACE_s14_session3_natural,42,52,43.733333333333334,-1.102718710899353,0.3136542047798365
COHFACE_s14_session3_natural,42,53,43.766666666666666,-1.1724982261657715,0.2821318845611588
COHFACE_s14_session3_natural,42,54,43.8,-1.102990746498108,0.2466309134162086
COHFACE_s14_session3_natural,42,55,43.833333333333336,-0.5208488702774048,0.2063866125273402
COHFACE_s14_session3_natural,42,56,43.86666666666667,0.6150060892105103,0.16136422603970751
COHFACE_s14_session3_natural,42,57,43.9,1.5589334964752197,0.11234185491799387
COHFACE_s14_session3_natural,42,58,43.93333333333333,1.8352290391921997,0.06097962136258191
COHFACE_s14_session3_natural,42,59,43.96666666666667,1.702165126800537,0.009900170672753478
COHFACE_s14_session3_natural,42,60,44.0,1.3543897867202759,-0.03743576073469792
COHFACE_s14_session3_natural,42,61,44.03333333333333,0.8514470458030701,-0.07735221368600259
COHFACE_s14_session3_natural,42,62,44.06666666666667,0.5739953517913818,-0.10704552747695556
COHFACE_s14_session3_natural,42,63,44.1,0.6160942912101746,-0.1256615167877152
COHFACE_s14_session3_natural,42,64,44.13333333333333,0.6474814414978027,-0.1347578704202606
COHFACE_s14_session3_natural,42,65,44.166666666666664,0.486566960811615,-0.13783442015628547
COHFACE_s14_session3_natural,42,66,44.2,0.17721803486347198,-0.13911995771799496
COHFACE_s14_session3_natural,42,67,44.233333333333334,-0.12686003744602203,-0.14216254549338858
COHFACE_s14_session3_natural,42,68,44.266666666666666,-0.3652052879333496,-0.14875123139086294
COHFACE_s14_session3_natural,42,69,44.3,-0.5106812119483948,-0.15845811779156355
COHFACE_s14_session3_natural,42,70,44.333333333333336,-0.6283065676689148,-0.16888082935641416
COHFACE_s14_session3_natural,42,71,44.36666666666667,-0.7556235790252686,-0.17651100139860912
COHFACE_s14_session3_natural,42,72,44.4,-0.9171161651611328,-0.17798827554110852
COHFACE_s14_session3_natural,42,73,44.43333333333333,-1.0554169416427612,-0.17134242486350834
COHFACE_s14_session3_natural,42,74,44.46666666666667,-1.127984881401062,-0.15675515695274292
COHFACE_s14_session3_natural,42,75,44.5,-1.132779598236084,-0.13645667987001697
COHFACE_s14_session3_natural,42,76,44.53333333333333,-0.7396749258041382,-0.11366076438420819
COHFACE_s14_session3_natural,42,77,44.56666666666667,0.2940612733364105,-0.0909488541850787
COHFACE_s14_session3_natural,42,78,44.6,1.3433719873428345,-0.06902133668272098
COHFACE_s14_session3_natural,42,79,44.63333333333333,1.7964966297149658,-0.046700689571043494
COHFACE_s14_session3_natural,42,80,44.666666666666664,1.7342324256896973,-0.0222705006276546
COHFACE_s14_session3_natural,42,81,44.7,1.3994812965393066,0.0047122911611301565
COHFACE_s14_session3_natural,42,82,44.733333333333334,0.9054479002952576,0.032311080262733154
COHFACE_s14_session3_natural,42,83,44.766666666666666,0.5659019947052002,0.056503567084187446
COHFACE_s14_session3_natural,42,84,44.8,0.5662080645561218,0.07267001969471998
COHFACE_s14_session3_natural,42,85,44.833333333333336,0.6256498694419861,0.07744101204138712
COHFACE_s14_session3_natural,42,86,44.86666666666667,0.5017334818840027,0.0701150461157039
COHFACE_s14_session3_natural,42,87,44.9,0.22996070981025696,0.05322943284768095
COHFACE_s14_session3_natural,42,88,44.93333333333333,-0.07160093635320663,0.03211153867094975
COHFACE_s14_session3_natural,42,89,44.96666666666667,-0.33286595344543457,0.013443541531360579
COHFACE_s14_session3_natural,42,90,45.0,-0.5079267621040344,0.003237469170642231
COHFACE_s14_session3_natural,42,91,45.03333333333333,-0.615962564945221,0.004940854203820225
COHFACE_s14_session3_natural,42,92,45.06666666666667,-0.7369884848594666,0.01839281231957418
COHFACE_s14_session3_natural,42,93,45.1,-0.8771255612373352,0.04001389517049785
COHFACE_s14_session3_natural,42,94,45.13333333333333,-1.0189628601074219,0.06411829191018104
COHFACE_s14_session3_natural,42,95,45.166666666666664,-1.1116961240768433,0.08480584804041602
COHFACE_s14_session3_natural,42,96,45.2,-1.1463478803634644,0.09770309470653735
COHFACE_s14_session3_natural,42,97,45.233333333333334,-0.9128994345664978,0.10094178403558685
COHFACE_s14_session3_natural,42,98,45.266666666666666,-0.0692545473575592,0.0951287093134448
COHFACE_s14_session3_natural,42,99,45.3,1.0120214223861694,0.0825036900363726
COHFACE_s14_session3_natural,42,100,45.333333333333336,1.6022906303405762,0.06579899770380963
COHFACE_s14_session3_natural,42,101,45.36666666666667,1.6008623838424683,0.04734243060697459
COHFACE_s14_session3_natural,42,102,45.4,1.3079721927642822,0.0286822026749836
COHFACE_s14_session3_natural,42,103,45.43333333333333,0.8197538256645203,0.010665650251422985
COHFACE_s14_session3_natural,42,104,45.46666666666667,0.4429037570953369,-0.006284109508682219
COHFACE_s14_session3_natural,42,105,45.5,0.3984924554824829,-0.021901692490815385
COHFACE_s14_session3_natural,42,106,45.53333333333333,0.48051396012306213,-0.03585790187246055
COHFACE_s14_session3_natural,42,107,45.56666666666667,0.41066646575927734,-0.04756649118697082
COHFACE_s14_session3_natural,42,108,45.6,0.14181819558143616,-0.05615824217460603
COHFACE_s14_session3_natural,42,109,45.63333333333333,-0.16140972077846527,-0.0608202874191826
COHFACE_s14_session3_natural,42,110,45.666666666666664,-0.4258032441139221,-0.061416619337609446
COHFACE_s14_session3_natural,42,111,45.7,-0.619941234588623,-0.058925609993780874
COHFACE_s14_session3_natural,42,112,45.733333333333334,-0.7266167998313904,-0.05517346431311361
COHFACE_s14_session3_natural,42,113,45.766666666666666,-0.7967023253440857,-0.05181537471882344
COHFACE_s14_session3_natural,42,114,45.8,-0.9248694181442261,-0.04926026479125198
COHFACE_s14_session3_natural,42,115,45.833333333333336,-1.0730998516082764,-0.04646634963112233
COHFACE_s14_session3_natural,42,116,45.86666666666667,-1.189126968383789,-0.041833395109066245
COHFACE_s14_session3_natural,42,117,45.9,-1.2451001405715942,-0.0344804757416427
COHFACE_s14_session3_natural,42,118,45.93333333333333,-1.1854543685913086,-0.024930679042396275
COHFACE_s14_session3_natural,42,119,45.96666666666667,-0.6203492879867554,-0.014746996778993809
COHFACE_s14_session3_natural,42,120,46.0,0.43929916620254517,-0.0054891544000919825
COHFACE_s14_session3_natural,42,121,46.03333333333333,1.2623026371002197,0.0021923171373169543
COHFACE_s14_session3_natural,42,122,46.06666666666667,1.4598071575164795,0.008780226244538235
COHFACE_s14_session3_natural,42,123,46.1,1.2455378770828247,0.01547986216554974
COHFACE_s14_session3_natural,42,124,46.13333333333333,0.8291733860969543,0.023556210305549476
COHFACE_s14_session3_natural,42,125,46.166666666666664,0.38557031750679016,0.0337532708476473
COHFACE_s14_session3_natural,42,126,46.2,0.22751231491565704,0.04589520277207536
COHFACE_s14_session3_natural,42,127,46.233333333333334,0.3170490562915802,0.05863241441981418
COHFACE_s14_session3_natural,42,128,46.266666666666666,0.33888065814971924,0.06939357292580463
COHFACE_s14_session3_natural,42,129,46.3,0.14487870037555695,0.07476621260059566
COHFACE_s14_session3_natural,42,130,46.333333333333336,-0.13879600167274475,0.07148892516926261
COHFACE_s14_session3_natural,42,131,46.36666666666667,-0.41179293394088745,0.05789361758816397
COHFACE_s14_session3_natural,42,132,46.4,-0.6287146806716919,0.035152454067260565
COHFACE_s14_session3_natural,42,133,46.43333333333333,-0.761676549911499,0.0074916493132468525
COHFACE_s14_session3_natural,42,134,46.46666666666667,-0.8470646142959595,-0.01905645512284083
COHFACE_s14_session3_natural,42,135,46.5,-0.94353848695755,-0.03894589456054213
COHFACE_s14_session3_natural,42,136,46.53333333333333,-1.0598036050796509,-0.049283603041906966
COHFACE_s14_session3_natural,42,137,46.56666666666667,-1.173858404159546,-0.05067243991614902
COHFACE_s14_session3_natural,42,138,46.6,-1.2486706972122192,-0.0463870141796044
COHFACE_s14_session3_natural,42,139,46.63333333333333,-1.2674418687820435,-0.040536203086078804
COHFACE_s14_session3_natural,42,140,46.666666666666664,-0.9896160960197449,-0.03622265003545263
COHFACE_s14_session3_natural,42,141,46.7,-0.1278121918439865,-0.034443826436445994
COHFACE_s14_session3_natural,42,142,46.733333333333334,0.8230863809585571,-0.03401015601435292
COHFACE_s14_session3_natural,42,143,46.766666666666666,1.2141166925430298,-0.03235391060134996
COHFACE_s14_session3_natural,42,144,46.8,1.094757080078125,-0.026854202708853893
COHFACE_s14_session3_natural,42,145,46.833333333333336,0.7232459187507629,-0.016165731256777643
COHFACE_s14_session3_natural,42,146,46.86666666666667,0.2516222894191742,-0.0009937529756472217
COHFACE_s14_session3_natural,42,147,46.9,0.0033814087510108948,0.016061578147084365
COHFACE_s14_session3_natural,42,148,46.93333333333333,0.07642543315887451,0.031516655138426636
COHFACE_s14_session3_natural,42,149,46.96666666666667,0.19459488987922668,0.04233600883039859
COHFACE_s14_session3_natural,42,150,47.0,0.10672442615032196,0.046902404249146344
COHFACE_s14_session3_natural,42,151,47.03333333333333,-0.1473994106054306,0.0452209206484285
COHFACE_s14_session3_natural,42,152,47.06666666666667,-0.4189341068267822,0.0384775799799382
COHFACE_s14_session3_natural,42,153,47.1,-0.606270968914032,0.028423027641560402
COHFACE_s14_session3_natural,42,154,47.13333333333333,-0.737124502658844,0.01695059436838145
COHFACE_s14_session3_natural,42,155,47.166666666666664,-0.8304698467254639,0.005892559808564097
COHFACE_s14_session3_natural,42,156,47.2,-0.9148717522621155,-0.0031613547732384168
COHFACE_s14_session3_natural,42,157,47.233333333333334,-1.000735878944397,-0.009159153851239337
COHFACE_s14_session3_natural,42,158,47.266666666666666,-1.1046570539474487,-0.01188935603621066
COHFACE_s14_session3_natural,42,159,47.3,-1.1883788108825684,-0.012044032756304363
COHFACE_s14_session3_natural,42,160,47.333333333333336,-1.1933096647262573,-0.010931155189797943
COHFACE_s14_session3_natural,42,161,47.36666666666667,-0.9119812846183777,-0.009966591569231895
COHFACE_s14_session3_natural,42,162,47.4,-0.0642557293176651,-0.010176080146964304
COHFACE_s14_session3_natural,42,163,47.43333333333333,0.9024214148521423,-0.011881129816707183
COHFACE_s14_session3_natural,42,164,47.46666666666667,1.3236147165298462,-0.014635339593207215
COHFACE_s14_session3_natural,42,165,47.5,1.241151213645935,-0.017387345266267507
COHFACE_s14_session3_natural,42,166,47.53333333333333,0.9384333491325378,-0.018801572996287225
COHFACE_s14_session3_natural,42,167,47.56666666666667,0.49506837129592896,-0.017672803373868815
COHFACE_s14_session3_natural,42,168,47.6,0.18507331609725952,-0.0133878198840381
COHFACE_s14_session3_natural,42,169,47.63333333333333,0.1885758936405182,-0.00633598473548433
COHFACE_s14_session3_natural,42,170,47.666666666666664,0.2838935852050781,0.0019454663967078704
COHFACE_s14_session3_natural,42,171,47.7,0.21384206414222717,0.009106405787327349
COHFACE_s14_session3_natural,42,172,47.733333333333334,-0.00767041090875864,0.012779293928140083
COHFACE_s14_session3_natural,42,173,47.766666666666666,-0.2707037031650543,0.011501032878726116
COHFACE_s14_session3_natural,42,174,47.8,-0.493032306432724,0.005288168700343145
COHFACE_s14_session3_natural,42,175,47.833333333333336,-0.6473497152328491,-0.004438669027781088
COHFACE_s14_session3_natural,42,176,47.86666666666667,-0.731717586517334,-0.015487135543238661
COHFACE_s14_session3_natural,42,177,47.9,-0.7995927929878235,-0.025661286914022342
COHFACE_s14_session3_natural,42,178,47.93333333333333,-0.9007594585418701,-0.03324426861908145
COHFACE_s14_session3_natural,42,179,47.96666666666667,-1.0229415893554688,-0.03706332297246055
COHFACE_s14_session3_natural,42,180,48.0,-1.1067653894424438,-0.03634530400372088
COHFACE_s14_session3_natural,42,181,48.03333333333333,-1.1170010566711426,-0.03069421456189693
COHFACE_s14_session3_natural,42,182,48.06666666666667,-0.8310139775276184,-0.02032171139720822
COHFACE_s14_session3_natural,42,183,48.1,0.05183938518166542,-0.006322531340132078
COHFACE_s14_session3_natural,42,184,48.13333333333333,1.0796586275100708,0.009385128722352172
COHFACE_s14_session3_natural,42,185,48.166666666666664,1.5517923831939697,0.024634624984057944
COHFACE_s14_session3_natural,42,186,48.2,1.5058847665786743,0.03780896209536486
COHFACE_s14_session3_natural,42,187,48.233333333333334,1.2625746726989746,0.048306732142445456
COHFACE_s14_session3_natural,42,188,48.266666666666666,0.8405652642250061,0.056389122030418806
COHFACE_s14_session3_natural,42,189,48.3,0.4560299217700958,0.06259865651264432
COHFACE_s14_session3_natural,42,190,48.333333333333336,0.4012129008769989,0.06715854133581423
COHFACE_s14_session3_natural,42,191,48.36666666666667,0.4783376157283783,0.06965907835265649
COHFACE_s14_session3_natural,42,192,48.4,0.42389464378356934,0.06911084166544647
COHFACE_s14_session3_natural,42,193,48.43333333333333,0.18537937104701996,0.06429589122591714
COHFACE_s14_session3_natural,42,194,48.46666666666667,-0.0759536549448967,0.0543325996714625
COHFACE_s14_session3_natural,42,195,48.5,-0.30389317870140076,0.039308627633844566
COHFACE_s14_session3_natural,42,196,48.53333333333333,-0.48296666145324707,0.020652081048114425
COHFACE_s14_session3_natural,42,197,48.56666666666667,-0.587125837802887,0.0009083049169650789
COHFACE_s14_session3_natural,42,198,48.6,-0.6652366518974304,-0.01703460682921862
COHFACE_s14_session3_natural,42,199,48.63333333333333,-0.7716401815414429,-0.030842531982109005
COHFACE_s14_session3_natural,42,200,48.666666666666664,-0.8938903212547302,-0.039331393685016786
COHFACE_s14_session3_natural,42,201,48.7,-0.9786322712898254,-0.04262811919091565
COHFACE_s14_session3_natural,42,202,48.733333333333334,-1.0138280391693115,-0.04200663448214872
COHFACE_s14_session3_natural,42,203,48.766666666666666,-0.8449222445487976,-0.039547514421407186
COHFACE_s14_session3_natural,42,204,48.8,-0.1188347116112709,-0.03765284199594979
COHFACE_s14_session3_natural,42,205,48.833333333333336,0.9291498064994812,-0.03839689258145473
COHFACE_s14_session3_natural,42,206,48.86666666666667,1.5209152698516846,-0.04283360357110912
COHFACE_s14_session3_natural,42,207,48.9,1.542508840560913,-0.05051910220019045
COHFACE_s14_session3_natural,42,208,48.93333333333333,1.3150113821029663,-0.059450470588350915
COHFACE_s14_session3_natural,42,209,48.96666666666667,0.9029995203018188,-0.06650381986373403
COHFACE_s14_session3_natural,42,210,49.0,0.49846890568733215,-0.06840161475884185
COHFACE_s14_session3_natural,42,211,49.03333333333333,0.3790072500705719,-0.06304862149598821
COHFACE_s14_session3_natural,42,212,49.06666666666667,0.48126208782196045,-0.05066915453413323
COHFACE_s14_session3_natural,42,213,49.1,0.46327313780784607,-0.03400123018558122
COHFACE_s14_session3_natural,42,214,49.13333333333333,0.24927589297294617,-0.017234251791835242
COHFACE_s14_session3_natural,42,215,49.166666666666664,-0.03660917654633522,-0.00414464695966518
COHFACE_s14_session3_natural,42,216,49.2,-0.27930712699890137,0.003578533882847456
COHFACE_s14_session3_natural,42,217,49.233333333333334,-0.4586866497993469,0.006906584131430542
COHFACE_s14_session3_natural,42,218,49.266666666666666,-0.5639339685440063,0.00870879932506547
COHFACE_s14_session3_natural,42,219,49.3,-0.6371820569038391,0.012184160661684793
COHFACE_s14_session3_natural,42,220,49.333333333333336,-0.7310035228729248,0.019335313845143066
COHFACE_s14_session3_natural,42,221,49.36666666666667,-0.8587965369224548,0.030131284660143445
COHFACE_s14_session3_natural,42,222,49.4,-0.9708790183067322,0.04254211871859224
COHFACE_s14_session3_natural,42,223,49.43333333333333,-1.0133860111236572,0.05326115455860415
COHFACE_s14_session3_natural,42,224,49.46666666666667,-0.9367373585700989,0.05883916937323285
COHFACE_s14_session3_natural,42,225,49.5,-0.41917216777801514,0.0569524932799205
COHFACE_s14_session3_natural,42,226,49.53333333333333,0.5809664726257324,0.04742222668439783
COHFACE_s14_session3_natural,42,227,49.56666666666667,1.3464325666427612,0.03255010610193914
COHFACE_s14_session3_natural,42,228,49.6,1.4921125173568726,0.01654315201634394
COHFACE_s14_session3_natural,42,229,49.63333333333333,1.2991987466812134,0.004184528990552246
COHFACE_s14_session3_natural,42,230,49.666666666666664,0.8958243131637573,-0.0007575803728651476
COHFACE_s14_session3_natural,42,231,49.7,0.4544996917247772,0.003206639990652706
COHFACE_s14_session3_natural,42,232,49.733333333333334,0.2865460216999054,0.014764666729520728
COHFACE_s14_session3_natural,42,233,49.766666666666666,0.36489492654800415,0.030132408622979737
COHFACE_s14_session3_natural,42,234,49.8,0.4010428786277771,0.044113782166668204
COHFACE_s14_session3_natural,42,235,49.833333333333336,0.24070648849010468,0.05159028283383725
COHFACE_s14_session3_natural,42,236,49.86666666666667,-0.04028178006410599,0.04901015130676583
COHFACE_s14_session3_natural,42,237,49.9,-0.29950645565986633,0.03542212374128182
COHFACE_s14_session3_natural,42,238,49.93333333333333,-0.4791920483112335,0.012746136549137643
COHFACE_s14_session3_natural,42,239,49.96666666666667,-0.6103176474571228,-0.014749376985301202
COHFACE_s14_session3_natural,43,0,43.0,-1.0287225246429443,-0.008832214846089538
COHFACE_s14_session3_natural,43,1,43.03333333333333,-1.1426072120666504,2.5842251072422493
COHFACE_s14_session3_natural,43,2,43.06666666666667,-1.217759609222412,4.7786868260850035
COHFACE_s14_session3_natural,43,3,43.1,-1.1402268409729004,6.2720610392172675
COHFACE_s14_session3_natural,43,4,43.13333333333333,-0.514421820640564,6.927901709746808
COHFACE_s14_session3_natural,43,5,43.166666666666664,0.6001456379890442,6.7939777849432605
COHFACE_s14_session3_natural,43,6,43.2,1.4433485269546509,6.063025596195884
COHFACE_s14_session3_natural,43,7,43.233333333333334,1.6610863208770752,4.997621534637325
COHFACE_s14_session3_natural,43,8,43.266666666666666,1.514930248260498,3.85140984455904
COHFACE_s14_session3_natural,43,9,43.3,1.1381142139434814,2.811657871343426
COHFACE_s14_session3_natural,43,10,43.333333333333336,0.6618658304214478,1.9744461110357254
COHFACE_s14_session3_natural,43,11,43.36666666666667,0.43229401111602783,1.3510233324680427
COHFACE_s14_session3_natural,43,12,43.4,0.48051396012306213,0.8951223044949157
COHFACE_s14_session3_natural,43,13,43.43333333333333,0.5192123055458069,0.537655836762646
COHFACE_s14_session3_natural,43,14,43.46666666666667,0.3500344753265381,0.2167455945822514
COHFACE_s14_session3_natural,43,15,43.5,0.04857484996318817,-0.10432583868479788
COHFACE_s14_session3_natural,43,16,43.53333333333333,-0.24550557136535645,-0.433076004968042
COHFACE_s14_session3_natural,43,17,43.56666666666667,-0.4685142934322357,-0.7547591511873404
COHFACE_s14_session3_natural,43,18,43.6,-0.6133100986480713,-1.0445389302626076
COHFACE_s14_session3_natural,43,19,43.63333333333333,-0.7161430716514587,-1.2790429240903247
COHFACE_s14_session3_natural,43,20,43.666666666666664,-0.8318300843238831,-1.443686613705981
COHFACE_s14_session3_natural,43,21,43.7,-0.9713890552520752,-1.535044425706542
COHFACE_s14_session3_natural,43,22,43.733333333333334,-1.102718710899353,-1.5594296232381457
COHFACE_s14_session3_natural,43,23,43.766666666666666,-1.1724982261657715,-1.5294440149560042
COHFACE_s14_session3_natural,43,24,43.8,-1.102990746498108,-1.460090710646454
COHFACE_s14_session3_natural,43,25,43.833333333333336,-0.5208488702774048,-1.3655591128929268
COHFACE_s14_session3_natural,43,26,43.86666666666667,0.6150060892105103,-1.2572483348806742
COHFACE_s14_session3_natural,43,27,43.9,1.5589334964752197,-1.1430731946385695
COHFACE_s14_session3_natural,43,28,43.93333333333333,1.8352290391921997,-1.0276539087382075
COHFACE_s14_session3_natural,43,29,43.96666666666667,1.702165126800537,-0.9128308524897234
COHFACE_s14_session3_natural,43,30,44.0,1.3543897867202759,-0.7981793487016718
COHFACE_s14_session3_natural,43,31,44.03333333333333,0.8514470458030701,-0.6816213832607397
COHFACE_s14_session3_natural,43,32,44.06666666666667,0.5739953517913818,-0.5604758751694109
COHFACE_s14_session3_natural,43,33,44.1,0.6160942912101746,-0.4330493985246623
COHFACE_s14_session3_natural,43,34,44.13333333333333,0.6474814414978027,-0.3002351367108932
COHFACE_s14_session3_natural,43,35,44.166666666666664,0.486566960811615,-0.16622622631757983
COHFACE_s14_session3_natural,43,36,44.2,0.17721803486347198,-0.03784595820300989
COHFACE_s14_session3_natural,43,37,44.233333333333334,-0.12686003744602203,0.07723737526550561
COHFACE_s14_session3_natural,43,38,44.266666666666666,-0.3652052879333496,0.17265358336948425
COHFACE_s14_session3_natural,43,39,44.3,-0.5106812119483948,0.24504699235887398
COHFACE_s14_session3_natural,43,40,44.333333333333336,-0.6283065676689148,0.29486479150076683
COHFACE_s14_session3_natural,43,41,44.36666666666667,-0.7556235790252686,0.32606686100897014
COHFACE_s14_session3_natural,43,42,44.4,-0.9171161651611328,0.3448674053765795
COHFACE_s14_session3_natural,43,43,44.43333333333333,-1.0554169416427612,0.35783777784590826
COHFACE_s14_session3_natural,43,44,44.46666666666667,-1.127984881401062,0.36994037475152514
COHFACE_s14_session3_natural,43,45,44.5,-1.132779598236084,0.38320865609574417
COHFACE_s14_session3_natural,43,46,44.53333333333333,-0.7396749258041382,0.39664794309613033
COHFACE_s14_session3_natural,43,47,44.56666666666667,0.2940612733364105,0.407399886756104
COHFACE_s14_session3_natural,43,48,44.6,1.3433719873428345,0.41248652998427204
COHFACE_s14_session3_natural,43,49,44.63333333333333,1.7964966297149658,0.41012621446342434
COHFACE_s14_session3_natural,43,50,44.666666666666664,1.7342324256896973,0.4000482394170787
COHFACE_s14_session3_natural,43,51,44.7,1.3994812965393066,0.3829762224571525
COHFACE_s14_session3_natural,43,52,44.733333333333334,0.9054479002952576,0.35985766992969587
COHFACE_s14_session3_natural,43,53,44.766666666666666,0.5659019947052002,0.3313308415920956
COHFACE_s14_session3_natural,43,54,44.8,0.5662080645561218,0.29756966337198404
COHFACE_s14_session3_natural,43,55,44.833333333333336,0.6256498694419861,0.25840242834311183
COHFACE_s14_session3_natural,43,56,44.86666666666667,0.5017334818840027,0.2136327941532988
COHFACE_s14_session3_natural,43,57,44.9,0.22996070981025696,0.16353603646427295
COHFACE_s14_session3_natural,43,58,44.93333333333333,-0.07160093635320663,0.10933887232678757
COHFACE_s14_session3_natural,43,59,44.96666666666667,-0.33286595344543457,0.05340024617787485
COHFACE_s14_session3_natural,43,60,45.0,-0.5079267621040344,-0.0009715788095910807
COHFACE_s14_session3_natural,43,61,45.03333333333333,-0.615962564945221,-0.04995046577206902
COHFACE_s14_session3_natural,43,62,45.06666666666667,-0.7369884848594666,-0.08988812593843122
COHFACE_s14_session3_natural,43,63,45.1,-0.8771255612373352,-0.11830884538488094
COHFACE_s14_session3_natural,43,64,45.13333333333333,-1.0189628601074219,-0.13483789923572398
COHFACE_s14_session3_natural,43,65,45.166666666666664,-1.1116961240768433,-0.14144857015573642
COHFACE_s14_session3_natural,43,66,45.2,-1.1463478803634644,-0.1418218814370425
COHFACE_s14_session3_natural,43,67,45.233333333333334,-0.9128994345664978,-0.14020712672337957
COHFACE_s14_session3_natural,43,68,45.266666666666666,-0.0692545473575592,-0.140305722874612
COHFACE_s14_session3_natural,43,69,45.3,1.0120214223861694,-0.14444438413336558
COHFACE_s14_session3_natural,43,70,45.333333333333336,1.6022906303405762,-0.15305870346268746
COHFACE_s14_session3_natural,43,71,45.36666666666667,1.6008623838424683,-0.1644984532291689
COHFACE_s14_session3_natural,43,72,45.4,1.3079721927642822,-0.17532923039813073
COHFACE_s14_session3_natural,43,73,45.43333333333333,0.8197538256645203,-0.18131480590021706
COHFACE_s14_session3_natural,43,74,45.46666666666667,0.4429037570953369,-0.1789142141084231
COHFACE_s14_session3_natural,43,75,45.5,0.3984924554824829,-0.1666686361575483
COHFACE_s14_session3_natural,43,76,45.53333333333333,0.48051396012306213,-0.1457143428797593
COHFACE_s14_session3_natural,43,77,45.56666666666667,0.41066646575927734,-0.11908142162190542
COHFACE_s14_session3_natural,43,78,45.6,0.14181819558143616,-0.09024003842952492
COHFACE_s14_session3_natural,43,79,45.63333333333333,-0.16140972077846527,-0.06185237922642401
COHFACE_s14_session3_natural,43,80,45.666666666666664,-0.4258032441139221,-0.03539199443658928
COHFACE_s14_session3_natural,43,81,45.7,-0.619941234588623,-0.011539587517502125
COHFACE_s14_session3_natural,43,82,45.733333333333334,-0.7266167998313904,0.009267929366017167
COHFACE_s14_session3_natural,43,83,45.766666666666666,-0.7967023253440857,0.026666883000598142
COHFACE_s14_session3_natural,43,84,45.8,-0.9248694181442261,0.04051498159067732
COHFACE_s14_session3_natural,43,85,45.833333333333336,-1.0730998516082764,0.0508974851925801
COHFACE_s14_session3_natural,43,86,45.86666666666667,-1.189126968383789,0.05780405559587941
COHFACE_s14_session3_natural,43,87,45.9,-1.2451001405715942,0.060827615824482116
COHFACE_s14_session3_natural,43,88,45.93333333333333,-1.1854543685913086,0.0593767209206345
COHFACE_s14_session3_natural,43,89,45.96666666666667,-0.6203492879867554,0.05345995508756154
COHFACE_s14_session3_natural,43,90,46.0,0.43929916620254517,0.044453266033100604
COHFACE_s14_session3_natural,43,91,46.03333333333333,1.2623026371002197,0.03511320110779597
COHFACE_s14_session3_natural,43,92,46.06666666666667,1.4598071575164795,0.028742260111991706
COHFACE_s14_session3_natural,43,93,46.1,1.2455378770828247,0.02810731613070435
COHFACE_s14_session3_natural,43,94,46.13333333333333,0.8291733860969543,0.03469983280163757
COHFACE_s14_session3_natural,43,95,46.166666666666664,0.38557031750679016,0.04844702237700898
COHFACE_s14_session3_natural,43,96,46.2,0.22751231491565704,0.06765426092844828
COHFACE_s14_session3_natural,43,97,46.233333333333334,0.3170490562915802,0.08900842555611821
COHFACE_s14_session3_natural,43,98,46.266666666666666,0.33888065814971924,0.10776007473347413
COHFACE_s14_session3_natural,43,99,46.3,0.14487870037555695,0.11840215830870927
COHFACE_s14_session3_natural,43,100,46.333333333333336,-0.13879600167274475,0.11601837803351787
COHFACE_s14_session3_natural,43,101,46.36666666666667,-0.41179293394088745,0.0980324250404229
COHFACE_s14_session3_natural,43,102,46.4,-0.6287146806716919,0.06562985217867486
COHFACE_s14_session3_natural,43,103,46.43333333333333,-0.761676549911499,0.023997492301789953
COHFACE_s14_session3_natural,43,104,46.46666666666667,-0.8470646142959595,-0.019058907638647312
COHFACE_s14_session3_natural,43,105,46.5,-0.94353848695755,-0.055704167397217876
COHFACE_s14_session3_natural,43,106,46.53333333333333,-1.0598036050796509,-0.0806319680005941
COHFACE_s14_session3_natural,43,107,46.56666666666667,-1.173858404159546,-0.09229709604529596
COHFACE_s14_session3_natural,43,108,46.6,-1.2486706972122192,-0.09246089166158232
COHFACE_s14_session3_natural,43,109,46.63333333333333,-1.2674418687820435,-0.08473033717498722
COHFACE_s14_session3_natural,43,110,46.666666666666664,-0.9896160960197449,-0.07301558945965718
COHFACE_s14_session3_natural,43,111,46.7,-0.1278121918439865,-0.06043896490220442
COHFACE_s14_session3_natural,43,112,46.733333333333334,0.8230863809585571,-0.048803964272056764
COHFACE_s14_session3_natural,43,113,46.766666666666666,1.2141166925430298,-0.038535627807966474
COHFACE_s14_session3_natural,43,114,46.8,1.094757080078125,-0.02899046744569837
COHFACE_s14_session3_natural,43,115,46.833333333333336,0.7232459187507629,-0.0190388560366572
COHFACE_s14_session3_natural,43,116,46.86666666666667,0.2516222894191742,-0.007739773603763195
COHFACE_s14_session3_natural,43,117,46.9,0.0033814087510108948,0.00513647108133252
COHFACE_s14_session3_natural,43,118,46.93333333333333,0.07642543315887451,0.01890395006098292
COHFACE_s14_session3_natural,43,119,46.96666666666667,0.19459488987922668,0.03208690120352621
COHFACE_s14_session3_natural,43,120,47.0,0.10672442615032196,0.04278072507128329
COHFACE_s14_session3_natural,43,121,47.03333333333333,-0.1473994106054306,0.04912741195392622
COHFACE_s14_session3_natural,43,122,47.06666666666667,-0.4189341068267822,0.04980421075197803
COHFACE_s14_session3_natural,43,123,47.1,-0.606270968914032,0.04443927321887201
COHFACE_s14_session3_natural,43,124,47.13333333333333,-0.737124502658844,0.03385335954045599
COHFACE_s14_session3_natural,43,125,47.166666666666664,-0.8304698467254639,0.020009782359803694
COHFACE_s14_session3_natural,43,126,47.2,-0.9148717522621155,0.005591164256151899
COHFACE_s14_session3_natural,43,127,47.233333333333334,-1.000735878944397,-0.006744104130729682
COHFACE_s14_session3_natural,43,128,47.266666666666666,-1.1046570539474487,-0.015178797803683333
COHFACE_s14_session3_natural,43,129,47.3,-1.1883788108825684,-0.019285928828279654
COHFACE_s14_session3_natural,43,130,47.333333333333336,-1.1933096647262573,-0.020081052239839928
COHFACE_s14_session3_natural,43,131,47.36666666666667,-0.9119812846183777,-0.01956533650600888
COHFACE_s14_session3_natural,43,132,47.4,-0.0642557293176651,-0.01991742832209802
COHFACE_s14_session3_natural,43,133,47.43333333333333,0.9024214148521423,-0.022594837016969405
COHFACE_s14_session3_natural,43,134,47.46666666666667,1.3236147165298462,-0.027659403876206055
COHFACE_s14_session3_natural,43,135,47.5,1.241151213645935,-0.033604982879404006
COHFACE_s14_session3_natural,43,136,47.53333333333333,0.9384333491325378,-0.03780686872879925
COHFACE_s14_session3_natural,43,137,47.56666666666667,0.49506837129592896,-0.037485140594037104
COHFACE_s14_session3_natural,43,138,47.6,0.18507331609725952,-0.030865539712857576
COHFACE_s14_session3_natural,43,139,47.63333333333333,0.1885758936405182,-0.018092031539690252
COHFACE_s14_session3_natural,43,140,47.666666666666664,0.2838935852050781,-0.0014554118953938873
COHFACE_s14_session3_natural,43,141,47.7,0.21384206414222717,0.015269101643016434
COHFACE_s14_session3_natural,43,142,47.733333333333334,-0.00767041090875864,0.028160806239741216
COHFACE_s14_session3_natural,43,143,47.766666666666666,-0.2707037031650543,0.03456108587318173
COHFACE_s14_session3_natural,43,144,47.8,-0.493032306432724,0.03384627868805822
COHFACE_s14_session3_natural,43,145,47.833333333333336,-0.6473497152328491,0.027206771116912675
COHFACE_s14_session3_natural,43,146,47.86666666666667,-0.731717586517334,0.01671200721060414
COHFACE_s14_session3_natural,43,147,47.9,-0.7995927929878235,0.004386656576376666
COHFACE_s14_session3_natural,43,148,47.93333333333333,-0.9007594585418701,-0.008110608282291338
COHFACE_s14_session3_natural,43,149,47.96666666666667,-1.0229415893554688,-0.019200738466145617
COHFACE_s14_session3_natural,43,150,48.0,-1.1067653894424438,-0.02705479716627131
COHFACE_s14_session3_natural,43,151,48.03333333333333,-1.1170010566711426,-0.029827757149554657
COHFACE_s14_session3_natural,43,152,48.06666666666667,-0.8310139775276184,-0.026468638551411988
COHFACE_s14_session3_natural,43,153,48.1,0.05183938518166542,-0.017472383214581347
COHFACE_s14_session3_natural,43,154,48.13333333333333,1.0796586275100708,-0.00487320985200992
COHFACE_s14_session3_natural,43,155,48.166666666666664,1.5517923831939697,0.008670985235523985
COHFACE_s14_session3_natural,43,156,48.2,1.5058847665786743,0.02113369342380111
COHFACE_s14_session3_natural,43,157,48.233333333333334,1.2625746726989746,0.03186790204715247
COHFACE_s14_session3_natural,43,158,48.266666666666666,0.8405652642250061,0.04143221442605411
COHFACE_s14_session3_natural,43,159,48.3,0.4560299217700958,0.0507578339603948
COHFACE_s14_session3_natural,43,160,48.333333333333336,0.4012129008769989,0.060246221892573566
COHFACE_s14_session3_natural,43,161,48.36666666666667,0.4783376157283783,0.0692663910613818
COHFACE_s14_session3_natural,43,162,48.4,0.42389464378356934,0.07619161421473443
COHFACE_s14_session3_natural,43,163,48.43333333333333,0.18537937104701996,0.07885994752216086
COHFACE_s14_session3_natural,43,164,48.46666666666667,-0.0759536549448967,0.07528425934819949
COHFACE_s14_session3_natural,43,165,48.5,-0.30389317870140076,0.0644145576375669
COHFACE_s14_session3_natural,43,166,48.53333333333333,-0.48296666145324707,0.04664737619282591
COHFACE_s14_session3_natural,43,167,48.56666666666667,-0.587125837802887,0.02380067327126908
COHFACE_s14_session3_natural,43,168,48.6,-0.6652366518974304,-0.0014188561882357497
COHFACE_s14_session3_natural,43,169,48.63333333333333,-0.7716401815414429,-0.026129594924122687
COHFACE_s14_session3_natural,43,170,48.666666666666664,-0.8938903212547302,-0.04786053822096097
COHFACE_s14_session3_natural,43,171,48.7,-0.9786322712898254,-0.06491350693814715
COHFACE_s14_session3_natural,43,172,48.733333333333334,-1.0138280391693115,-0.07655018117218737
COHFACE_s14_session3_natural,43,173,48.766666666666666,-0.8449222445487976,-0.08304153167184154
COHFACE_s14_session3_natural,43,174,48.8,-0.1188347116112709,-0.08553045398835653
COHFACE_s14_session3_natural,43,175,48.833333333333336,0.9291498064994812,-0.0856383467418316
COHFACE_s14_session3_natural,43,176,48.86666666666667,1.5209152698516846,-0.08486208960917613
COHFACE_s14_session3_natural,43,177,48.9,1.542508840560913,-0.0839474403756426
COHFACE_s14_session3_natural,43,178,48.93333333333333,1.3150113821029663,-0.08246842082726667
COHFACE_s14_session3_natural,43,179,48.96666666666667,0.9029995203018188,-0.07883709237014952
COHFACE_s14_session3_natural,43,180,49.0,0.49846890568733215,-0.0709322920627418
COHFACE_s14_session3_natural,43,181,49.03333333333333,0.3790072500705719,-0.05728346971935599
COHFACE_s14_session3_natural,43,182,49.06666666666667,0.48126208782196045,-0.038265296531252393
COHFACE_s14_session3_natural,43,183,49.1,0.46327313780784607,-0.016522371219310734
COHFACE_s14_session3_natural,43,184,49.13333333333333,0.24927589297294617,0.0037753074397876155
COHFACE_s14_session3_natural,43,185,49.166666666666664,-0.03660917654633522,0.018529109053849534
COHFACE_s14_session3_natural,43,186,49.2,-0.27930712699890137,0.02533801189804811
COHFACE_s14_session3_natural,43,187,49.233333333333334,-0.4586866497993469,0.024348178294267463
COHFACE_s14_session3_natural,43,188,49.266666666666666,-0.5639339685440063,0.018014730146568785
COHFACE_s14_session3_natural,43,189,49.3,-0.6371820569038391,0.010046761710164772
COHFACE_s14_session3_natural,43,190,49.333333333333336,-0.7310035228729248,0.004088076356316981
COHFACE_s14_session3_natural,43,191,49.36666666666667,-0.8587965369224548,0.002620500300029921
COHFACE_s14_session3_natural,43,192,49.4,-0.9708790183067322,0.0063491406048354695
COHFACE_s14_session3_natural,43,193,49.43333333333333,-1.0133860111236572,0.0141620815713777
COHFACE_s14_session3_natural,43,194,49.46666666666667,-0.9367373585700989,0.02371734316518301
COHFACE_s14_session3_natural,43,195,49.5,-0.41917216777801514,0.032592783607182624
COHFACE_s14_session3_natural,43,196,49.53333333333333,0.5809664726257324,0.03961502351974
COHFACE_s14_session3_natural,43,197,49.56666666666667,1.3464325666427612,0.045733012152851985
COHFACE_s14_session3_natural,43,198,49.6,1.4921125173568726,0.053926338391261215
COHFACE_s14_session3_natural,43,199,49.63333333333333,1.2991987466812134,0.06808825210529196
COHFACE_s14_session3_natural,43,200,49.666666666666664,0.8958243131637573,0.0913174544291806
COHFACE_s14_session3_natural,43,201,49.7,0.4544996917247772,0.1242889909009739
COHFACE_s14_session3_natural,43,202,49.733333333333334,0.2865460216999054,0.16424665458320048
COHFACE_s14_session3_natural,43,203,49.766666666666666,0.36489492654800415,0.20489800805286168
COHFACE_s14_session3_natural,43,204,49.8,0.4010428786277771,0.23733089532413285
COHFACE_s14_session3_natural,43,205,49.833333333333336,0.24070648849010468,0.2519211169050631
COHFACE_s14_session3_natural,43,206,49.86666666666667,-0.04028178006410599,0.24090427868083988
COHFACE_s14_session3_natural,43,207,49.9,-0.29950645565986633,0.20088826707624344
COHFACE_s14_session3_natural,43,208,49.93333333333333,-0.4791920483112335,0.1343220724430352
COHFACE_s14_session3_natural,43,209,49.96666666666667,-0.6103176474571228,0.04912438752624922
COHFACE_s14_session3_natural,43,210,50.0,-0.6737040877342224,-0.04359103454624734
COHFACE_s14_session3_natural,43,211,50.03333333333333,-0.7380766868591309,-0.13282365208480143
COHFACE_s14_session3_natural,43,212,50.06666666666667,-0.8424058556556702,-0.21057103371880698
COHFACE_s14_session3_natural,43,213,50.1,-0.9649620056152344,-0.27300238551749695
COHFACE_s14_session3_natural,43,214,50.13333333333333,-1.0600756406784058,-0.31956282404826497
COHFACE_s14_session3_natural,43,215,50.166666666666664,-1.0695291757583618,-0.3507972470024505
COHFACE_s14_session3_natural,43,216,50.2,-0.8619250655174255,-0.36635305291026227
COHFACE_s14_session3_natural,43,217,50.233333333333334,-0.104348324239254,-0.36442882247013025
COHFACE_s14_session3_natural,43,218,50.266666666666666,0.8914716243743896,-0.3429758398821516
COHFACE_s14_session3_natural,43,219,50.3,1.424883484840393,-0.30182063532429143
COHFACE_s14_session3_natural,43,220,50.333333333333336,1.386695146560669,-0.24425936468890352
COHFACE_s14_session3_natural,43,221,50.36666666666667,1.0943490266799927,-0.17696515923586165
COHFACE_s14_session3_natural,43,222,50.4,0.6688369512557983,-0.10809435226234267
COHFACE_s14_session3_natural,43,223,50.43333333333333,0.3252103924751282,-0.04454380566051834
COHFACE_s14_session3_natural,43,224,50.46666666666667,0.3011344373226166,0.010290313458524585
COHFACE_s14_session3_natural,43,225,50.5,0.41991597414016724,0.05722114947220587
COHFACE_s14_session3_natural,43,226,50.53333333333333,0.402131050825119,0.10012371784548946
COHFACE_s14_session3_natural,43,227,50.56666666666667,0.21765068173408508,0.1433802093469796
COHFACE_s14_session3_natural,43,228,50.6,-0.01732800155878067,0.18894934819865897
COHFACE_s14_session3_natural,43,229,50.63333333333333,-0.22659845650196075,0.23431905490819901
COHFACE_s14_session3_natural,43,230,50.666666666666664,-0.3730945587158203,0.2723887659478323
COHFACE_s14_session3_natural,43,231,50.7,-0.4494711458683014,0.29365518279741776
COHFACE_s14_session3_natural,43,232,50.733333333333334,-0.49748703837394714,0.290096395750546
COHFACE_s14_session3_natural,43,233,50.766666666666666,-0.5756999254226685,0.25925561999260266
COHFACE_s14_session3_natural,43,234,50.8,-0.675948441028595,0.2066484400518561
COHFACE_s14_session3_natural,43,235,50.833333333333336,-0.7597382068634033,0.14499661998920998
COHFACE_s14_session3_natural,43,236,50.86666666666667,-0.8009530305862427,0.08995129928252414
COHFACE_s14_session3_natural,43,237,50.9,-0.7446057200431824,0.05371968934680355
COHFACE_s14_session3_natural,43,238,50.93333333333333,-0.30950409173965454,0.039609877514341585
COHFACE_s14_session3_natural,43,239,50.96666666666667,0.6396601796150208,0.04055347165413907
COHFACE_s14_session3_natural,44,0,44.0,1.3543897867202759,0.02018018980909982
COHFACE_s14_session3_natural,44,1,44.03333333333333,0.8514470458030701,2.5466427066617747
COHFACE_s14_session3_natural,44,2,44.06666666666667,0.5739953517913818,4.687633401838298
COHFACE_s14_session3_natural,44,3,44.1,0.6160942912101746,6.151757533462308
COHFACE_s14_session3_natural,44,4,44.13333333333333,0.6474814414978027,6.808425944127643
COHFACE_s14_session3_natural,44,5,44.166666666666664,0.486566960811615,6.704039049940515
COHFACE_s14_session3_natural,44,6,44.2,0.17721803486347198,6.0223583568254355
COHFACE_s14_session3_natural,44,7,44.233333333333334,-0.12686003744602203,5.011391629459337
COHFACE_s14_session3_natural,44,8,44.266666666666666,-0.3652052879333496,3.908885483984428
COHFACE_s14_session3_natural,44,9,44.3,-0.5106812119483948,2.8900735955514616
COHFACE_s14_session3_natural,44,10,44.333333333333336,-0.6283065676689148,2.046928924224132
COHFACE_s14_session3_natural,44,11,44.36666666666667,-0.7556235790252686,1.3956195274332635
COHFACE_s14_session3_natural,44,12,44.4,-0.9171161651611328,0.9013587607807827
COHFACE_s14_session3_natural,44,13,44.43333333333333,-1.0554169416427612,0.5080946923286058
COHFACE_s14_session3_natural,44,14,44.46666666666667,-1.127984881401062,0.16322566605467437
COHFACE_s14_session3_natural,44,15,44.5,-1.132779598236084,-0.16762335366438377
COHFACE_s14_session3_natural,44,16,44.53333333333333,-0.7396749258041382,-0.4961330880200364
COHFACE_s14_session3_natural,44,17,44.56666666666667,0.2940612733364105,-0.8146332343886088
COHFACE_s14_session3_natural,44,18,44.6,1.3433719873428345,-1.1038755810585101
COHFACE_s14_session3_natural,44,19,44.63333333333333,1.7964966297149658,-1.3421232543008437
COHFACE_s14_session3_natural,44,20,44.666666666666664,1.7342324256896973,-1.512957048380361
COHFACE_s14_session3_natural,44,21,44.7,1.3994812965393066,-1.6099091709973619
COHFACE_s14_session3_natural,44,22,44.733333333333334,0.9054479002952576,-1.6371689053145606
COHFACE_s14_session3_natural,44,23,44.766666666666666,0.5659019947052002,-1.6069248783704548
COHFACE_s14_session3_natural,44,24,44.8,0.5662080645561218,-1.5349202696796644
COHFACE_s14_session3_natural,44,25,44.833333333333336,0.6256498694419861,-1.4360745391674397
COHFACE_s14_session3_natural,44,26,44.86666666666667,0.5017334818840027,-1.321505419387676
COHFACE_s14_session3_natural,44,27,44.9,0.22996070981025696,-1.1974527482562969
COHFACE_s14_session3_natural,44,28,44.93333333333333,-0.07160093635320663,-1.0659639772879663
COHFACE_s14_session3_natural,44,29,44.96666666666667,-0.33286595344543457,-0.9267704255678916
COHFACE_s14_session3_natural,44,30,45.0,-0.5079267621040344,-0.7794726893566528
COHFACE_s14_session3_natural,44,31,45.03333333333333,-0.615962564945221,-0.6251686828267444
COHFACE_s14_session3_natural,44,32,45.06666666666667,-0.7369884848594666,-0.4670993084514437
COHFACE_s14_session3_natural,44,33,45.1,-0.8771255612373352,-0.3103671842635426
COHFACE_s14_session3_natural,44,34,45.13333333333333,-1.0189628601074219,-0.16096334018649638
COHFACE_s14_session3_natural,44,35,45.166666666666664,-1.1116961240768433,-0.02442764448420362
COHFACE_s14_session3_natural,44,36,45.2,-1.1463478803634644,0.09531302533105458
COHFACE_s14_session3_natural,44,37,45.233333333333334,-0.9128994345664978,0.19635977358979115
COHFACE_s14_session3_natural,44,38,45.266666666666666,-0.0692545473575592,0.27839044019208703
COHFACE_s14_session3_natural,44,39,45.3,1.0120214223861694,0.3418123861267679
COHFACE_s14_session3_natural,44,40,45.333333333333336,1.6022906303405762,0.38721038864292123
COHFACE_s14_session3_natural,44,41,45.36666666666667,1.6008623838424683,0.41546934150533815
COHFACE_s14_session3_natural,44,42,45.4,1.3079721927642822,0.4283302027800198
COHFACE_s14_session3_natural,44,43,45.43333333333333,0.8197538256645203,0.42870809925839665
COHFACE_s14_session3_natural,44,44,45.46666666666667,0.4429037570953369,0.42024817188647107
COHFACE_s14_session3_natural,44,45,45.5,0.3984924554824829,0.4062299135373832
COHFACE_s14_session3_natural,44,46,45.53333333333333,0.48051396012306213,0.3885757771478946
COHFACE_s14_session3_natural,44,47,45.56666666666667,0.41066646575927734,0.3677410848805624
COHFACE_s14_session3_natural,44,48,45.6,0.14181819558143616,0.343508658857271
COHFACE_s14_session3_natural,44,49,45.63333333333333,-0.16140972077846527,0.31596407035275664
COHFACE_s14_session3_natural,44,50,45.666666666666664,-0.4258032441139221,0.28594474318290874
COHFACE_s14_session3_natural,44,51,45.7,-0.619941234588623,0.25483197120956297
COHFACE_s14_session3_natural,44,52,45.733333333333334,-0.7266167998313904,0.22405292241262187
COHFACE_s14_session3_natural,44,53,45.766666666666666,-0.7967023253440857,0.19471604293316247
COHFACE_s14_session3_natural,44,54,45.8,-0.9248694181442261,0.1674705105933575
COHFACE_s14_session3_natural,44,55,45.833333333333336,-1.0730998516082764,0.14239786304618582
COHFACE_s14_session3_natural,44,56,45.86666666666667,-1.189126968383789,0.11884570837743941
COHFACE_s14_session3_natural,44,57,45.9,-1.2451001405715942,0.09538733983843967
COHFACE_s14_session3_natural,44,58,45.93333333333333,-1.1854543685913086,0.07016479726009996
COHFACE_s14_session3_natural,44,59,45.96666666666667,-0.6203492879867554,0.04166681718992612
COHFACE_s14_session3_natural,44,60,46.0,0.43929916620254517,0.009664995891397857
COHFACE_s14_session3_natural,44,61,46.03333333333333,1.2623026371002197,-0.024174629640698924
COHFACE_s14_session3_natural,44,62,46.06666666666667,1.4598071575164795,-0.056405961806068675
COHFACE_s14_session3_natural,44,63,46.1,1.2455378770828247,-0.08272555933018765
COHFACE_s14_session3_natural,44,64,46.13333333333333,0.8291733860969543,-0.09941365440378253
COHFACE_s14_session3_natural,44,65,46.166666666666664,0.38557031750679016,-0.10476988974486434
COHFACE_s14_session3_natural,44,66,46.2,0.22751231491565704,-0.10002434447342316
COHFACE_s14_session3_natural,44,67,46.233333333333334,0.3170490562915802,-0.08938379984028849
COHFACE_s14_session3_natural,44,68,46.266666666666666,0.33888065814971924,-0.07911118530405307
COHFACE_s14_session3_natural,44,69,46.3,0.14487870037555695,-0.07577720677600969
COHFACE_s14_session3_natural,44,70,46.333333333333336,-0.13879600167274475,-0.08406904895717181
COHFACE_s14_session3_natural,44,71,46.36666666666667,-0.41179293394088745,-0.1048159504955029
COHFACE_s14_session3_natural,44,72,46.4,-0.6287146806716919,-0.13409529786322932
COHFACE_s14_session3_natural,44,73,46.43333333333333,-0.761676549911499,-0.16410957996501405
COHFACE_s14_session3_natural,44,74,46.46666666666667,-0.8470646142959595,-0.18580877964643863
COHFACE_s14_session3_natural,44,75,46.5,-0.94353848695755,-0.19226516911267022
COHFACE_s14_session3_natural,44,76,46.53333333333333,-1.0598036050796509,-0.1811872254448408
COHFACE_s14_session3_natural,44,77,46.56666666666667,-1.173858404159546,-0.155308947025799
COHFACE_s14_session3_natural,44,78,46.6,-1.2486706972122192,-0.1206916886055119
COHFACE_s14_session3_natural,44,79,46.63333333333333,-1.2674418687820435,-0.08413615768949027
COHFACE_s14_session3_natural,44,80,46.666666666666664,-0.9896160960197449,-0.050978461067018255
COHFACE_s14_session3_natural,44,81,46.7,-0.1278121918439865,-0.023896600869242616
COHFACE_s14_session3_natural,44,82,46.733333333333334,0.8230863809585571,-0.0027843220517366086
COHFACE_s14_session3_natural,44,83,46.766666666666666,1.2141166925430298,0.014516024398214877
COHFACE_s14_session3_natural,44,84,46.8,1.094757080078125,0.030936502956101293
COHFACE_s14_session3_natural,44,85,46.833333333333336,0.7232459187507629,0.04877279932833569
COHFACE_s14_session3_natural,44,86,46.86666666666667,0.2516222894191742,0.06864468113220182
COHFACE_s14_session3_natural,44,87,46.9,0.0033814087510108948,0.08923682239705052
COHFACE_s14_session3_natural,44,88,46.93333333333333,0.07642543315887451,0.10785025707878255
COHFACE_s14_session3_natural,44,89,46.96666666666667,0.19459488987922668,0.12140756861851237
COHFACE_s14_session3_natural,44,90,47.0,0.10672442615032196,0.12745527300947215
COHFACE_s14_session3_natural,44,91,47.03333333333333,-0.1473994106054306,0.12485614557413638
COHFACE_s14_session3_natural,44,92,47.06666666666667,-0.4189341068267822,0.11406412253357474
COHFACE_s14_session3_natural,44,93,47.1,-0.606270968914032,0.09699824324082332
COHFACE_s14_session3_natural,44,94,47.13333333333333,-0.737124502658844,0.07656345251197452
COHFACE_s14_session3_natural,44,95,47.166666666666664,-0.8304698467254639,0.05588599304323415
COHFACE_s14_session3_natural,44,96,47.2,-0.9148717522621155,0.03741727134777143
COHFACE_s14_session3_natural,44,97,47.233333333333334,-1.000735878944397,0.022189163915761763
COHFACE_s14_session3_natural,44,98,47.266666666666666,-1.1046570539474487,0.00956754208794795
COHFACE_s14_session3_natural,44,99,47.3,-1.1883788108825684,-0.002286246525496362
COHFACE_s14_session3_natural,44,100,47.333333333333336,-1.1933096647262573,-0.015383240364801262
COHFACE_s14_session3_natural,44,101,47.36666666666667,-0.9119812846183777,-0.030771980221500312
COHFACE_s14_session3_natural,44,102,47.4,-0.0642557293176651,-0.04783857845291076
COHFACE_s14_session3_natural,44,103,47.43333333333333,0.9024214148521423,-0.06435555329688394
COHFACE_s14_session3_natural,44,104,47.46666666666667,1.3236147165298462,-0.07721863314655329
COHFACE_s14_session3_natural,44,105,47.5,1.241151213645935,-0.08350804728748026
COHFACE_s14_session3_natural,44,106,47.53333333333333,0.9384333491325378,-0.08143982031714701
COHFACE_s14_session3_natural,44,107,47.56666666666667,0.49506837129592896,-0.07091326070627911
COHFACE_s14_session3_natural,44,108,47.6,0.18507331609725952,-0.053577736555312463
COHFACE_s14_session3_natural,44,109,47.63333333333333,0.1885758936405182,-0.032485730110835824
COHFACE_s14_session3_natural,44,110,47.666666666666664,0.2838935852050781,-0.011418004530540303
COHFACE_s14_session3_natural,44,111,47.7,0.21384206414222717,0.006027843807156956
COHFACE_s14_session3_natural,44,112,47.733333333333334,-0.00767041090875864,0.017393031079458908
COHFACE_s14_session3_natural,44,113,47.766666666666666,-0.2707037031650543,0.02202469219124799
COHFACE_s14_session3_natural,44,114,47.8,-0.493032306432724,0.02109975130933661
COHFACE_s14_session3_natural,44,115,47.833333333333336,-0.6473497152328491,0.016890656842961115
COHFACE_s14_session3_natural,44,116,47.86666666666667,-0.731717586517334,0.01161368328061856
COHFACE_s14_session3_natural,44,117,47.9,-0.7995927929878235,0.006533123252531622
COHFACE_s14_session3_natural,44,118,47.93333333333333,-0.9007594585418701,0.001880778507065332
COHFACE_s14_session3_natural,44,119,47.96666666666667,-1.0229415893554688,-0.002404354902941975
COHFACE_s14_session3_natural,44,120,48.0,-1.1067653894424438,-0.005760483892377256
COHFACE_s14_session3_natural,44,121,48.03333333333333,-1.1170010566711426,-0.006735376882495694
COHFACE_s14_session3_natural,44,122,48.06666666666667,-0.8310139775276184,-0.003649847816125165
COHFACE_s14_session3_natural,44,123,48.1,0.05183938518166542,0.00430593697602679
COHFACE_s14_session3_natural,44,124,48.13333333333333,1.0796586275100708,0.016389347315384186
COHFACE_s14_session3_natural,44,125,48.166666666666664,1.5517923831939697,0.03053859420717162
COHFACE_s14_session3_natural,44,126,48.2,1.5058847665786743,0.04426739381295005
COHFACE_s14_session3_natural,44,127,48.233333333333334,1.2625746726989746,0.05550612204347105
COHFACE_s14_session3_natural,44,128,48.266666666666666,0.8405652642250061,0.06294413128857096
COHFACE_s14_session3_natural,44,129,48.3,0.4560299217700958,0.0659707623437268
COHFACE_s14_session3_natural,44,130,48.333333333333336,0.4012129008769989,0.06450830326175545
COHFACE_s14_session3_natural,44,131,48.36666666666667,0.4783376157283783,0.05887320782961575
COHFACE_s14_session3_natural,44,132,48.4,0.42389464378356934,0.04961633788594412
COHFACE_s14_session3_natural,44,133,48.43333333333333,0.18537937104701996,0.03730993119112413
COHFACE_s14_session3_natural,44,134,48.46666666666667,-0.0759536549448967,0.022441078751429335
COHFACE_s14_session3_natural,44,135,48.5,-0.30389317870140076,0.005603396979510123
COHFACE_s14_session3_natural,44,136,48.53333333333333,-0.48296666145324707,-0.012128905465569877
COHFACE_s14_session3_natural,44,137,48.56666666666667,-0.587125837802887,-0.02903176444081043
COHFACE_s14_session3_natural,44,138,48.6,-0.6652366518974304,-0.04301667357922785
COHFACE_s14_session3_natural,44,139,48.63333333333333,-0.7716401815414429,-0.052265020038570614
COHFACE_s14_session3_natural,44,140,48.666666666666664,-0.8938903212547302,-0.05589526667452422
COHFACE_s14_session3_natural,44,141,48.7,-0.9786322712898254,-0.05436054728472156
COHFACE_s14_session3_natural,44,142,48.733333333333334,-1.0138280391693115,-0.049411048513421346
COHFACE_s14_session3_natural,44,143,48.766666666666666,-0.8449222445487976,-0.04361131901062657
COHFACE_s14_session3_natural,44,144,48.8,-0.1188347116112709,-0.03952690204844134
COHFACE_s14_session3_natural,44,145,48.833333333333336,0.9291498064994812,-0.038816615903897275
COHFACE_s14_session3_natural,44,146,48.86666666666667,1.5209152698516846,-0.04157779505812501
COHFACE_s14_session3_natural,44,147,48.9,1.542508840560913,-0.046248910993001775
COHFACE_s14_session3_natural,44,148,48.93333333333333,1.3150113821029663,-0.05012169283773806
COHFACE_s14_session3_natural,44,149,48.96666666666667,0.9029995203018188,-0.05027799843259056
COHFACE_s14_session3_natural,44,150,49.0,0.49846890568733215,-0.04471712933664606
COHFACE_s14_session3_natural,44,151,49.03333333333333,0.3790072500705719,-0.033389367452332966
COHFACE_s14_session3_natural,44,152,49.06666666666667,0.48126208782196045,-0.0186715569451188
COHFACE_s14_session3_natural,44,153,49.1,0.46327313780784607,-0.004824511117567621
COHFACE_s14_session3_natural,44,154,49.13333333333333,0.24927589297294617,0.003576228638794105
COHFACE_s14_session3_natural,44,155,49.166666666666664,-0.03660917654633522,0.00361968787204616
COHFACE_s14_session3_natural,44,156,49.2,-0.27930712699890137,-0.0045006155495158975
COHFACE_s14_session3_natural,44,157,49.233333333333334,-0.4586866497993469,-0.017350299368992374
COHFACE_s14_session3_natural,44,158,49.266666666666666,-0.5639339685440063,-0.02956165574805231
COHFACE_s14_session3_natural,44,159,49.3,-0.6371820569038391,-0.036009431521107166
COHFACE_s14_session3_natural,44,160,49.333333333333336,-0.7310035228729248,-0.033863219877470735
COHFACE_s14_session3_natural,44,161,49.36666666666667,-0.8587965369224548,-0.023611864642639924
COHFACE_s14_session3_natural,44,162,49.4,-0.9708790183067322,-0.008678093044305429
COHFACE_s14_session3_natural,44,163,49.43333333333333,-1.0133860111236572,0.006131261054675001
COHFACE_s14_session3_natural,44,164,49.46666666666667,-0.9367373585700989,0.01668742164349789
COHFACE_s14_session3_natural,44,165,49.5,-0.41917216777801514,0.021339423249802033
COHFACE_s14_session3_natural,44,166,49.53333333333333,0.5809664726257324,0.021780427811872703
COHFACE_s14_session3_natural,44,167,49.56666666666667,1.3464325666427612,0.022634171650152517
COHFACE_s14_session3_natural,44,168,49.6,1.4921125173568726,0.02990050506322876
COHFACE_s14_session3_natural,44,169,49.63333333333333,1.2991987466812134,0.048827836256702666
COHFACE_s14_session3_natural,44,170,49.666666666666664,0.8958243131637573,0.08194306013928876
COHFACE_s14_session3_natural,44,171,49.7,0.4544996917247772,0.1278321196809218
COHFACE_s14_session3_natural,44,172,49.733333333333334,0.2865460216999054,0.18094611499547625
COHFACE_s14_session3_natural,44,173,49.766666666666666,0.36489492654800415,0.23241308044389733
COHFACE_s14_session3_natural,44,174,49.8,0.4010428786277771,0.2716877547852614
COHFACE_s14_session3_natural,44,175,49.833333333333336,0.24070648849010468,0.28879006002604996
COHFACE_s14_session3_natural,44,176,49.86666666666667,-0.04028178006410599,0.2767349829786261
COHFACE_s14_session3_natural,44,177,49.9,-0.29950645565986633,0.2335299948577895
COHFACE_s14_session3_natural,44,178,49.93333333333333,-0.4791920483112335,0.1629671719997558
COHFACE_s14_session3_natural,44,179,49.96666666666667,-0.6103176474571228,0.07365455483022508
COHFACE_s14_session3_natural,44,180,50.0,-0.6737040877342224,-0.02357289807944503
COHFACE_s14_session3_natural,44,181,50.03333333333333,-0.7380766868591309,-0.11886991452528017
COHFACE_s14_session3_natural,44,182,50.06666666666667,-0.8424058556556702,-0.2057506229998599
COHFACE_s14_session3_natural,44,183,50.1,-0.9649620056152344,-0.2814377587146256
COHFACE_s14_session3_natural,44,184,50.13333333333333,-1.0600756406784058,-0.34509273953332537
COHFACE_s14_session3_natural,44,185,50.166666666666664,-1.0695291757583618,-0.3950801740800229
COHFACE_s14_session3_natural,44,186,50.2,-0.8619250655174255,-0.42707315721594996
COHFACE_s14_session3_natural,44,187,50.233333333333334,-0.104348324239254,-0.43438834639101775
COHFACE_s14_session3_natural,44,188,50.266666666666666,0.8914716243743896,-0.4105955190628014
COHFACE_s14_session3_natural,44,189,50.3,1.424883484840393,-0.3530333760617886
COHFACE_s14_session3_natural,44,190,50.333333333333336,1.386695146560669,-0.2652887521928882
COHFACE_s14_session3_natural,44,191,50.36666666666667,1.0943490266799927,-0.15723072187796933
COHFACE_s14_session3_natural,44,192,50.4,0.6688369512557983,-0.042474093105351066
COHFACE_s14_session3_natural,44,193,50.43333333333333,0.3252103924751282,0.06559589819039571
COHFACE_s14_session3_natural,44,194,50.46666666666667,0.3011344373226166,0.15754760907716805
COHFACE_s14_session3_natural,44,195,50.5,0.41991597414016724,0.22993496464386726
COHFACE_s14_session3_natural,44,196,50.53333333333333,0.402131050825119,0.28496642027893065
COHFACE_s14_session3_natural,44,197,50.56666666666667,0.21765068173408508,0.32803501423480685
COHFACE_s14_session3_natural,44,198,50.6,-0.01732800155878067,0.36404091600791855
COHFACE_s14_session3_natural,44,199,50.63333333333333,-0.22659845650196075,0.39385705777149327
COHFACE_s14_session3_natural,44,200,50.666666666666664,-0.3730945587158203,0.41237587934334324
COHFACE_s14_session3_natural,44,201,50.7,-0.4494711458683014,0.4091921934377384
COHFACE_s14_session3_natural,44,202,50.733333333333334,-0.49748703837394714,0.3720877248259426
COHFACE_s14_session3_natural,44,203,50.766666666666666,-0.5756999254226685,0.2923524203345379
COHFACE_s14_session3_natural,44,204,50.8,-0.675948441028595,0.170034349840933
COHFACE_s14_session3_natural,44,205,50.833333333333336,-0.7597382068634033,0.01684522372582869
COHFACE_s14_session3_natural,44,206,50.86666666666667,-0.8009530305862427,-0.14504025687718708
COHFACE_s14_session3_natural,44,207,50.9,-0.7446057200431824,-0.28853819473238546
COHFACE_s14_session3_natural,44,208,50.93333333333333,-0.30950409173965454,-0.3897130066193307
COHFACE_s14_session3_natural,44,209,50.96666666666667,0.6396601796150208,-0.4349827343212148
COHFACE_s14_session3_natural,44,210,51.0,1.4421242475509644,-0.4242961459954725
COHFACE_s14_session3_natural,44,211,51.03333333333333,1.6477560997009277,-0.36913846677189804
COHFACE_s14_session3_natural,44,212,51.06666666666667,1.464874029159546,-0.28704964640604164
COHFACE_s14_session3_natural,44,213,51.1,1.111283779144287,-0.19582433054916518
COHFACE_s14_session3_natural,44,214,51.13333333333333,0.7130442261695862,-0.10957664662060683
COHFACE_s14_session3_natural,44,215,51.166666666666664,0.5661400556564331,-0.03696861325199104
COHFACE_s14_session3_natural,44,216,51.2,0.7062771320343018,0.018941255172011066
COHFACE_s14_session3_natural,44,217,51.233333333333334,0.7784370183944702,0.059691949100199045
COHFACE_s14_session3_natural,44,218,51.266666666666666,0.6340832710266113,0.0896439228285368
COHFACE_s14_session3_natural,44,219,51.3,0.3845161497592926,0.11390431589742342
COHFACE_s14_session3_natural,44,220,51.333333333333336,0.14209024608135223,0.13644009736901944
COHFACE_s14_session3_natural,44,221,51.36666666666667,-0.04055382311344147,0.15878188502760426
COHFACE_s14_session3_natural,44,222,51.4,-0.13801386952400208,0.1795919048170498
COHFACE_s14_session3_natural,44,223,51.43333333333333,-0.20949363708496094,0.19518853398479305
COHFACE_s14_session3_natural,44,224,51.46666666666667,-0.2981122136116028,0.20087509698965067
COHFACE_s14_session3_natural,44,225,51.5,-0.42427298426628113,0.19265893858513405
COHFACE_s14_session3_natural,44,226,51.53333333333333,-0.5432586073875427,0.16876433378583172
COHFACE_s14_session3_natural,44,227,51.56666666666667,-0.6262322664260864,0.13034999370021796
COHFACE_s14_session3_natural,44,228,51.6,-0.6392223834991455,0.08111204309471634
COHFACE_s14_session3_natural,44,229,51.63333333333333,-0.2697855532169342,0.025967979039993216
COHFACE_s14_session3_natural,44,230,51.666666666666664,0.6130678057670593,-0.03043771350889045
COHFACE_s14_session3_natural,44,231,51.7,1.3545938730239868,-0.0845265472811947
COHFACE_s14_session3_natural,44,232,51.733333333333334,1.5303688049316406,-0.13348836033840344
COHFACE_s14_session3_natural,44,233,51.766666666666666,1.315895438194275,-0.17426599648339816
COHFACE_s14_session3_natural,44,234,51.8,0.9272454977035522,-0.20269253072067397
COHFACE_s14_session3_natural,44,235,51.833333333333336,0.47228461503982544,-0.2136344889949255
COHFACE_s14_session3_natural,44,236,51.86666666666667,0.24852776527404785,-0.20247971180823984
COHFACE_s14_session3_natural,44,237,51.9,0.3149406909942627,-0.16746930617962597
COHFACE_s14_session3_natural,44,238,51.93333333333333,0.37268221378326416,-0.11162240932888959
COHFACE_s14_session3_natural,44,239,51.96666666666667,0.24121657013893127,-0.04298173116958903
COHFACE_s14_session3_natural,45,0,45.0,-0.5079267621040344,0.019788157037381984
COHFACE_s14_session3_natural,45,1,45.03333333333333,-0.615962564945221,2.5965459442114156
COHFACE_s14_session3_natural,45,2,45.06666666666667,-0.7369884848594666,4.779514063189911
COHFACE_s14_session3_natural,45,3,45.1,-0.8771255612373352,6.27043992941493
COHFACE_s14_session3_natural,45,4,45.13333333333333,-1.0189628601074219,6.934843937086808
COHFACE_s14_session3_natural,45,5,45.166666666666664,-1.1116961240768433,6.8194997741612315
COHFACE_s14_session3_natural,45,6,45.2,-1.1463478803634644,6.113222475351101
COHFACE_s14_session3_natural,45,7,45.233333333333334,-0.9128994345664978,5.072670384976273
COHFACE_s14_session3_natural,45,8,45.266666666666666,-0.0692545473575592,3.94523204547513
COHFACE_s14_session3_natural,45,9,45.3,1.0120214223861694,2.913471562042678
COHFACE_s14_session3_natural,45,10,45.333333333333336,1.6022906303405762,2.071791216669846
COHFACE_s14_session3_natural,45,11,45.36666666666667,1.6008623838424683,1.433268197262608
COHFACE_s14_session3_natural,45,12,45.4,1.3079721927642822,0.9561610892439515
COHFACE_s14_session3_natural,45,13,45.43333333333333,0.8197538256645203,0.5766745846635476
COHFACE_s14_session3_natural,45,14,45.46666666666667,0.4429037570953369,0.2366735075405027
COHFACE_s14_session3_natural,45,15,45.5,0.3984924554824829,-0.09992553918453494
COHFACE_s14_session3_natural,45,16,45.53333333333333,0.48051396012306213,-0.4429164802347624
COHFACE_s14_session3_natural,45,17,45.56666666666667,0.41066646575927734,-0.7807369492370175
COHFACE_s14_session3_natural,45,18,45.6,0.14181819558143616,-1.0901950775320952
COHFACE_s14_session3_natural,45,19,45.63333333333333,-0.16140972077846527,-1.346966286168236
COHFACE_s14_session3_natural,45,20,45.666666666666664,-0.4258032441139221,-1.5338404507800303
COHFACE_s14_session3_natural,45,21,45.7,-0.619941234588623,-1.6449021225588532
COHFACE_s14_session3_natural,45,22,45.733333333333334,-0.7266167998313904,-1.6852076065498622
COHFACE_s14_session3_natural,45,23,45.766666666666666,-0.7967023253440857,-1.6670180090336177
COHFACE_s14_session3_natural,45,24,45.8,-0.9248694181442261,-1.604863984899642
COHFACE_s14_session3_natural,45,25,45.833333333333336,-1.0730998516082764,-1.511810159908805
COHFACE_s14_session3_natural,45,26,45.86666666666667,-1.189126968383789,-1.3979689960284691
COHFACE_s14_session3_natural,45,27,45.9,-1.2451001405715942,-1.2707001477499886
COHFACE_s14_session3_natural,45,28,45.93333333333333,-1.1854543685913086,-1.1352798859581474
COHFACE_s14_session3_natural,45,29,45.96666666666667,-0.6203492879867554,-0.9952383109544404
COHFACE_s14_session3_natural,45,30,46.0,0.43929916620254517,-0.852376509270493
COHFACE_s14_session3_natural,45,31,46.03333333333333,1.2623026371002197,-0.7069434674208404
COHFACE_s14_session3_natural,45,32,46.06666666666667,1.4598071575164795,-0.5582535299215703
COHFACE_s14_session3_natural,45,33,46.1,1.2455378770828247,-0.4055894757415975
COHFACE_s14_session3_natural,45,34,46.13333333333333,0.8291733860969543,-0.2490996704094769
COHFACE_s14_session3_natural,45,35,46.166666666666664,0.38557031750679016,-0.09052702211325411
COHFACE_s14_session3_natural,45,36,46.2,0.22751231491565704,0.06628728302601028
COHFACE_s14_session3_natural,45,37,46.233333333333334,0.3170490562915802,0.2152283850351873
COHFACE_s14_session3_natural,45,38,46.266666666666666,0.33888065814971924,0.3482938848376331
COHFACE_s14_session3_natural,45,39,46.3,0.14487870037555695,0.4567827107749711
COHFACE_s14_session3_natural,45,40,46.333333333333336,-0.13879600167274475,0.5332601421993324
COHFACE_s14_session3_natural,45,41,46.36666666666667,-0.41179293394088745,0.5738042201185235
COHFACE_s14_session3_natural,45,42,46.4,-0.6287146806716919,0.5796336903273349
COHFACE_s14_session3_natural,45,43,46.43333333333333,-0.761676549911499,0.5572068411805138
COHFACE_s14_session3_natural,45,44,46.46666666666667,-0.8470646142959595,0.5164367007054086
COHFACE_s14_session3_natural,45,45,46.5,-0.94353848695755,0.46761779613102394
COHFACE_s14_session3_natural,45,46,46.53333333333333,-1.0598036050796509,0.4184874394457007
COHFACE_s14_session3_natural,45,47,46.56666666666667,-1.173858404159546,0.37283517494777463
COHFACE_s14_session3_natural,45,48,46.6,-1.2486706972122192,0.3310442982142326
COHFACE_s14_session3_natural,45,49,46.63333333333333,-1.2674418687820435,0.29179013854897995
COHFACE_s14_session3_natural,45,50,46.666666666666664,-0.9896160960197449,0.2537674356216942
COHFACE_s14_session3_natural,45,51,46.7,-0.1278121918439865,0.2167179022052935
COHFACE_s14_session3_natural,45,52,46.733333333333334,0.8230863809585571,0.18161562775637957
COHFACE_s14_session3_natural,45,53,46.766666666666666,1.2141166925430298,0.15024248922996047
COHFACE_s14_session3_natural,45,54,46.8,1.094757080078125,0.12444626532917742
COHFACE_s14_session3_natural,45,55,46.833333333333336,0.7232459187507629,0.10531422091384685
COHFACE_s14_session3_natural,45,56,46.86666666666667,0.2516222894191742,0.09251257556383942
COHFACE_s14_session3_natural,45,57,46.9,0.0033814087510108948,0.08406041560612937
COHFACE_s14_session3_natural,45,58,46.93333333333333,0.07642543315887451,0.07667938788248385
COHFACE_s14_session3_natural,45,59,46.96666666666667,0.19459488987922668,0.06661720937509846
COHFACE_s14_session3_natural,45,60,47.0,0.10672442615032196,0.050627595603672464
COHFACE_s14_session3_natural,45,61,47.03333333333333,-0.1473994106054306,0.02675161781670335
COHFACE_s14_session3_natural,45,62,47.06666666666667,-0.4189341068267822,-0.005282665477466539
COHFACE_s14_session3_natural,45,63,47.1,-0.606270968914032,-0.04401249134120168
COHFACE_s14_session3_natural,45,64,47.13333333333333,-0.737124502658844,-0.08644217597677042
COHFACE_s14_session3_natural,45,65,47.166666666666664,-0.8304698467254639,-0.12846597180349836
COHFACE_s14_session3_natural,45,66,47.2,-0.9148717522621155,-0.16557271236535465
COHFACE_s14_session3_natural,45,67,47.233333333333334,-1.000735878944397,-0.19382321373714775
COHFACE_s14_session3_natural,45,68,47.266666666666666,-1.1046570539474487,-0.21083918594938925
COHFACE_s14_session3_natural,45,69,47.3,-1.1883788108825684,-0.2163643980700874
COHFACE_s14_session3_natural,45,70,47.333333333333336,-1.1933096647262573,-0.21209118090321769
COHFACE_s14_session3_natural,45,71,47.36666666666667,-0.9119812846183777,-0.2008047234755796
COHFACE_s14_session3_natural,45,72,47.4,-0.0642557293176651,-0.18523730751574408
COHFACE_s14_session3_natural,45,73,47.43333333333333,0.9024214148521423,-0.16715233915792696
COHFACE_s14_session3_natural,45,74,47.46666666666667,1.3236147165298462,-0.14703363146626033
COHFACE_s14_session3_natural,45,75,47.5,1.241151213645935,-0.12444221736741093
COHFACE_s14_session3_natural,45,76,47.53333333333333,0.9384333491325378,-0.09879824018306191
COHFACE_s14_session3_natural,45,77,47.56666666666667,0.49506837129592896,-0.07019065600233694
COHFACE_s14_session3_natural,45,78,47.6,0.18507331609725952,-0.03985776942471321
COHFACE_s14_session3_natural,45,79,47.63333333333333,0.1885758936405182,-0.010139850754342549
COHFACE_s14_session3_natural,45,80,47.666666666666664,0.2838935852050781,0.01611003081595079
COHFACE_s14_session3_natural,45,81,47.7,0.21384206414222717,0.03646278485742832
COHFACE_s14_session3_natural,45,82,47.733333333333334,-0.00767041090875864,0.049799330306424264
COHFACE_s14_session3_natural,45,83,47.766666666666666,-0.2707037031650543,0.05669894028464149
COHFACE_s14_session3_natural,45,84,47.8,-0.493032306432724,0.05909604727674751
COHFACE_s14_session3_natural,45,85,47.833333333333336,-0.6473497152328491,0.05934265512068136
COHFACE_s14_session3_natural,45,86,47.86666666666667,-0.731717586517334,0.05913643150267704
COHFACE_s14_session3_natural,45,87,47.9,-0.7995927929878235,0.0588855913720026
COHFACE_s14_session3_natural,45,88,47.93333333333333,-0.9007594585418701,0.05789641267549233
COHFACE_s14_session3_natural,45,89,47.96666666666667,-1.0229415893554688,0.05530175524932
COHFACE_s14_session3_natural,45,90,48.0,-1.1067653894424438,0.05111580140009891
COHFACE_s14_session3_natural,45,91,48.03333333333333,-1.1170010566711426,0.046647803681007155
COHFACE_s14_session3_natural,45,92,48.06666666666667,-0.8310139775276184,0.04396192259731995
COHFACE_s14_session3_natural,45,93,48.1,0.05183938518166542,0.04476142320760351
COHFACE_s14_session3_natural,45,94,48.13333333333333,1.0796586275100708,0.04945163329745573
COHFACE_s14_session3_natural,45,95,48.166666666666664,1.5517923831939697,0.05694758843642966
COHFACE_s14_session3_natural,45,96,48.2,1.5058847665786743,0.0652039403926538
COHFACE_s14_session3_natural,45,97,48.233333333333334,1.2625746726989746,0.07198943618582294
COHFACE_s14_session3_natural,45,98,48.266666666666666,0.8405652642250061,0.07548022258909366
COHFACE_s14_session3_natural,45,99,48.3,0.4560299217700958,0.07456409694165606
COHFACE_s14_session3_natural,45,100,48.333333333333336,0.4012129008769989,0.06892596129919952
COHFACE_s14_session3_natural,45,101,48.36666666666667,0.4783376157283783,0.05896196619122729
COHFACE_s14_session3_natural,45,102,48.4,0.42389464378356934,0.04550959974521012
COHFACE_s14_session3_natural,45,103,48.43333333333333,0.18537937104701996,0.029453351666721667
COHFACE_s14_session3_natural,45,104,48.46666666666667,-0.0759536549448967,0.011454482293363807
COHFACE_s14_session3_natural,45,105,48.5,-0.30389317870140076,-0.007951165487146613
COHFACE_s14_session3_natural,45,106,48.53333333333333,-0.48296666145324707,-0.027989683797499346
COHFACE_s14_session3_natural,45,107,48.56666666666667,-0.587125837802887,-0.047405746280508886
COHFACE_s14_session3_natural,45,108,48.6,-0.6652366518974304,-0.0645759594868607
COHFACE_s14_session3_natural,45,109,48.63333333333333,-0.7716401815414429,-0.0778747906920292
COHFACE_s14_session3_natural,45,110,48.666666666666664,-0.8938903212547302,-0.0860517068644603
COHFACE_s14_session3_natural,45,111,48.7,-0.9786322712898254,-0.08847518925996595
COHFACE_s14_session3_natural,45,112,48.733333333333334,-1.0138280391693115,-0.08524948799631285
COHFACE_s14_session3_natural,45,113,48.766666666666666,-0.8449222445487976,-0.07725967228279364
COHFACE_s14_session3_natural,45,114,48.8,-0.1188347116112709,-0.06611937547964152
COHFACE_s14_session3_natural,45,115,48.833333333333336,0.9291498064994812,-0.05391748891162586
COHFACE_s14_session3_natural,45,116,48.86666666666667,1.5209152698516846,-0.04271808060257792
COHFACE_s14_session3_natural,45,117,48.9,1.542508840560913,-0.03392953262075153
COHFACE_s14_session3_natural,45,118,48.93333333333333,1.3150113821029663,-0.027803175048612273
COHFACE_s14_session3_natural,45,119,48.96666666666667,0.9029995203018188,-0.023351916767881124
COHFACE_s14_session3_natural,45,120,49.0,0.49846890568733215,-0.01884648131346449
COHFACE_s14_session3_natural,45,121,49.03333333333333,0.3790072500705719,-0.01276023081074029
COHFACE_s14_session3_natural,45,122,49.06666666666667,0.48126208782196045,-0.004717130351976545
COHFACE_s14_session3_natural,45,123,49.1,0.46327313780784607,0.0040984363036079595
COHFACE_s14_session3_natural,45,124,49.13333333333333,0.24927589297294617,0.01134500620814469
COHFACE_s14_session3_natural,45,125,49.166666666666664,-0.03660917654633522,0.014556908138602333
COHFACE_s14_session3_natural,45,126,49.2,-0.27930712699890137,0.012274972586933565
COHFACE_s14_session3_natural,45,127,49.233333333333334,-0.4586866497993469,0.0047142400444950975
COHFACE_s14_session3_natural,45,128,49.266666666666666,-0.5639339685440063,-0.006294543565415276
COHFACE_s14_session3_natural,45,129,49.3,-0.6371820569038391,-0.01795611161177002
COHFACE_s14_session3_natural,45,130,49.333333333333336,-0.7310035228729248,-0.027390074650113536
COHFACE_s14_session3_natural,45,131,49.36666666666667,-0.8587965369224548,-0.03240457619555739
COHFACE_s14_session3_natural,45,132,49.4,-0.9708790183067322,-0.032017738213709956
COHFACE_s14_session3_natural,45,133,49.43333333333333,-1.0133860111236572,-0.02666694602286381
COHFACE_s14_session3_natural,45,134,49.46666666666667,-0.9367373585700989,-0.017944399124344486
COHFACE_s14_session3_natural,45,135,49.5,-0.41917216777801514,-0.007734539853888948
COHFACE_s14_session3_natural,45,136,49.53333333333333,0.5809664726257324,0.0029778179410645616
COHFACE_s14_session3_natural,45,137,49.56666666666667,1.3464325666427612,0.014983829705358618
COHFACE_s14_session3_natural,45,138,49.6,1.4921125173568726,0.030842579596539587
COHFACE_s14_session3_natural,45,139,49.63333333333333,1.2991987466812134,0.05387952001282096
COHFACE_s14_session3_natural,45,140,49.666666666666664,0.8958243131637573,0.0865817915021275
COHFACE_s14_session3_natural,45,141,49.7,0.4544996917247772,0.12903206196349332
COHFACE_s14_session3_natural,45,142,49.733333333333334,0.2865460216999054,0.17793712877433537
COHFACE_s14_session3_natural,45,143,49.766666666666666,0.36489492654800415,0.2265625882003352
COHFACE_s14_session3_natural,45,144,49.8,0.4010428786277771,0.2656786988024274
COHFACE_s14_session3_natural,45,145,49.833333333333336,0.24070648849010468,0.28543837015264373
COHFACE_s14_session3_natural,45,146,49.86666666666667,-0.04028178006410599,0.2778528846164417
COHFACE_s14_session3_natural,45,147,49.9,-0.29950645565986633,0.23921238928344088
COHFACE_s14_session3_natural,45,148,49.93333333333333,-0.4791920483112335,0.17156505757481652
COHFACE_s14_session3_natural,45,149,49.96666666666667,-0.6103176474571228,0.0824803568795683
COHFACE_s14_session3_natural,45,150,50.0,-0.6737040877342224,-0.017076781057181422
COHFACE_s14_session3_natural,45,151,50.03333333333333,-0.7380766868591309,-0.11601591178946438
COHFACE_s14_session3_natural,45,152,50.06666666666667,-0.8424058556556702,-0.20603039944118465
COHFACE_s14_session3_natural,45,153,50.1,-0.9649620056152344,-0.28267465271934505
COHFACE_s14_session3_natural,45,154,50.13333333333333,-1.0600756406784058,-0.34417844743164366
COHFACE_s14_session3_natural,45,155,50.166666666666664,-1.0695291757583618,-0.3889634245273384
COHFACE_s14_session3_natural,45,156,50.2,-0.8619250655174255,-0.41364459478791127
COHFACE_s14_session3_natural,45,157,50.233333333333334,-0.104348324239254,-0.41301956871589596
COHFACE_s14_session3_natural,45,158,50.266666666666666,0.8914716243743896,-0.38229335921330887
COHFACE_s14_session3_natural,45,159,50.3,1.424883484840393,-0.3203321643208058
COHFACE_s14_session3_natural,45,160,50.333333333333336,1.386695146560669,-0.2319908298604747
COHFACE_s14_session3_natural,45,161,50.36666666666667,1.0943490266799927,-0.12798174022472394
COHFACE_s14_session3_natural,45,162,50.4,0.6688369512557983,-0.022124678928734882
COHFACE_s14_session3_natural,45,163,50.43333333333333,0.3252103924751282,0.07278844754951455
COHFACE_s14_session3_natural,45,164,50.46666666666667,0.3011344373226166,0.14872297790702385
COHFACE_s14_session3_natural,45,165,50.5,0.41991597414016724,0.2042757100023789
COHFACE_s14_session3_natural,45,166,50.53333333333333,0.402131050825119,0.2440681380778283
COHFACE_s14_session3_natural,45,167,50.56666666666667,0.21765068173408508,0.275913264762861
COHFACE_s14_session3_natural,45,168,50.6,-0.01732800155878067,0.3066849849912062
COHFACE_s14_session3_natural,45,169,50.63333333333333,-0.22659845650196075,0.33826102025502947
COHFACE_s14_session3_natural,45,170,50.666666666666664,-0.3730945587158203,0.36509842546690696
COHFACE_s14_session3_natural,45,171,50.7,-0.4494711458683014,0.3747130053337833
COHFACE_s14_session3_natural,45,172,50.733333333333334,-0.49748703837394714,0.35143252193486646
COHFACE_s14_session3_natural,45,173,50.766666666666666,-0.5756999254226685,0.2825201388874553
COHFACE_s14_session3_natural,45,174,50.8,-0.675948441028595,0.1646008390639196
COHFACE_s14_session3_natural,45,175,50.833333333333336,-0.7597382068634033,0.007763736234911495
COHFACE_s14_session3_natural,45,176,50.86666666666667,-0.8009530305862427,-0.16485066262814613
COHFACE_s14_session3_natural,45,177,50.9,-0.7446057200431824,-0.32257999149787775
COHFACE_s14_session3_natural,45,178,50.93333333333333,-0.30950409173965454,-0.43618257907830343
COHFACE_s14_session3_natural,45,179,50.96666666666667,0.6396601796150208,-0.48667101669352014
COHFACE_s14_session3_natural,45,180,51.0,1.4421242475509644,-0.47036018490578185
COHFACE_s14_session3_natural,45,181,51.03333333333333,1.6477560997009277,-0.39827285201930884
COHFACE_s14_session3_natural,45,182,51.06666666666667,1.464874029159546,-0.2909350869554674
COHFACE_s14_session3_natural,45,183,51.1,1.111283779144287,-0.17150583503344005
COHFACE_s14_session3_natural,45,184,51.13333333333333,0.7130442261695862,-0.05985838782768661
COHFACE_s14_session3_natural,45,185,51.166666666666664,0.5661400556564331,0.031195187523434472
COHFACE_s14_session3_natural,45,186,51.2,0.7062771320343018,0.09726194732885567
COHFACE_s14_session3_natural,45,187,51.233333333333334,0.7784370183944702,0.1414101693531583
COHFACE_s14_session3_natural,45,188,51.266666666666666,0.6340832710266113,0.1714177707021044
COHFACE_s14_session3_natural,45,189,51.3,0.3845161497592926,0.1961698460260007
COHFACE_s14_session3_natural,45,190,51.333333333333336,0.14209024608135223,0.2222825025076658
COHFACE_s14_session3_natural,45,191,51.36666666666667,-0.04055382311344147,0.25186248300795144
COHFACE_s14_session3_natural,45,192,51.4,-0.13801386952400208,0.28195494226321993
COHFACE_s14_session3_natural,45,193,51.43333333333333,-0.20949363708496094,0.30575204823178664
COHFACE_s14_session3_natural,45,194,51.46666666666667,-0.2981122136116028,0.31510958722078664
COHFACE_s14_session3_natural,45,195,51.5,-0.42427298426628113,0.3035001894008474
COHFACE_s14_session3_natural,45,196,51.53333333333333,-0.5432586073875427,0.2683769373994031
COHFACE_s14_session3_natural,45,197,51.56666666666667,-0.6262322664260864,0.21210362833902605
COHFACE_s14_session3_natural,45,198,51.6,-0.6392223834991455,0.1411092766085928
COHFACE_s14_session3_natural,45,199,51.63333333333333,-0.2697855532169342,0.06363380048825765
COHFACE_s14_session3_natural,45,200,51.666666666666664,0.6130678057670593,-0.012915190666434114
COHFACE_s14_session3_natural,45,201,51.7,1.3545938730239868,-0.0837992479697656
COHFACE_s14_session3_natural,45,202,51.733333333333334,1.5303688049316406,-0.1472809252613943
COHFACE_s14_session3_natural,45,203,51.766666666666666,1.315895438194275,-0.2035704954309527
COHFACE_s14_session3_natural,45,204,51.8,0.9272454977035522,-0.25313170695919535
COHFACE_s14_session3_natural,45,205,51.833333333333336,0.47228461503982544,-0.2952682070855478
COHFACE_s14_session3_natural,45,206,51.86666666666667,0.24852776527404785,-0.32764649569594434
COHFACE_s14_session3_natural,45,207,51.9,0.3149406909942627,-0.34686820747307706
COHFACE_s14_session3_natural,45,208,51.93333333333333,0.37268221378326416,-0.3496658641925985
COHFACE_s14_session3_natural,45,209,51.96666666666667,0.24121657013893127,-0.334083222841308
COHFACE_s14_session3_natural,45,210,52.0,-0.013655396178364754,-0.3002094935685735
COHFACE_s14_session3_natural,45,211,52.03333333333333,-0.27447834610939026,-0.2503547833602735
COHFACE_s14_session3_natural,45,212,52.06666666666667,-0.4595367908477783,-0.18868223209501092
COHFACE_s14_session3_natural,45,213,52.1,-0.5758699774742126,-0.12036056395287999
COHFACE_s14_session3_natural,45,214,52.13333333333333,-0.6654406785964966,-0.05046505883566253
COHFACE_s14_session3_natural,45,215,52.166666666666664,-0.7704499959945679,0.016944582774848237
COHFACE_s14_session3_natural,45,216,52.2,-0.8837566375732422,0.07911677552125447
COHFACE_s14_session3_natural,45,217,52.233333333333334,-1.0031503438949585,0.13410447855768762
COHFACE_s14_session3_natural,45,218,52.266666666666666,-1.0767384767532349,0.179809106976341
COHFACE_s14_session3_natural,45,219,52.3,-0.9702668786048889,0.21328261399929452
COHFACE_s14_session3_natural,45,220,52.333333333333336,-0.30287301540374756,0.2309088715034835
COHFACE_s14_session3_natural,45,221,52.36666666666667,0.7663990259170532,0.22960037527930108
COHFACE_s14_session3_natural,45,222,52.4,1.4937447309494019,0.2085573286927057
COHFACE_s14_session3_natural,45,223,52.43333333333333,1.5899466276168823,0.1707425223880615
COHFACE_s14_session3_natural,45,224,52.46666666666667,1.3423517942428589,0.1232257602857996
COHFACE_s14_session3_natural,45,225,52.5,0.9753974080085754,0.07596681203049176
COHFACE_s14_session3_natural,45,226,52.53333333333333,0.5626375079154968,0.03927354529454383
COHFACE_s14_session3_natural,45,227,52.56666666666667,0.37040382623672485,0.02079112767319712
COHFACE_s14_session3_natural,45,228,52.6,0.4379729628562927,0.023145893714561938
COHFACE_s14_session3_natural,45,229,52.63333333333333,0.4495348632335663,0.043122150461154744
COHFACE_s14_session3_natural,45,230,52.666666666666664,0.2658706307411194,0.07260636147321578
COHFACE_s14_session3_natural,45,231,52.7,-0.008452539332211018,0.10092780071047928
COHFACE_s14_session3_natural,45,232,52.733333333333334,-0.2507764399051666,0.11795943351945226
COHFACE_s14_session3_natural,45,233,52.766666666666666,-0.461849182844162,0.11719456651129705
COHFACE_s14_session3_natural,45,234,52.8,-0.5910704731941223,0.09778725262817313
COHFACE_s14_session3_natural,45,235,52.833333333333336,-0.6558511257171631,0.0645890161242924
COHFACE_s14_session3_natural,45,236,52.86666666666667,-0.7448777556419373,0.02589489178107653
COHFACE_s14_session3_natural,45,237,52.9,-0.8564161658287048,-0.01027126287809657
COHFACE_s14_session3_natural,45,238,52.93333333333333,-0.9405120015144348,-0.039566634067712755
COHFACE_s14_session3_natural,45,239,52.96666666666667,-0.9592150449752808,-0.06263118981721509
COHFACE_s14_session3_natural,46,0,46.0,0.43929916620254517,0.009060624469641534
COHFACE_s14_session3_natural,46,1,46.03333333333333,1.2623026371002197,2.5823090722559288
COHFACE_s14_session3_natural,46,2,46.06666666666667,1.4598071575164795,4.762955499915249
COHFACE_s14_session3_natural,46,3,46.1,1.2455378770828247,6.254328310570429
COHFACE_s14_session3_natural,46,4,46.13333333333333,0.8291733860969543,6.924106492990995
COHFACE_s14_session3_natural,46,5,46.166666666666664,0.38557031750679016,6.820769212510509
COHFACE_s14_session3_natural,46,6,46.2,0.22751231491565704,6.132870901693871
COHFACE_s14_session3_natural,46,7,46.233333333333334,0.3170490562915802,5.113908667441119
COHFACE_s14_session3_natural,46,8,46.266666666666666,0.33888065814971924,4.005686652268624
COHFACE_s14_session3_natural,46,9,46.3,0.14487870037555695,2.9846453249087435
COHFACE_s14_session3_natural,46,10,46.333333333333336,-0.13879600167274475,2.1409584784625917
COHFACE_s14_session3_natural,46,11,46.36666666666667,-0.41179293394088745,1.4871747933464328
COHFACE_s14_session3_natural,46,12,46.4,-0.6287146806716919,0.9850942719332524
COHFACE_s14_session3_natural,46,13,46.43333333333333,-0.761676549911499,0.5773762220136964
COHFACE_s14_session3_natural,46,14,46.46666666666667,-0.8470646142959595,0.21306659842746242
COHFACE_s14_session3_natural,46,15,46.5,-0.94353848695755,-0.13839066025614216
COHFACE_s14_session3_natural,46,16,46.53333333333333,-1.0598036050796509,-0.4845629018655099
COHFACE_s14_session3_natural,46,17,46.56666666666667,-1.173858404159546,-0.8152373595690363
COHFACE_s14_session3_natural,46,18,46.6,-1.2486706972122192,-1.1110685028488627
COHFACE_s14_session3_natural,46,19,46.63333333333333,-1.2674418687820435,-1.3522797295506737
COHFACE_s14_session3_natural,46,20,46.666666666666664,-0.9896160960197449,-1.5252422750122423
COHFACE_s14_session3_natural,46,21,46.7,-0.1278121918439865,-1.6257595334759296
COHFACE_s14_session3_natural,46,22,46.733333333333334,0.8230863809585571,-1.6588636673843768
COHFACE_s14_session3_natural,46,23,46.766666666666666,1.2141166925430298,-1.635911881535483
COHFACE_s14_session3_natural,46,24,46.8,1.094757080078125,-1.570541479760008
COHFACE_s14_session3_natural,46,25,46.833333333333336,0.7232459187507629,-1.475188250120636
COHFACE_s14_session3_natural,46,26,46.86666666666667,0.2516222894191742,-1.35922785509612
COHFACE_s14_session3_natural,46,27,46.9,0.0033814087510108948,-1.2288515612529674
COHFACE_s14_session3_natural,46,28,46.93333333333333,0.07642543315887451,-1.0881281876605138
COHFACE_s14_session3_natural,46,29,46.96666666666667,0.19459488987922668,-0.9404667068116617
COHFACE_s14_session3_natural,46,30,47.0,0.10672442615032196,-0.7897497689234366
COHFACE_s14_session3_natural,46,31,47.03333333333333,-0.1473994106054306,-0.6406575666073997
COHFACE_s14_session3_natural,46,32,47.06666666666667,-0.4189341068267822,-0.49807393976035547
COHFACE_s14_session3_natural,46,33,47.1,-0.606270968914032,-0.36588461097028796
COHFACE_s14_session3_natural,46,34,47.13333333333333,-0.737124502658844,-0.24581077132386195
COHFACE_s14_session3_natural,46,35,47.166666666666664,-0.8304698467254639,-0.13696541679014787
COHFACE_s14_session3_natural,46,36,47.2,-0.9148717522621155,-0.036480851392008684
COHFACE_s14_session3_natural,46,37,47.233333333333334,-1.000735878944397,0.058991026224824966
COHFACE_s14_session3_natural,46,38,47.266666666666666,-1.1046570539474487,0.15155646677652743
COHFACE_s14_session3_natural,46,39,47.3,-1.1883788108825684,0.24090237195187178
COHFACE_s14_session3_natural,46,40,47.333333333333336,-1.1933096647262573,0.3241527840728466
COHFACE_s14_session3_natural,46,41,47.36666666666667,-0.9119812846183777,0.3967708600155874
COHFACE_s14_session3_natural,46,42,47.4,-0.0642557293176651,0.4541036013868913
COHFACE_s14_session3_natural,46,43,47.43333333333333,0.9024214148521423,0.49295627003526876
COHFACE_s14_session3_natural,46,44,47.46666666666667,1.3236147165298462,0.5126127456187715
COHFACE_s14_session3_natural,46,45,47.5,1.241151213645935,0.5149695590623613
COHFACE_s14_session3_natural,46,46,47.53333333333333,0.9384333491325378,0.5038248408597156
COHFACE_s14_session3_natural,46,47,47.56666666666667,0.49506837129592896,0.4836649745897577
COHFACE_s14_session3_natural,46,48,47.6,0.18507331609725952,0.45838545876646514
COHFACE_s14_session3_natural,46,49,47.63333333333333,0.1885758936405182,0.43031925788375197
COHFACE_s14_session3_natural,46,50,47.666666666666664,0.2838935852050781,0.3998340033658881
COHFACE_s14_session3_natural,46,51,47.7,0.21384206414222717,0.3656227841867329
COHFACE_s14_session3_natural,46,52,47.733333333333334,-0.00767041090875864,0.325625293975316
COHFACE_s14_session3_natural,46,53,47.766666666666666,-0.2707037031650543,0.27826380532415085
COHFACE_s14_session3_natural,46,54,47.8,-0.493032306432724,0.22345814388531796
COHFACE_s14_session3_natural,46,55,47.833333333333336,-0.6473497152328491,0.16294512227931165
COHFACE_s14_session3_natural,46,56,47.86666666666667,-0.731717586517334,0.09985118675093788
COHFACE_s14_session3_natural,46,57,47.9,-0.7995927929878235,0.03789922676023354
COHFACE_s14_session3_natural,46,58,47.93333333333333,-0.9007594585418701,-0.019296443813624047
COHFACE_s14_session3_natural,46,59,47.96666666666667,-1.0229415893554688,-0.06863673908028747
COHFACE_s14_session3_natural,46,60,48.0,-1.1067653894424438,-0.10773042693234827
COHFACE_s14_session3_natural,46,61,48.03333333333333,-1.1170010566711426,-0.1350826328856736
COHFACE_s14_session3_natural,46,62,48.06666666666667,-0.8310139775276184,-0.1503728705060781
COHFACE_s14_session3_natural,46,63,48.1,0.05183938518166542,-0.15467233270023364
COHFACE_s14_session3_natural,46,64,48.13333333333333,1.0796586275100708,-0.15030236891290513
COHFACE_s14_session3_natural,46,65,48.166666666666664,1.5517923831939697,-0.1401956786670067
COHFACE_s14_session3_natural,46,66,48.2,1.5058847665786743,-0.127040337849063
COHFACE_s14_session3_natural,46,67,48.233333333333334,1.2625746726989746,-0.11271355980377203
COHFACE_s14_session3_natural,46,68,48.266666666666666,0.8405652642250061,-0.09824312145600382
COHFACE_s14_session3_natural,46,69,48.3,0.4560299217700958,-0.08410498815614263
COHFACE_s14_session3_natural,46,70,48.333333333333336,0.4012129008769989,-0.07053473098220679
COHFACE_s14_session3_natural,46,71,48.36666666666667,0.4783376157283783,-0.05771672625678417
COHFACE_s14_session3_natural,46,72,48.4,0.42389464378356934,-0.04595075701316928
COHFACE_s14_session3_natural,46,73,48.43333333333333,0.18537937104701996,-0.035896444074406376
COHFACE_s14_session3_natural,46,74,48.46666666666667,-0.0759536549448967,-0.028736441894559164
COHFACE_s14_session3_natural,46,75,48.5,-0.30389317870140076,-0.025974662011874552
COHFACE_s14_session3_natural,46,76,48.53333333333333,-0.48296666145324707,-0.02886468273699462
COHFACE_s14_session3_natural,46,77,48.56666666666667,-0.587125837802887,-0.037793751049256766
COHFACE_s14_session3_natural,46,78,48.6,-0.6652366518974304,-0.051928427695032954
COHFACE_s14_session3_natural,46,79,48.63333333333333,-0.7716401815414429,-0.0692020806143671
COHFACE_s14_session3_natural,46,80,48.666666666666664,-0.8938903212547302,-0.08659740299320956
COHFACE_s14_session3_natural,46,81,48.7,-0.9786322712898254,-0.10067129090925071
COHFACE_s14_session3_natural,46,82,48.733333333333334,-1.0138280391693115,-0.10825816775568858
COHFACE_s14_session3_natural,46,83,48.766666666666666,-0.8449222445487976,-0.10719588594289625
COHFACE_s14_session3_natural,46,84,48.8,-0.1188347116112709,-0.09679972279283004
COHFACE_s14_session3_natural,46,85,48.833333333333336,0.9291498064994812,-0.0778654954483863
COHFACE_s14_session3_natural,46,86,48.86666666666667,1.5209152698516846,-0.05227608933628843
COHFACE_s14_session3_natural,46,87,48.9,1.542508840560913,-0.02251276013686296
COHFACE_s14_session3_natural,46,88,48.93333333333333,1.3150113821029663,0.008715011278117248
COHFACE_s14_session3_natural,46,89,48.96666666666667,0.9029995203018188,0.03870168316817352
COHFACE_s14_session3_natural,46,90,49.0,0.49846890568733215,0.06486140118020142
COHFACE_s14_session3_natural,46,91,49.03333333333333,0.3790072500705719,0.0847438798776832
COHFACE_s14_session3_natural,46,92,49.06666666666667,0.48126208782196045,0.09607431373500845
COHFACE_s14_session3_natural,46,93,49.1,0.46327313780784607,0.09703150752826045
COHFACE_s14_session3_natural,46,94,49.13333333333333,0.24927589297294617,0.08686478158689004
COHFACE_s14_session3_natural,46,95,49.166666666666664,-0.03660917654633522,0.06665129162281677
COHFACE_s14_session3_natural,46,96,49.2,-0.27930712699890137,0.03971053535715348
COHFACE_s14_session3_natural,46,97,49.233333333333334,-0.4586866497993469,0.011200808079880538
COHFACE_s14_session3_natural,46,98,49.266666666666666,-0.5639339685440063,-0.013171364789785863
COHFACE_s14_session3_natural,46,99,49.3,-0.6371820569038391,-0.028854531487821862
COHFACE_s14_session3_natural,46,100,49.333333333333336,-0.7310035228729248,-0.03379938392668526
COHFACE_s14_session3_natural,46,101,49.36666666666667,-0.8587965369224548,-0.028850309404936887
COHFACE_s14_session3_natural,46,102,49.4,-0.9708790183067322,-0.017119338123989147
COHFACE_s14_session3_natural,46,103,49.43333333333333,-1.0133860111236572,-0.0027469318443611554
COHFACE_s14_session3_natural,46,104,49.46666666666667,-0.9367373585700989,0.010473711237450577
COHFACE_s14_session3_natural,46,105,49.5,-0.41917216777801514,0.02026123546938974
COHFACE_s14_session3_natural,46,106,49.53333333333333,0.5809664726257324,0.026505061475366097
COHFACE_s14_session3_natural,46,107,49.56666666666667,1.3464325666427612,0.031193514750463263
COHFACE_s14_session3_natural,46,108,49.6,1.4921125173568726,0.03762838191991844
COHFACE_s14_session3_natural,46,109,49.63333333333333,1.2991987466812134,0.049237113822980606
COHFACE_s14_session3_natural,46,110,49.666666666666664,0.8958243131637573,0.06842042601494147
COHFACE_s14_session3_natural,46,111,49.7,0.4544996917247772,0.09574253105674951
COHFACE_s14_session3_natural,46,112,49.733333333333334,0.2865460216999054,0.12949427753197607
COHFACE_s14_session3_natural,46,113,49.766666666666666,0.36489492654800415,0.16554016312881428
COHFACE_s14_session3_natural,46,114,49.8,0.4010428786277771,0.1975424326508685
COHFACE_s14_session3_natural,46,115,49.833333333333336,0.24070648849010468,0.2178383336071065
COHFACE_s14_session3_natural,46,116,49.86666666666667,-0.04028178006410599,0.21908510754515975
COHFACE_s14_session3_natural,46,117,49.9,-0.29950645565986633,0.19631691220888509
COHFACE_s14_session3_natural,46,118,49.93333333333333,-0.4791920483112335,0.14860323205555157
COHFACE_s14_session3_natural,46,119,49.96666666666667,-0.6103176474571228,0.07946072346809564
COHFACE_s14_session3_natural,46,120,50.0,-0.6737040877342224,-0.004275988163443146
COHFACE_s14_session3_natural,46,121,50.03333333333333,-0.7380766868591309,-0.09455761555016542
COHFACE_s14_session3_natural,46,122,50.06666666666667,-0.8424058556556702,-0.1840114692213192
COHFACE_s14_session3_natural,46,123,50.1,-0.9649620056152344,-0.2665753832717238
COHFACE_s14_session3_natural,46,124,50.13333333333333,-1.0600756406784058,-0.33677535275075
COHFACE_s14_session3_natural,46,125,50.166666666666664,-1.0695291757583618,-0.38859903729168876
COHFACE_s14_session3_natural,46,126,50.2,-0.8619250655174255,-0.4152645964824333
COHFACE_s14_session3_natural,46,127,50.233333333333334,-0.104348324239254,-0.41059524971241884
COHFACE_s14_session3_natural,46,128,50.266666666666666,0.8914716243743896,-0.3715554430491844
COHFACE_s14_session3_natural,46,129,50.3,1.424883484840393,-0.3005686994048018
COHFACE_s14_session3_natural,46,130,50.333333333333336,1.386695146560669,-0.20616715008462555
COHFACE_s14_session3_natural,46,131,50.36666666666667,1.0943490266799927,-0.10132586759928118
COHFACE_s14_session3_natural,46,132,50.4,0.6688369512557983,-1.3741057629004924e-05
COHFACE_s14_session3_natural,46,133,50.43333333333333,0.3252103924751282,0.08665048728197483
COHFACE_s14_session3_natural,46,134,50.46666666666667,0.3011344373226166,0.1531661895167143
COHFACE_s14_session3_natural,46,135,50.5,0.41991597414016724,0.20042271443920107
COHFACE_s14_session3_natural,46,136,50.53333333333333,0.402131050825119,0.23431624740889934
COHFACE_s14_session3_natural,46,137,50.56666666666667,0.21765068173408508,0.26271162576665913
COHFACE_s14_session3_natural,46,138,50.6,-0.01732800155878067,0.2916762312368369
COHFACE_s14_session3_natural,46,139,50.63333333333333,-0.22659845650196075,0.3221491234670579
COHFACE_s14_session3_natural,46,140,50.666666666666664,-0.3730945587158203,0.34826201691692293
COHFACE_s14_session3_natural,46,141,50.7,-0.4494711458683014,0.3582154026776331
COHFACE_s14_session3_natural,46,142,50.733333333333334,-0.49748703837394714,0.33782741370020075
COHFACE_s14_session3_natural,46,143,50.766666666666666,-0.5756999254226685,0.2758608778730205
COHFACE_s14_session3_natural,46,144,50.8,-0.675948441028595,0.16939997504799353
COHFACE_s14_session3_natural,46,145,50.833333333333336,-0.7597382068634033,0.027201636069966114
COHFACE_s14_session3_natural,46,146,50.86666666666667,-0.8009530305862427,-0.1306861341296759
COHFACE_s14_session3_natural,46,147,50.9,-0.7446057200431824,-0.2775283444067534
COHFACE_s14_session3_natural,46,148,50.93333333333333,-0.30950409173965454,-0.3874140536037106
COHFACE_s14_session3_natural,46,149,50.96666666666667,0.6396601796150208,-0.4428338819005921
COHFACE_s14_session3_natural,46,150,51.0,1.4421242475509644,-0.4391982063464165
COHFACE_s14_session3_natural,46,151,51.03333333333333,1.6477560997009277,-0.38458578778720337
COHFACE_s14_session3_natural,46,152,51.06666666666667,1.464874029159546,-0.2955177277220371
COHFACE_s14_session3_natural,46,153,51.1,1.111283779144287,-0.1912671787062113
COHFACE_s14_session3_natural,46,154,51.13333333333333,0.7130442261695862,-0.08890972403893425
COHFACE_s14_session3_natural,46,155,51.166666666666664,0.5661400556564331,-6.632715353852708e-05
COHFACE_s14_session3_natural,46,156,51.2,0.7062771320343018,0.07041202019054398
COHFACE_s14_session3_natural,46,157,51.233333333333334,0.7784370183944702,0.12379659579400118
COHFACE_s14_session3_natural,46,158,51.266666666666666,0.6340832710266113,0.16523230062641128
COHFACE_s14_session3_natural,46,159,51.3,0.3845161497592926,0.20071039393067028
COHFACE_s14_session3_natural,46,160,51.333333333333336,0.14209024608135223,0.2342617841902732
COHFACE_s14_session3_natural,46,161,51.36666666666667,-0.04055382311344147,0.26619336149690426
COHFACE_s14_session3_natural,46,162,51.4,-0.13801386952400208,0.2927944662158985
COHFACE_s14_session3_natural,46,163,51.43333333333333,-0.20949363708496094,0.3075140511389816
COHFACE_s14_session3_natural,46,164,51.46666666666667,-0.2981122136116028,0.30326345925633064
COHFACE_s14_session3_natural,46,165,51.5,-0.42427298426628113,0.2751888997900043
COHFACE_s14_session3_natural,46,166,51.53333333333333,-0.5432586073875427,0.2229752809617447
COHFACE_s14_session3_natural,46,167,51.56666666666667,-0.6262322664260864,0.15169398043637372
COHFACE_s14_session3_natural,46,168,51.6,-0.6392223834991455,0.07061449141950087
COHFACE_s14_session3_natural,46,169,51.63333333333333,-0.2697855532169342,-0.009726511906958696
COHFACE_s14_session3_natural,46,170,51.666666666666664,0.6130678057670593,-0.080923529277172
COHFACE_s14_session3_natural,46,171,51.7,1.3545938730239868,-0.13893990926964456
COHFACE_s14_session3_natural,46,172,51.733333333333334,1.5303688049316406,-0.1842380512474843
COHFACE_s14_session3_natural,46,173,51.766666666666666,1.315895438194275,-0.22004047153432013
COHFACE_s14_session3_natural,46,174,51.8,0.9272454977035522,-0.24982241610996547
COHFACE_s14_session3_natural,46,175,51.833333333333336,0.47228461503982544,-0.2752938136839819
COHFACE_s14_session3_natural,46,176,51.86666666666667,0.24852776527404785,-0.295646336587304
COHFACE_s14_session3_natural,46,177,51.9,0.3149406909942627,-0.3080791182017539
COHFACE_s14_session3_natural,46,178,51.93333333333333,0.37268221378326416,-0.3090216443630006
COHFACE_s14_session3_natural,46,179,51.96666666666667,0.24121657013893127,-0.29536163077907773
COHFACE_s14_session3_natural,46,180,52.0,-0.013655396178364754,-0.2653296760605631
COHFACE_s14_session3_natural,46,181,52.03333333333333,-0.27447834610939026,-0.21902955669462848
COHFACE_s14_session3_natural,46,182,52.06666666666667,-0.4595367908477783,-0.1585880636901808
COHFACE_s14_session3_natural,46,183,52.1,-0.5758699774742126,-0.08778822445995735
COHFACE_s14_session3_natural,46,184,52.13333333333333,-0.6654406785964966,-0.011210140817021933
COHFACE_s14_session3_natural,46,185,52.166666666666664,-0.7704499959945679,0.06673295467370256
COHFACE_s14_session3_natural,46,186,52.2,-0.8837566375732422,0.14225211324261433
COHFACE_s14_session3_natural,46,187,52.233333333333334,-1.0031503438949585,0.2117731759216055
COHFACE_s14_session3_natural,46,188,52.266666666666666,-1.0767384767532349,0.2710013784330661
COHFACE_s14_session3_natural,46,189,52.3,-0.9702668786048889,0.31435675390490603
COHFACE_s14_session3_natural,46,190,52.333333333333336,-0.30287301540374756,0.3355502740112933
COHFACE_s14_session3_natural,46,191,52.36666666666667,0.7663990259170532,0.3294003897417846
COHFACE_s14_session3_natural,46,192,52.4,1.4937447309494019,0.29425267242893943
COHFACE_s14_session3_natural,46,193,52.43333333333333,1.5899466276168823,0.23391869659487366
COHFACE_s14_session3_natural,46,194,52.46666666666667,1.3423517942428589,0.1580816516732184
COHFACE_s14_session3_natural,46,195,52.5,0.9753974080085754,0.08065031697313817
COHFACE_s14_session3_natural,46,196,52.53333333333333,0.5626375079154968,0.016385455211149043
COHFACE_s14_session3_natural,46,197,52.56666666666667,0.37040382623672485,-0.023137678922993333
COHFACE_s14_session3_natural,46,198,52.6,0.4379729628562927,-0.03289243218494112
COHFACE_s14_session3_natural,46,199,52.63333333333333,0.4495348632335663,-0.016003111758048742
COHFACE_s14_session3_natural,46,200,52.666666666666664,0.2658706307411194,0.016905113290185986
COHFACE_s14_session3_natural,46,201,52.7,-0.008452539332211018,0.05046788480349364
COHFACE_s14_session3_natural,46,202,52.733333333333334,-0.2507764399051666,0.06883197166877372
COHFACE_s14_session3_natural,46,203,52.766666666666666,-0.461849182844162,0.06034318905886382
COHFACE_s14_session3_natural,46,204,52.8,-0.5910704731941223,0.02123585907938829
COHFACE_s14_session3_natural,46,205,52.833333333333336,-0.6558511257171631,-0.043062780727248604
COHFACE_s14_session3_natural,46,206,52.86666666666667,-0.7448777556419373,-0.11962718983285618
COHFACE_s14_session3_natural,46,207,52.9,-0.8564161658287048,-0.19216203361297088
COHFACE_s14_session3_natural,46,208,52.93333333333333,-0.9405120015144348,-0.24602353655010392
COHFACE_s14_session3_natural,46,209,52.96666666666667,-0.9592150449752808,-0.2722995868569711
COHFACE_s14_session3_natural,46,210,53.0,-0.780821681022644,-0.26962675767132543
COHFACE_s14_session3_natural,46,211,53.03333333333333,-0.038445476442575455,-0.24338917958175474
COHFACE_s14_session3_natural,46,212,53.06666666666667,1.0414363145828247,-0.202876270999408
COHFACE_s14_session3_natural,46,213,53.1,1.6825778484344482,-0.15760070916613028
COHFACE_s14_session3_natural,46,214,53.13333333333333,1.7281453609466553,-0.11417714477777287
COHFACE_s14_session3_natural,46,215,53.166666666666664,1.505544662475586,-0.07486493970001924
COHFACE_s14_session3_natural,46,216,53.2,1.0938389301300049,-0.038158589112476535
COHFACE_s14_session3_natural,46,217,53.233333333333334,0.6323149800300598,-0.0009660274681612072
COHFACE_s14_session3_natural,46,218,53.266666666666666,0.45548585057258606,0.03870842956599386
COHFACE_s14_session3_natural,46,219,53.3,0.5145875811576843,0.0798624957765867
COHFACE_s14_session3_natural,46,220,53.333333333333336,0.5059501528739929,0.11834848969442087
COHFACE_s14_session3_natural,46,221,53.36666666666667,0.32599252462387085,0.14858876041214686
COHFACE_s14_session3_natural,46,222,53.4,0.038985271006822586,0.166158355084606
COHFACE_s14_session3_natural,46,223,53.43333333333333,-0.2195252925157547,0.16971505962195538
COHFACE_s14_session3_natural,46,224,53.46666666666667,-0.3974425792694092,0.1613080908456203
COHFACE_s14_session3_natural,46,225,53.5,-0.5114973783493042,0.14516743689352826
COHFACE_s14_session3_natural,46,226,53.53333333333333,-0.5942670106887817,0.12580831741121004
COHFACE_s14_session3_natural,46,227,53.56666666666667,-0.7099200487136841,0.10637097501725927
COHFACE_s14_session3_natural,46,228,53.6,-0.8331562876701355,0.08773732856895936
COHFACE_s14_session3_natural,46,229,53.63333333333333,-0.9287460446357727,0.06854778469517656
COHFACE_s14_session3_natural,46,230,53.666666666666664,-0.967172384262085,0.04606382312065075
COHFACE_s14_session3_natural,46,231,53.7,-0.812242865562439,0.01771629777615486
COHFACE_s14_session3_natural,46,232,53.733333333333334,-0.08275477588176727,-0.017085707351491283
COHFACE_s14_session3_natural,46,233,53.766666666666666,1.0553785562515259,-0.05561808608727189
COHFACE_s14_session3_natural,46,234,53.8,1.8004072904586792,-0.09176197848568032
COHFACE_s14_session3_natural,46,235,53.833333333333336,1.9000096321105957,-0.1175471151763379
COHFACE_s14_session3_natural,46,236,53.86666666666667,1.697438359260559,-0.12588089777216419
COHFACE_s14_session3_natural,46,237,53.9,1.2920575141906738,-0.11334188251794954
COHFACE_s14_session3_natural,46,238,53.93333333333333,0.7905430197715759,-0.08182765118707364
COHFACE_s14_session3_natural,46,239,53.96666666666667,0.5552582740783691,-0.038357477618561384
COHFACE_s14_session3_natural,47,0,47.0,0.10672442615032196,0.004795933605074683
COHFACE_s14_session3_natural,47,1,47.03333333333333,-0.1473994106054306,2.5814830854989226
COHFACE_s14_session3_natural,47,2,47.06666666666667,-0.4189341068267822,4.757686815212748
COHFACE_s14_session3_natural,47,3,47.1,-0.606270968914032,6.231077419164384
COHFACE_s14_session3_natural,47,4,47.13333333333333,-0.737124502658844,6.867562236396569
COHFACE_s14_session3_natural,47,5,47.166666666666664,-0.8304698467254639,6.718382457721707
COHFACE_s14_session3_natural,47,6,47.2,-0.9148717522621155,5.978842634513179
COHFACE_s14_session3_natural,47,7,47.233333333333334,-1.000735878944397,4.91157737412568
COHFACE_s14_session3_natural,47,8,47.266666666666666,-1.1046570539474487,3.7676977582232984
COHFACE_s14_session3_natural,47,9,47.3,-1.1883788108825684,2.7308740415650945
COHFACE_s14_session3_natural,47,10,47.333333333333336,-1.1933096647262573,1.8946982576139095
COHFACE_s14_session3_natural,47,11,47.36666666666667,-0.9119812846183777,1.2705074620775845
COHFACE_s14_session3_natural,47,12,47.4,-0.0642557293176651,0.814626251585031
COHFACE_s14_session3_natural,47,13,47.43333333333333,0.9024214148521423,0.46157696793943565
COHFACE_s14_session3_natural,47,14,47.46666666666667,1.3236147165298462,0.15210029518306828
COHFACE_s14_session3_natural,47,15,47.5,1.241151213645935,-0.1503121085182143
COHFACE_s14_session3_natural,47,16,47.53333333333333,0.9384333491325378,-0.4554629656130129
COHFACE_s14_session3_natural,47,17,47.56666666666667,0.49506837129592896,-0.7522167532791453
COHFACE_s14_session3_natural,47,18,47.6,0.18507331609725952,-1.0191896041294588
COHFACE_s14_session3_natural,47,19,47.63333333333333,0.1885758936405182,-1.2355642082199143
COHFACE_s14_session3_natural,47,20,47.666666666666664,0.2838935852050781,-1.3886029732815162
COHFACE_s14_session3_natural,47,21,47.7,0.21384206414222717,-1.4764090280537339
COHFACE_s14_session3_natural,47,22,47.733333333333334,-0.00767041090875864,-1.5063706485677608
COHFACE_s14_session3_natural,47,23,47.766666666666666,-0.2707037031650543,-1.49103123683292
COHFACE_s14_session3_natural,47,24,47.8,-0.493032306432724,-1.443589069051603
COHFACE_s14_session3_natural,47,25,47.833333333333336,-0.6473497152328491,-1.3747664345598465
COHFACE_s14_session3_natural,47,26,47.86666666666667,-0.731717586517334,-1.2916571411518847
COHFACE_s14_session3_natural,47,27,47.9,-0.7995927929878235,-1.1980515719768523
COHFACE_s14_session3_natural,47,28,47.93333333333333,-0.9007594585418701,-1.09528302380839
COHFACE_s14_session3_natural,47,29,47.96666666666667,-1.0229415893554688,-0.9829676699696758
COHFACE_s14_session3_natural,47,30,48.0,-1.1067653894424438,-0.8597223653673278
COHFACE_s14_session3_natural,47,31,48.03333333333333,-1.1170010566711426,-0.7242779977562004
COHFACE_s14_session3_natural,47,32,48.06666666666667,-0.8310139775276184,-0.576967042403039
COHFACE_s14_session3_natural,47,33,48.1,0.05183938518166542,-0.42089851849352355
COHFACE_s14_session3_natural,47,34,48.13333333333333,1.0796586275100708,-0.2620071271484613
COHFACE_s14_session3_natural,47,35,48.166666666666664,1.5517923831939697,-0.10774642186051331
COHFACE_s14_session3_natural,47,36,48.2,1.5058847665786743,0.03492068833945571
COHFACE_s14_session3_natural,47,37,48.233333333333334,1.2625746726989746,0.16113990853490356
COHFACE_s14_session3_natural,47,38,48.266666666666666,0.8405652642250061,0.2686998082247999
COHFACE_s14_session3_natural,47,39,48.3,0.4560299217700958,0.3575493508452548
COHFACE_s14_session3_natural,47,40,48.333333333333336,0.4012129008769989,0.42880168050193446
COHFACE_s14_session3_natural,47,41,48.36666666666667,0.4783376157283783,0.48371923455995725
COHFACE_s14_session3_natural,47,42,48.4,0.42389464378356934,0.522967400864989
COHFACE_s14_session3_natural,47,43,48.43333333333333,0.18537937104701996,0.5462842630554051
COHFACE_s14_session3_natural,47,44,48.46666666666667,-0.0759536549448967,0.5527104496342602
COHFACE_s14_session3_natural,47,45,48.5,-0.30389317870140076,0.5413997268863893
COHFACE_s14_session3_natural,47,46,48.53333333333333,-0.48296666145324707,0.5126537544285064
COHFACE_s14_session3_natural,47,47,48.56666666666667,-0.587125837802887,0.46857566483040497
COHFACE_s14_session3_natural,47,48,48.6,-0.6652366518974304,0.41296408026594084
COHFACE_s14_session3_natural,47,49,48.63333333333333,-0.7716401815414429,0.35053633005793167
COHFACE_s14_session3_natural,47,50,48.666666666666664,-0.8938903212547302,0.28587425620453455
COHFACE_s14_session3_natural,47,51,48.7,-0.9786322712898254,0.22253582189837398
COHFACE_s14_session3_natural,47,52,48.733333333333334,-1.0138280391693115,0.16266027808408265
COHFACE_s14_session3_natural,47,53,48.766666666666666,-0.8449222445487976,0.10718819330068535
COHFACE_s14_session3_natural,47,54,48.8,-0.1188347116112709,0.05657328103832921
COHFACE_s14_session3_natural,47,55,48.833333333333336,0.9291498064994812,0.011628698223744469
COHFACE_s14_session3_natural,47,56,48.86666666666667,1.5209152698516846,-0.025983845846774083
COHFACE_s14_session3_natural,47,57,48.9,1.542508840560913,-0.053993558392885777
COHFACE_s14_session3_natural,47,58,48.93333333333333,1.3150113821029663,-0.0704627000201748
COHFACE_s14_session3_natural,47,59,48.96666666666667,0.9029995203018188,-0.07499645653887198
COHFACE_s14_session3_natural,47,60,49.0,0.49846890568733215,-0.06963888581808317
COHFACE_s14_session3_natural,47,61,49.03333333333333,0.3790072500705719,-0.0589889923378359
COHFACE_s14_session3_natural,47,62,49.06666666666667,0.48126208782196045,-0.04932943749199771
COHFACE_s14_session3_natural,47,63,49.1,0.46327313780784607,-0.046909895250230954
COHFACE_s14_session3_natural,47,64,49.13333333333333,0.24927589297294617,-0.05590596551150604
COHFACE_s14_session3_natural,47,65,49.166666666666664,-0.03660917654633522,-0.07682838108097309
COHFACE_s14_session3_natural,47,66,49.2,-0.27930712699890137,-0.1061139893534631
COHFACE_s14_session3_natural,47,67,49.233333333333334,-0.4586866497993469,-0.1372002763539431
COHFACE_s14_session3_natural,47,68,49.266666666666666,-0.5639339685440063,-0.16269740504024816
COHFACE_s14_session3_natural,47,69,49.3,-0.6371820569038391,-0.17673497831862328
COHFACE_s14_session3_natural,47,70,49.333333333333336,-0.7310035228729248,-0.17653493533028922
COHFACE_s14_session3_natural,47,71,49.36666666666667,-0.8587965369224548,-0.16273652897497026
COHFACE_s14_session3_natural,47,72,49.4,-0.9708790183067322,-0.13865174626995697
COHFACE_s14_session3_natural,47,73,49.43333333333333,-1.0133860111236572,-0.10899334442684407
COHFACE_s14_session3_natural,47,74,49.46666666666667,-0.9367373585700989,-0.07849684637024214
COHFACE_s14_session3_natural,47,75,49.5,-0.41917216777801514,-0.05062824247116926
COHFACE_s14_session3_natural,47,76,49.53333333333333,0.5809664726257324,-0.02660446192966571
COHFACE_s14_session3_natural,47,77,49.56666666666667,1.3464325666427612,-0.005065761235040224
COHFACE_s14_session3_natural,47,78,49.6,1.4921125173568726,0.01738742551286737
COHFACE_s14_session3_natural,47,79,49.63333333333333,1.2991987466812134,0.04489329167942667
COHFACE_s14_session3_natural,47,80,49.666666666666664,0.8958243131637573,0.08064143966600375
COHFACE_s14_session3_natural,47,81,49.7,0.4544996917247772,0.1253023541676966
COHFACE_s14_session3_natural,47,82,49.733333333333334,0.2865460216999054,0.17603699800131284
COHFACE_s14_session3_natural,47,83,49.766666666666666,0.36489492654800415,0.22641470393492708
COHFACE_s14_session3_natural,47,84,49.8,0.4010428786277771,0.2673921594426169
COHFACE_s14_session3_natural,47,85,49.833333333333336,0.24070648849010468,0.28926390393775653
COHFACE_s14_session3_natural,47,86,49.86666666666667,-0.04028178006410599,0.2841679925289704
COHFACE_s14_session3_natural,47,87,49.9,-0.29950645565986633,0.24840615815372408
COHFACE_s14_session3_natural,47,88,49.93333333333333,-0.4791920483112335,0.18370132075548581
COHFACE_s14_session3_natural,47,89,49.96666666666667,-0.6103176474571228,0.09679015477890976
COHFACE_s14_session3_natural,47,90,50.0,-0.6737040877342224,-0.002545796641418882
COHFACE_s14_session3_natural,47,91,50.03333333333333,-0.7380766868591309,-0.10413533054834267
COHFACE_s14_session3_natural,47,92,50.06666666666667,-0.8424058556556702,-0.1995234671640593
COHFACE_s14_session3_natural,47,93,50.1,-0.9649620056152344,-0.2826062145028784
COHFACE_s14_session3_natural,47,94,50.13333333333333,-1.0600756406784058,-0.3487563599420254
COHFACE_s14_session3_natural,47,95,50.166666666666664,-1.0695291757583618,-0.39335027988129695
COHFACE_s14_session3_natural,47,96,50.2,-0.8619250655174255,-0.411029814578768
COHFACE_s14_session3_natural,47,97,50.233333333333334,-0.104348324239254,-0.39662079058143057
COHFACE_s14_session3_natural,47,98,50.266666666666666,0.8914716243743896,-0.3475384764757087
COHFACE_s14_session3_natural,47,99,50.3,1.424883484840393,-0.26640629734927457
COHFACE_s14_session3_natural,47,100,50.333333333333336,1.386695146560669,-0.16222188046395986
COHFACE_s14_session3_natural,47,101,50.36666666666667,1.0943490266799927,-0.049025714991764134
COHFACE_s14_session3_natural,47,102,50.4,0.6688369512557983,0.057637293211689006
COHFACE_s14_session3_natural,47,103,50.43333333333333,0.3252103924751282,0.14499735776236103
COHFACE_s14_session3_natural,47,104,50.46666666666667,0.3011344373226166,0.20633941161356265
COHFACE_s14_session3_natural,47,105,50.5,0.41991597414016724,0.24212395344313567
COHFACE_s14_session3_natural,47,106,50.53333333333333,0.402131050825119,0.25872683805193897
COHFACE_s14_session3_natural,47,107,50.56666666666667,0.21765068173408508,0.26537651109065685
COHFACE_s14_session3_natural,47,108,50.6,-0.01732800155878067,0.2702870889683179
COHFACE_s14_session3_natural,47,109,50.63333333333333,-0.22659845650196075,0.27713931388707874
COHFACE_s14_session3_natural,47,110,50.666666666666664,-0.3730945587158203,0.28308331039936063
COHFACE_s14_session3_natural,47,111,50.7,-0.4494711458683014,0.2791636500890604
COHFACE_s14_session3_natural,47,112,50.733333333333334,-0.49748703837394714,0.25335043596725026
COHFACE_s14_session3_natural,47,113,50.766666666666666,-0.5756999254226685,0.19540898553253994
COHFACE_s14_session3_natural,47,114,50.8,-0.675948441028595,0.10202891218488605
COHFACE_s14_session3_natural,47,115,50.833333333333336,-0.7597382068634033,-0.019755661515508713
COHFACE_s14_session3_natural,47,116,50.86666666666667,-0.8009530305862427,-0.15256638092687286
COHFACE_s14_session3_natural,47,117,50.9,-0.7446057200431824,-0.2727374628988248
COHFACE_s14_session3_natural,47,118,50.93333333333333,-0.30950409173965454,-0.35735533950337534
COHFACE_s14_session3_natural,47,119,50.96666666666667,0.6396601796150208,-0.3916172975117708
COHFACE_s14_session3_natural,47,120,51.0,1.4421242475509644,-0.3733272345597985
COHFACE_s14_session3_natural,47,121,51.03333333333333,1.6477560997009277,-0.312558769040007
COHFACE_s14_session3_natural,47,122,51.06666666666667,1.464874029159546,-0.2270526954249983
COHFACE_s14_session3_natural,47,123,51.1,1.111283779144287,-0.13590935168057341
COHFACE_s14_session3_natural,47,124,51.13333333333333,0.7130442261695862,-0.054166333612933354
COHFACE_s14_session3_natural,47,125,51.166666666666664,0.5661400556564331,0.010324198830968022
COHFACE_s14_session3_natural,47,126,51.2,0.7062771320343018,0.05733287216175081
COHFACE_s14_session3_natural,47,127,51.233333333333334,0.7784370183944702,0.0923115925261659
COHFACE_s14_session3_natural,47,128,51.266666666666666,0.6340832710266113,0.12300316655807608
COHFACE_s14_session3_natural,47,129,51.3,0.3845161497592926,0.1558916543625635
COHFACE_s14_session3_natural,47,130,51.333333333333336,0.14209024608135223,0.19362904518089713
COHFACE_s14_session3_natural,47,131,51.36666666666667,-0.04055382311344147,0.23407030689004094
COHFACE_s14_session3_natural,47,132,51.4,-0.13801386952400208,0.2710011310562946
COHFACE_s14_session3_natural,47,133,51.43333333333333,-0.20949363708496094,0.2961914812972541
COHFACE_s14_session3_natural,47,134,51.46666666666667,-0.2981122136116028,0.30208459448761527
COHFACE_s14_session3_natural,47,135,51.5,-0.42427298426628113,0.2842611271064143
COHFACE_s14_session3_natural,47,136,51.53333333333333,-0.5432586073875427,0.24285308923070162
COHFACE_s14_session3_natural,47,137,51.56666666666667,-0.6262322664260864,0.1823975447689761
COHFACE_s14_session3_natural,47,138,51.6,-0.6392223834991455,0.11019993264851231
COHFACE_s14_session3_natural,47,139,51.63333333333333,-0.2697855532169342,0.03391412550008396
COHFACE_s14_session3_natural,47,140,51.666666666666664,0.6130678057670593,-0.04057329923923964
COHFACE_s14_session3_natural,47,141,51.7,1.3545938730239868,-0.11002978262827426
COHFACE_s14_session3_natural,47,142,51.733333333333334,1.5303688049316406,-0.17331158197932198
COHFACE_s14_session3_natural,47,143,51.766666666666666,1.315895438194275,-0.2299017645077981
COHFACE_s14_session3_natural,47,144,51.8,0.9272454977035522,-0.27847132925095475
COHFACE_s14_session3_natural,47,145,51.833333333333336,0.47228461503982544,-0.31625690688392477
COHFACE_s14_session3_natural,47,146,51.86666666666667,0.24852776527404785,-0.3395920011892142
COHFACE_s14_session3_natural,47,147,51.9,0.3149406909942627,-0.3452987977959997
COHFACE_s14_session3_natural,47,148,51.93333333333333,0.37268221378326416,-0.3321039774102227
COHFACE_s14_session3_natural,47,149,51.96666666666667,0.24121657013893127,-0.3012204522625846
COHFACE_s14_session3_natural,47,150,52.0,-0.013655396178364754,-0.2558561795950701
COHFACE_s14_session3_natural,47,151,52.03333333333333,-0.27447834610939026,-0.20009033835261486
COHFACE_s14_session3_natural,47,152,52.06666666666667,-0.4595367908477783,-0.13772791472138454
COHFACE_s14_session3_natural,47,153,52.1,-0.5758699774742126,-0.07154862771831688
COHFACE_s14_session3_natural,47,154,52.13333333333333,-0.6654406785964966,-0.003173976326609625
COHFACE_s14_session3_natural,47,155,52.166666666666664,-0.7704499959945679,0.06638172074937833
COHFACE_s14_session3_natural,47,156,52.2,-0.8837566375732422,0.13563887091768217
COHFACE_s14_session3_natural,47,157,52.233333333333334,-1.0031503438949585,0.20148996701980582
COHFACE_s14_session3_natural,47,158,52.266666666666666,-1.0767384767532349,0.2585548376694468
COHFACE_s14_session3_natural,47,159,52.3,-0.9702668786048889,0.29959725946433674
COHFACE_s14_session3_natural,47,160,52.333333333333336,-0.30287301540374756,0.3171779184838297
COHFACE_s14_session3_natural,47,161,52.36666666666667,0.7663990259170532,0.30615741156189763
COHFACE_s14_session3_natural,47,162,52.4,1.4937447309494019,0.2661505792433013
COHFACE_s14_session3_natural,47,163,52.43333333333333,1.5899466276168823,0.20285063468711115
COHFACE_s14_session3_natural,47,164,52.46666666666667,1.3423517942428589,0.12745626565852425
COHFACE_s14_session3_natural,47,165,52.5,0.9753974080085754,0.05417210661738243
COHFACE_s14_session3_natural,47,166,52.53333333333333,0.5626375079154968,-0.0034095065408915764
COHFACE_s14_session3_natural,47,167,52.56666666666667,0.37040382623672485,-0.035789306300648506
COHFACE_s14_session3_natural,47,168,52.6,0.4379729628562927,-0.0398519377126791
COHFACE_s14_session3_natural,47,169,52.63333333333333,0.4495348632335663,-0.01948808196542206
COHFACE_s14_session3_natural,47,170,52.666666666666664,0.2658706307411194,0.015427389110507228
COHFACE_s14_session3_natural,47,171,52.7,-0.008452539332211018,0.051413779338248124
COHFACE_s14_session3_natural,47,172,52.733333333333334,-0.2507764399051666,0.0747133878794669
COHFACE_s14_session3_natural,47,173,52.766666666666666,-0.461849182844162,0.07494467259288587
COHFACE_s14_session3_natural,47,174,52.8,-0.5910704731941223,0.04808605793035183
COHFACE_s14_session3_natural,47,175,52.833333333333336,-0.6558511257171631,-0.0023147432373701723
COHFACE_s14_session3_natural,47,176,52.86666666666667,-0.7448777556419373,-0.06630386816234494
COHFACE_s14_session3_natural,47,177,52.9,-0.8564161658287048,-0.1307088248359934
COHFACE_s14_session3_natural,47,178,52.93333333333333,-0.9405120015144348,-0.18313178536514152
COHFACE_s14_session3_natural,47,179,52.96666666666667,-0.9592150449752808,-0.21524745826012615
COHFACE_s14_session3_natural,47,180,53.0,-0.780821681022644,-0.22437272154886578
COHFACE_s14_session3_natural,47,181,53.03333333333333,-0.038445476442575455,-0.21307941338258318
COHFACE_s14_session3_natural,47,182,53.06666666666667,1.0414363145828247,-0.18726602618831364
COHFACE_s14_session3_natural,47,183,53.1,1.6825778484344482,-0.1535126276521912
COHFACE_s14_session3_natural,47,184,53.13333333333333,1.7281453609466553,-0.11676377936752672
COHFACE_s14_session3_natural,47,185,53.166666666666664,1.505544662475586,-0.07925199778065879
COHFACE_s14_session3_natural,47,186,53.2,1.0938389301300049,-0.04099527539049739
COHFACE_s14_session3_natural,47,187,53.233333333333334,0.6323149800300598,-0.0014392433357986317
COHFACE_s14_session3_natural,47,188,53.266666666666666,0.45548585057258606,0.038739880729556135
COHFACE_s14_session3_natural,47,189,53.3,0.5145875811576843,0.07675485465355258
COHFACE_s14_session3_natural,47,190,53.333333333333336,0.5059501528739929,0.10839353386038081
COHFACE_s14_session3_natural,47,191,53.36666666666667,0.32599252462387085,0.12999867789904554
COHFACE_s14_session3_natural,47,192,53.4,0.038985271006822586,0.14048967571550125
COHFACE_s14_session3_natural,47,193,53.43333333333333,-0.2195252925157547,0.1419781127803975
COHFACE_s14_session3_natural,47,194,53.46666666666667,-0.3974425792694092,0.1384995359750982
COHFACE_s14_session3_natural,47,195,53.5,-0.5114973783493042,0.13371324448115204
COHFACE_s14_session3_natural,47,196,53.53333333333333,-0.5942670106887817,0.12903342863568812
COHFACE_s14_session3_natural,47,197,53.56666666666667,-0.7099200487136841,0.1232283889733854
COHFACE_s14_session3_natural,47,198,53.6,-0.8331562876701355,0.1134702435667091
COHFACE_s14_session3_natural,47,199,53.63333333333333,-0.9287460446357727,0.09697628512455067
COHFACE_s14_session3_natural,47,200,53.666666666666664,-0.967172384262085,0.0723344150850822
COHFACE_s14_session3_natural,47,201,53.7,-0.812242865562439,0.040091670958840024
COHFACE_s14_session3_natural,47,202,53.733333333333334,-0.08275477588176727,0.002641806447946996
COHFACE_s14_session3_natural,47,203,53.766666666666666,1.0553785562515259,-0.036364955889942555
COHFACE_s14_session3_natural,47,204,53.8,1.8004072904586792,-0.07288569988457826
COHFACE_s14_session3_natural,47,205,53.833333333333336,1.9000096321105957,-0.10342906449075516
COHFACE_s14_session3_natural,47,206,53.86666666666667,1.697438359260559,-0.12578293344065689
COHFACE_s14_session3_natural,47,207,53.9,1.2920575141906738,-0.13920691396669088
COHFACE_s14_session3_natural,47,208,53.93333333333333,0.7905430197715759,-0.1440190863299388
COHFACE_s14_session3_natural,47,209,53.96666666666667,0.5552582740783691,-0.14088161923885836
COHFACE_s14_session3_natural,47,210,54.0,0.6040562987327576,-0.13029863391760924
COHFACE_s14_session3_natural,47,211,54.03333333333333,0.6065046787261963,-0.1126842671509795
COHFACE_s14_session3_natural,47,212,54.06666666666667,0.41889581084251404,-0.08889739869725564
COHFACE_s14_session3_natural,47,213,54.1,0.12967820465564728,-0.06075094250702137
COHFACE_s14_session3_natural,47,214,54.13333333333333,-0.154676616191864,-0.031026372304769016
COHFACE_s14_session3_natural,47,215,54.166666666666664,-0.36170271039009094,-0.0029083108824237047
COHFACE_s14_session3_natural,47,216,54.2,-0.4954807162284851,0.020813370846336332
COHFACE_s14_session3_natural,47,217,54.233333333333334,-0.5761420130729675,0.03829584220571949
COHFACE_s14_session3_natural,47,218,54.266666666666666,-0.6767645478248596,0.04875153063493458
COHFACE_s14_session3_natural,47,219,54.3,-0.8089783191680908,0.05228602081029182
COHFACE_s14_session3_natural,47,220,54.333333333333336,-0.9216048717498779,0.04974078189349502
COHFACE_s14_session3_natural,47,221,54.36666666666667,-0.997165322303772,0.04263153554898608
COHFACE_s14_session3_natural,47,222,54.4,-0.9953629970550537,0.03303309241587207
COHFACE_s14_session3_natural,47,223,54.43333333333333,-0.5668244957923889,0.023238219376085566
COHFACE_s14_session3_natural,47,224,54.46666666666667,0.5006452798843384,0.015271157790059739
COHFACE_s14_session3_natural,47,225,54.5,1.513535976409912,0.010547418703330716
COHFACE_s14_session3_natural,47,226,54.53333333333333,1.8469609022140503,0.009855603596884935
COHFACE_s14_session3_natural,47,227,54.56666666666667,1.7089321613311768,0.013541481987691858
COHFACE_s14_session3_natural,47,228,54.6,1.3670399188995361,0.021609674330341343
COHFACE_s14_session3_natural,47,229,54.63333333333333,0.8662734627723694,0.033561270319644385
COHFACE_s14_session3_natural,47,230,54.666666666666664,0.5085005760192871,0.04807615698263145
COHFACE_s14_session3_natural,47,231,54.7,0.48734909296035767,0.06287065826582615
COHFACE_s14_session3_natural,47,232,54.733333333333334,0.5498853921890259,0.07500505338078457
COHFACE_s14_session3_natural,47,233,54.766666666666666,0.4176716208457947,0.08162446803659389
COHFACE_s14_session3_natural,47,234,54.8,0.1391657590866089,0.08080340857286471
COHFACE_s14_session3_natural,47,235,54.833333333333336,-0.14151644706726074,0.07206500993566066
COHFACE_s14_session3_natural,47,236,54.86666666666667,-0.3904034197330475,0.056347119675703584
COHFACE_s14_session3_natural,47,237,54.9,-0.5473052263259888,0.035507507771310585
COHFACE_s14_session3_natural,47,238,54.93333333333333,-0.6525185704231262,0.011668327174139738
COHFACE_s14_session3_natural,47,239,54.96666666666667,-0.7409671545028687,-0.01325599604057291
COHFACE_s14_session3_natural,48,0,48.0,-1.1067653894424438,0.009600235791479214
COHFACE_s14_session3_natural,48,1,48.03333333333333,-1.1170010566711426,2.5965219012022205
COHFACE_s14_session3_natural,48,2,48.06666666666667,-0.8310139775276184,4.789704386565802
COHFACE_s14_session3_natural,48,3,48.1,0.05183938518166542,6.290296256080041
COHFACE_s14_session3_natural,48,4,48.13333333333333,1.0796586275100708,6.963101696592131
COHFACE_s14_session3_natural,48,5,48.166666666666664,1.5517923831939697,6.854078999924314
COHFACE_s14_session3_natural,48,6,48.2,1.5058847665786743,6.15121056877951
COHFACE_s14_session3_natural,48,7,48.233333333333334,1.2625746726989746,5.110536014503669
COHFACE_s14_session3_natural,48,8,48.266666666666666,0.8405652642250061,3.9794553378254727
COHFACE_s14_session3_natural,48,9,48.3,0.4560299217700958,2.9416092872624406
COHFACE_s14_session3_natural,48,10,48.333333333333336,0.4012129008769989,2.093594415832293
COHFACE_s14_session3_natural,48,11,48.36666666666667,0.4783376157283783,1.4511246395931703
COHFACE_s14_session3_natural,48,12,48.4,0.42389464378356934,0.9742817317812721
COHFACE_s14_session3_natural,48,13,48.43333333333333,0.18537937104701996,0.5991650432153727
COHFACE_s14_session3_natural,48,14,48.46666666666667,-0.0759536549448967,0.26548569647930254
COHFACE_s14_session3_natural,48,15,48.5,-0.30389317870140076,-0.0659142918532464
COHFACE_s14_session3_natural,48,16,48.53333333333333,-0.48296666145324707,-0.40721773579759635
COHFACE_s14_session3_natural,48,17,48.56666666666667,-0.587125837802887,-0.7476325251429246
COHFACE_s14_session3_natural,48,18,48.6,-0.6652366518974304,-1.06322348584587
COHFACE_s14_session3_natural,48,19,48.63333333333333,-0.7716401815414429,-1.3279852797328213
COHFACE_s14_session3_natural,48,20,48.666666666666664,-0.8938903212547302,-1.5225873777462466
COHFACE_s14_session3_natural,48,21,48.7,-0.9786322712898254,-1.639023280923371
COHFACE_s14_session3_natural,48,22,48.733333333333334,-1.0138280391693115,-1.6810398468722412
COHFACE_s14_session3_natural,48,23,48.766666666666666,-0.8449222445487976,-1.6613161349317285
COHFACE_s14_session3_natural,48,24,48.8,-0.1188347116112709,-1.5969033757125266
COHFACE_s14_session3_natural,48,25,48.833333333333336,0.9291498064994812,-1.5045126596270402
COHFACE_s14_session3_natural,48,26,48.86666666666667,1.5209152698516846,-1.396950182734148
COHFACE_s14_session3_natural,48,27,48.9,1.542508840560913,-1.2814572634577333
COHFACE_s14_session3_natural,48,28,48.93333333333333,1.3150113821029663,-1.1600527356234516
COHFACE_s14_session3_natural,48,29,48.96666666666667,0.9029995203018188,-1.031418527756174
COHFACE_s14_session3_natural,48,30,49.0,0.49846890568733215,-0.8935544946572173
COHFACE_s14_session3_natural,48,31,49.03333333333333,0.3790072500705719,-0.7462861970256793
COHFACE_s14_session3_natural,48,32,49.06666666666667,0.48126208782196045,-0.5926981023668206
COHFACE_s14_session3_natural,48,33,49.1,0.46327313780784607,-0.4388728005916931
COHFACE_s14_session3_natural,48,34,49.13333333333333,0.24927589297294617,-0.2920333863904122
COHFACE_s14_session3_natural,48,35,49.166666666666664,-0.03660917654633522,-0.15798772056290916
COHFACE_s14_session3_natural,48,36,49.2,-0.27930712699890137,-0.03917802106196743
COHFACE_s14_session3_natural,48,37,49.233333333333334,-0.4586866497993469,0.06566336329305963
COHFACE_s14_session3_natural,48,38,49.266666666666666,-0.5639339685440063,0.16016103149525393
COHFACE_s14_session3_natural,48,39,49.3,-0.6371820569038391,0.24806155906414454
COHFACE_s14_session3_natural,48,40,49.333333333333336,-0.7310035228729248,0.3312425338624964
COHFACE_s14_session3_natural,48,41,49.36666666666667,-0.8587965369224548,0.40875641532808443
COHFACE_s14_session3_natural,48,42,49.4,-0.9708790183067322,0.47706963234296934
COHFACE_s14_session3_natural,48,43,49.43333333333333,-1.0133860111236572,0.5312055457133299
COHFACE_s14_session3_natural,48,44,49.46666666666667,-0.9367373585700989,0.5664331372067936
COHFACE_s14_session3_natural,48,45,49.5,-0.41917216777801514,0.5801346668095523
COHFACE_s14_session3_natural,48,46,49.53333333333333,0.5809664726257324,0.5732617828749593
COHFACE_s14_session3_natural,48,47,49.56666666666667,1.3464325666427612,0.5506816617650163
COHFACE_s14_session3_natural,48,48,49.6,1.4921125173568726,0.5200875556504686
COHFACE_s14_session3_natural,48,49,49.63333333333333,1.2991987466812134,0.48979715506805277
COHFACE_s14_session3_natural,48,50,49.666666666666664,0.8958243131637573,0.4662456493400253
COHFACE_s14_session3_natural,48,51,49.7,0.4544996917247772,0.45204718267399435
COHFACE_s14_session3_natural,48,52,49.733333333333334,0.2865460216999054,0.4451746412310573
COHFACE_s14_session3_natural,48,53,49.766666666666666,0.36489492654800415,0.4393831528708323
COHFACE_s14_session3_natural,48,54,49.8,0.4010428786277771,0.4257355501091174
COHFACE_s14_session3_natural,48,55,49.833333333333336,0.24070648849010468,0.3949396349943001
COHFACE_s14_session3_natural,48,56,49.86666666666667,-0.04028178006410599,0.34002806454332135
COHFACE_s14_session3_natural,48,57,49.9,-0.29950645565986633,0.2586740411459879
COHFACE_s14_session3_natural,48,58,49.93333333333333,-0.4791920483112335,0.15428411373342862
COHFACE_s14_session3_natural,48,59,49.96666666666667,-0.6103176474571228,0.03522313758426755
COHFACE_s14_session3_natural,48,60,50.0,-0.6737040877342224,-0.08776048570024295
COHFACE_s14_session3_natural,48,61,50.03333333333333,-0.7380766868591309,-0.2048873208133135
COHFACE_s14_session3_natural,48,62,50.06666666666667,-0.8424058556556702,-0.30981557108236046
COHFACE_s14_session3_natural,48,63,50.1,-0.9649620056152344,-0.3998618032321932
COHFACE_s14_session3_natural,48,64,50.13333333333333,-1.0600756406784058,-0.47393946860623065
COHFACE_s14_session3_natural,48,65,50.166666666666664,-1.0695291757583618,-0.5296905739288176
COHFACE_s14_session3_natural,48,66,50.2,-0.8619250655174255,-0.5619027074080474
COHFACE_s14_session3_natural,48,67,50.233333333333334,-0.104348324239254,-0.5635609430879215
COHFACE_s14_session3_natural,48,68,50.266666666666666,0.8914716243743896,-0.5291668819784664
COHFACE_s14_session3_natural,48,69,50.3,1.424883484840393,-0.45844583045839893
COHFACE_s14_session3_natural,48,70,50.333333333333336,1.386695146560669,-0.3582961120883385
COHFACE_s14_session3_natural,48,71,50.36666666666667,1.0943490266799927,-0.2418220545889792
COHFACE_s14_session3_natural,48,72,50.4,0.6688369512557983,-0.12481779439368032
COHFACE_s14_session3_natural,48,73,50.43333333333333,0.3252103924751282,-0.021236751253410006
COHFACE_s14_session3_natural,48,74,50.46666666666667,0.3011344373226166,0.060568194457802975
COHFACE_s14_session3_natural,48,75,50.5,0.41991597414016724,0.11956317056163254
COHFACE_s14_session3_natural,48,76,50.53333333333333,0.402131050825119,0.16124406422644397
COHFACE_s14_session3_natural,48,77,50.56666666666667,0.21765068173408508,0.19464508549159315
COHFACE_s14_session3_natural,48,78,50.6,-0.01732800155878067,0.228056618386161
COHFACE_s14_session3_natural,48,79,50.63333333333333,-0.22659845650196075,0.26479642908762135
COHFACE_s14_session3_natural,48,80,50.666666666666664,-0.3730945587158203,0.300579376294671
COHFACE_s14_session3_natural,48,81,50.7,-0.4494711458683014,0.3237638401766541
COHFACE_s14_session3_natural,48,82,50.733333333333334,-0.49748703837394714,0.3188775480132964
COHFACE_s14_session3_natural,48,83,50.766666666666666,-0.5756999254226685,0.27257561031672
COHFACE_s14_session3_natural,48,84,50.8,-0.675948441028595,0.18003373100814607
COHFACE_s14_session3_natural,48,85,50.833333333333336,-0.7597382068634033,0.0492221189488751
COHFACE_s14_session3_natural,48,86,50.86666666666667,-0.8009530305862427,-0.09909459471833841
COHFACE_s14_session3_natural,48,87,50.9,-0.7446057200431824,-0.23634084495239957
COHFACE_s14_session3_natural,48,88,50.93333333333333,-0.30950409173965454,-0.33469346338535183
COHFACE_s14_session3_natural,48,89,50.96666666666667,0.6396601796150208,-0.3759448562288235
COHFACE_s14_session3_natural,48,90,51.0,1.4421242475509644,-0.3568308935510577
COHFACE_s14_session3_natural,48,91,51.03333333333333,1.6477560997009277,-0.2885465407618845
COHFACE_s14_session3_natural,48,92,51.06666666666667,1.464874029159546,-0.1913163957873861
COHFACE_s14_session3_natural,48,93,51.1,1.111283779144287,-0.08720728105632497
COHFACE_s14_session3_natural,48,94,51.13333333333333,0.7130442261695862,0.0058786009282937104
COHFACE_s14_session3_natural,48,95,51.166666666666664,0.5661400556564331,0.07770337327608401
COHFACE_s14_session3_natural,48,96,51.2,0.7062771320343018,0.12645709369988622
COHFACE_s14_session3_natural,48,97,51.233333333333334,0.7784370183944702,0.15706896959711966
COHFACE_s14_session3_natural,48,98,51.266666666666666,0.6340832710266113,0.1778855004159762
COHFACE_s14_session3_natural,48,99,51.3,0.3845161497592926,0.19695007373128318
COHFACE_s14_session3_natural,48,100,51.333333333333336,0.14209024608135223,0.21905667538023968
COHFACE_s14_session3_natural,48,101,51.36666666666667,-0.04055382311344147,0.24430866777209814
COHFACE_s14_session3_natural,48,102,51.4,-0.13801386952400208,0.2683784309082328
COHFACE_s14_session3_natural,48,103,51.43333333333333,-0.20949363708496094,0.28419054561274704
COHFACE_s14_session3_natural,48,104,51.46666666666667,-0.2981122136116028,0.2844028589104392
COHFACE_s14_session3_natural,48,105,51.5,-0.42427298426628113,0.2638884272307926
COHFACE_s14_session3_natural,48,106,51.53333333333333,-0.5432586073875427,0.22145924926042734
COHFACE_s14_session3_natural,48,107,51.56666666666667,-0.6262322664260864,0.1603121331071967
COHFACE_s14_session3_natural,48,108,51.6,-0.6392223834991455,0.08707761017451916
COHFACE_s14_session3_natural,48,109,51.63333333333333,-0.2697855532169342,0.00984157120270427
COHFACE_s14_session3_natural,48,110,51.666666666666664,0.6130678057670593,-0.06407587893409986
COHFACE_s14_session3_natural,48,111,51.7,1.3545938730239868,-0.12972943552995514
COHFACE_s14_session3_natural,48,112,51.733333333333334,1.5303688049316406,-0.18506734957492146
COHFACE_s14_session3_natural,48,113,51.766666666666666,1.315895438194275,-0.23041454541675133
COHFACE_s14_session3_natural,48,114,51.8,0.9272454977035522,-0.2673157464293938
COHFACE_s14_session3_natural,48,115,51.833333333333336,0.47228461503982544,-0.29722840560713076
COHFACE_s14_session3_natural,48,116,51.86666666666667,0.24852776527404785,-0.32049906801680467
COHFACE_s14_session3_natural,48,117,51.9,0.3149406909942627,-0.335904492862722
COHFACE_s14_session3_natural,48,118,51.93333333333333,0.37268221378326416,-0.3408361936656026
COHFACE_s14_session3_natural,48,119,51.96666666666667,0.24121657013893127,-0.3320417713942505
COHFACE_s14_session3_natural,48,120,52.0,-0.013655396178364754,-0.30673510628613015
COHFACE_s14_session3_natural,48,121,52.03333333333333,-0.27447834610939026,-0.26374144799817106
COHFACE_s14_session3_natural,48,122,52.06666666666667,-0.4595367908477783,-0.20416308971700714
COHFACE_s14_session3_natural,48,123,52.1,-0.5758699774742126,-0.13116100857757382
COHFACE_s14_session3_natural,48,124,52.13333333333333,-0.6654406785964966,-0.049000468976110975
COHFACE_s14_session3_natural,48,125,52.166666666666664,-0.7704499959945679,0.037941494996988095
COHFACE_s14_session3_natural,48,126,52.2,-0.8837566375732422,0.12548512826945404
COHFACE_s14_session3_natural,48,127,52.233333333333334,-1.0031503438949585,0.20909329062662907
COHFACE_s14_session3_natural,48,128,52.266666666666666,-1.0767384767532349,0.28300536157029116
COHFACE_s14_session3_natural,48,129,52.3,-0.9702668786048889,0.33997866681641115
COHFACE_s14_session3_natural,48,130,52.333333333333336,-0.30287301540374756,0.37224764436856456
COHFACE_s14_session3_natural,48,131,52.36666666666667,0.7663990259170532,0.3736042865759845
COHFACE_s14_session3_natural,48,132,52.4,1.4937447309494019,0.34187675625169145
COHFACE_s14_session3_natural,48,133,52.43333333333333,1.5899466276168823,0.2807656989972267
COHFACE_s14_session3_natural,48,134,52.46666666666667,1.3423517942428589,0.20006640864634279
COHFACE_s14_session3_natural,48,135,52.5,0.9753974080085754,0.1138255668188307
COHFACE_s14_session3_natural,48,136,52.53333333333333,0.5626375079154968,0.036838505400538644
COHFACE_s14_session3_natural,48,137,52.56666666666667,0.37040382623672485,-0.01933494018800254
COHFACE_s14_session3_natural,48,138,52.6,0.4379729628562927,-0.04940141847088915
COHFACE_s14_session3_natural,48,139,52.63333333333333,0.4495348632335663,-0.05536218901886211
COHFACE_s14_session3_natural,48,140,52.666666666666664,0.2658706307411194,-0.04530604959150747
COHFACE_s14_session3_natural,48,141,52.7,-0.008452539332211018,-0.030515421531964876
COHFACE_s14_session3_natural,48,142,52.733333333333334,-0.2507764399051666,-0.021827767094671203
COHFACE_s14_session3_natural,48,143,52.766666666666666,-0.461849182844162,-0.026288894505988505
COHFACE_s14_session3_natural,48,144,52.8,-0.5910704731941223,-0.045099948641940064
COHFACE_s14_session3_natural,48,145,52.833333333333336,-0.6558511257171631,-0.07358596363391016
COHFACE_s14_session3_natural,48,146,52.86666666666667,-0.7448777556419373,-0.10327783961771737
COHFACE_s14_session3_natural,48,147,52.9,-0.8564161658287048,-0.12536966581224004
COHFACE_s14_session3_natural,48,148,52.93333333333333,-0.9405120015144348,-0.13416477737161062
COHFACE_s14_session3_natural,48,149,52.96666666666667,-0.9592150449752808,-0.12906600035047547
COHFACE_s14_session3_natural,48,150,53.0,-0.780821681022644,-0.11433394028451924
COHFACE_s14_session3_natural,48,151,53.03333333333333,-0.038445476442575455,-0.09686430310550304
COHFACE_s14_session3_natural,48,152,53.06666666666667,1.0414363145828247,-0.08306556498211808
COHFACE_s14_session3_natural,48,153,53.1,1.6825778484344482,-0.07618263053991986
COHFACE_s14_session3_natural,48,154,53.13333333333333,1.7281453609466553,-0.07506595344064815
COHFACE_s14_session3_natural,48,155,53.166666666666664,1.505544662475586,-0.07473876022248821
COHFACE_s14_session3_natural,48,156,53.2,1.0938389301300049,-0.06851220568199771
COHFACE_s14_session3_natural,48,157,53.233333333333334,0.6323149800300598,-0.05091690361046722
COHFACE_s14_session3_natural,48,158,53.266666666666666,0.45548585057258606,-0.020364102894878916
COHFACE_s14_session3_natural,48,159,53.3,0.5145875811576843,0.019627545459585775
COHFACE_s14_session3_natural,48,160,53.333333333333336,0.5059501528739929,0.061400659733033436
COHFACE_s14_session3_natural,48,161,53.36666666666667,0.32599252462387085,0.09610435561997455
COHFACE_s14_session3_natural,48,162,53.4,0.038985271006822586,0.11719466993712947
COHFACE_s14_session3_natural,48,163,53.43333333333333,-0.2195252925157547,0.12261778990225722
COHFACE_s14_session3_natural,48,164,53.46666666666667,-0.3974425792694092,0.11467757739228407
COHFACE_s14_session3_natural,48,165,53.5,-0.5114973783493042,0.0980685225509135
COHFACE_s14_session3_natural,48,166,53.53333333333333,-0.5942670106887817,0.07750386518723079
COHFACE_s14_session3_natural,48,167,53.56666666666667,-0.7099200487136841,0.056260870379904064
COHFACE_s14_session3_natural,48,168,53.6,-0.8331562876701355,0.03603090802195056
COHFACE_s14_session3_natural,48,169,53.63333333333333,-0.9287460446357727,0.017544538658189984
COHFACE_s14_session3_natural,48,170,53.666666666666664,-0.967172384262085,0.0012328050033116411
COHFACE_s14_session3_natural,48,171,53.7,-0.812242865562439,-0.012459838182384313
COHFACE_s14_session3_natural,48,172,53.733333333333334,-0.08275477588176727,-0.02308859707267477
COHFACE_s14_session3_natural,48,173,53.766666666666666,1.0553785562515259,-0.03033746856918515
COHFACE_s14_session3_natural,48,174,53.8,1.8004072904586792,-0.03409823894406198
COHFACE_s14_session3_natural,48,175,53.833333333333336,1.9000096321105957,-0.03445389132682651
COHFACE_s14_session3_natural,48,176,53.86666666666667,1.697438359260559,-0.031582563894813946
COHFACE_s14_session3_natural,48,177,53.9,1.2920575141906738,-0.025649167481403685
COHFACE_s14_session3_natural,48,178,53.93333333333333,0.7905430197715759,-0.01683001029555725
COHFACE_s14_session3_natural,48,179,53.96666666666667,0.5552582740783691,-0.005560265406545169
COHFACE_s14_session3_natural,48,180,54.0,0.6040562987327576,0.007156856952965427
COHFACE_s14_session3_natural,48,181,54.03333333333333,0.6065046787261963,0.01968918502677399
COHFACE_s14_session3_natural,48,182,54.06666666666667,0.41889581084251404,0.030086279480000422
COHFACE_s14_session3_natural,48,183,54.1,0.12967820465564728,0.03659512743694017
COHFACE_s14_session3_natural,48,184,54.13333333333333,-0.154676616191864,0.0381250932806169
COHFACE_s14_session3_natural,48,185,54.166666666666664,-0.36170271039009094,0.03447458871632207
COHFACE_s14_session3_natural,48,186,54.2,-0.4954807162284851,0.026215008558799314
COHFACE_s14_session3_natural,48,187,54.233333333333334,-0.5761420130729675,0.01426796854894467
COHFACE_s14_session3_natural,48,188,54.266666666666666,-0.6767645478248596,-0.0005645165136440029
COHFACE_s14_session3_natural,48,189,54.3,-0.8089783191680908,-0.017741010830213847
COHFACE_s14_session3_natural,48,190,54.333333333333336,-0.9216048717498779,-0.036591971693985446
COHFACE_s14_session3_natural,48,191,54.36666666666667,-0.997165322303772,-0.055613165497708346
COHFACE_s14_session3_natural,48,192,54.4,-0.9953629970550537,-0.07202957583066695
COHFACE_s14_session3_natural,48,193,54.43333333333333,-0.5668244957923889,-0.08217506915026049
COHFACE_s14_session3_natural,48,194,54.46666666666667,0.5006452798843384,-0.08267325942434664
COHFACE_s14_session3_natural,48,195,54.5,1.513535976409912,-0.07180932938817815
COHFACE_s14_session3_natural,48,196,54.53333333333333,1.8469609022140503,-0.05036561182487481
COHFACE_s14_session3_natural,48,197,54.56666666666667,1.7089321613311768,-0.02154540547081884
COHFACE_s14_session3_natural,48,198,54.6,1.3670399188995361,0.009896138294617355
COHFACE_s14_session3_natural,48,199,54.63333333333333,0.8662734627723694,0.03887534965864598
COHFACE_s14_session3_natural,48,200,54.666666666666664,0.5085005760192871,0.06111398056763042
COHFACE_s14_session3_natural,48,201,54.7,0.48734909296035767,0.07392116182771245
COHFACE_s14_session3_natural,48,202,54.733333333333334,0.5498853921890259,0.07652737273737252
COHFACE_s14_session3_natural,48,203,54.766666666666666,0.4176716208457947,0.06996946442481167
COHFACE_s14_session3_natural,48,204,54.8,0.1391657590866089,0.056589598973097704
COHFACE_s14_session3_natural,48,205,54.833333333333336,-0.14151644706726074,0.03929053029664244
COHFACE_s14_session3_natural,48,206,54.86666666666667,-0.3904034197330475,0.020781720670106054
COHFACE_s14_session3_natural,48,207,54.9,-0.5473052263259888,0.00307030554782156
COHFACE_s14_session3_natural,48,208,54.93333333333333,-0.6525185704231262,-0.012666050567429367
COHFACE_s14_session3_natural,48,209,54.96666666666667,-0.7409671545028687,-0.025883257020369844
COHFACE_s14_session3_natural,48,210,55.0,-0.8440721035003662,-0.036358817270097925
COHFACE_s14_session3_natural,48,211,55.03333333333333,-0.9746536016464233,-0.04395534527073745
COHFACE_s14_session3_natural,48,212,55.06666666666667,-1.0901706218719482,-0.04848671190454463
COHFACE_s14_session3_natural,48,213,55.1,-1.167465329170227,-0.049612873698996626
COHFACE_s14_session3_natural,48,214,55.13333333333333,-1.107649564743042,-0.046792195422736695
COHFACE_s14_session3_natural,48,215,55.166666666666664,-0.5108172297477722,-0.039457003025804176
COHFACE_s14_session3_natural,48,216,55.2,0.639150083065033,-0.027519980425099396
COHFACE_s14_session3_natural,48,217,55.233333333333334,1.500817894935608,-0.012055889376780753
COHFACE_s14_session3_natural,48,218,55.266666666666666,1.6480962038040161,0.004286025868978322
COHFACE_s14_session3_natural,48,219,55.3,1.4394718408584595,0.017639529559496624
COHFACE_s14_session3_natural,48,220,55.333333333333336,1.0622817277908325,0.024219195245079383
COHFACE_s14_session3_natural,48,221,55.36666666666667,0.5673302412033081,0.022121999084665923
COHFACE_s14_session3_natural,48,222,55.4,0.291476845741272,0.012664583460143451
COHFACE_s14_session3_natural,48,223,55.43333333333333,0.335514098405838,0.00030756322674537195
COHFACE_s14_session3_natural,48,224,55.46666666666667,0.3536730706691742,-0.009043978340401642
COHFACE_s14_session3_natural,48,225,55.5,0.1781361848115921,-0.010589983332467964
COHFACE_s14_session3_natural,48,226,55.53333333333333,-0.10479039698839188,-0.002711416374336861
COHFACE_s14_session3_natural,48,227,55.56666666666667,-0.37618908286094666,0.012486309197408046
COHFACE_s14_session3_natural,48,228,55.6,-0.5854595303535461,0.0302880326863576
COHFACE_s14_session3_natural,48,229,55.63333333333333,-0.7365124225616455,0.04536712797088546
COHFACE_s14_session3_natural,48,230,55.666666666666664,-0.848152756690979,0.05364748824020261
COHFACE_s14_session3_natural,48,231,55.7,-0.9036499261856079,0.05336050170457024
COHFACE_s14_session3_natural,48,232,55.733333333333334,-0.9997837543487549,0.04516138163663753
COHFACE_s14_session3_natural,48,233,55.766666666666666,-1.1344459056854248,0.03155924109324836
COHFACE_s14_session3_natural,48,234,55.8,-1.258872389793396,0.016028929111856292
COHFACE_s14_session3_natural,48,235,55.833333333333336,-1.3329025506973267,0.002082428066208907
COHFACE_s14_session3_natural,48,236,55.86666666666667,-1.3039298057556152,-0.00755301327158013
COHFACE_s14_session3_natural,48,237,55.9,-0.8208122849464417,-0.011560083896890068
COHFACE_s14_session3_natural,48,238,55.93333333333333,0.30004626512527466,-0.010341884455066253
COHFACE_s14_session3_natural,48,239,55.96666666666667,1.3165415525436401,-0.005880732083960353
COHFACE_s14_session3_natural,49,0,49.0,0.49846890568733215,-0.03838189996555144
COHFACE_s14_session3_natural,49,1,49.03333333333333,0.3790072500705719,2.564300809071293
COHFACE_s14_session3_natural,49,2,49.06666666666667,0.48126208782196045,4.764799095903697
COHFACE_s14_session3_natural,49,3,49.1,0.46327313780784607,6.258088739927308
COHFACE_s14_session3_natural,49,4,49.13333333333333,0.24927589297294617,6.907438225964534
COHFACE_s14_session3_natural,49,5,49.166666666666664,-0.03660917654633522,6.762390428018393
COHFACE_s14_session3_natural,49,6,49.2,-0.27930712699890137,6.0185115478746685
COHFACE_s14_session3_natural,49,7,49.233333333333334,-0.4586866497993469,4.941111567436151
COHFACE_s14_session3_natural,49,8,49.266666666666666,-0.5639339685440063,3.7858224163811847
COHFACE_s14_session3_natural,49,9,49.3,-0.6371820569038391,2.7412212134752636
COHFACE_s14_session3_natural,49,10,49.333333333333336,-0.7310035228729248,1.9045161180636918
COHFACE_s14_session3_natural,49,11,49.36666666666667,-0.8587965369224548,1.2882514608200233
COHFACE_s14_session3_natural,49,12,49.4,-0.9708790183067322,0.8473479541768847
COHFACE_s14_session3_natural,49,13,49.43333333333333,-1.0133860111236572,0.5128891997527391
COHFACE_s14_session3_natural,49,14,49.46666666666667,-0.9367373585700989,0.22121013863435418
COHFACE_s14_session3_natural,49,15,49.5,-0.41917216777801514,-0.06823564021059252
COHFACE_s14_session3_natural,49,16,49.53333333333333,0.5809664726257324,-0.36756836382533414
COHFACE_s14_session3_natural,49,17,49.56666666666667,1.3464325666427612,-0.6652505808169585
COHFACE_s14_session3_natural,49,18,49.6,1.4921125173568726,-0.936563016005294
COHFACE_s14_session3_natural,49,19,49.63333333333333,1.2991987466812134,-1.1552636074022962
COHFACE_s14_session3_natural,49,20,49.666666666666664,0.8958243131637573,-1.3028950168653235
COHFACE_s14_session3_natural,49,21,49.7,0.4544996917247772,-1.37378983227652
COHFACE_s14_session3_natural,49,22,49.733333333333334,0.2865460216999054,-1.3755082517923054
COHFACE_s14_session3_natural,49,23,49.766666666666666,0.36489492654800415,-1.3257096200601244
COHFACE_s14_session3_natural,49,24,49.8,0.4010428786277771,-1.2470211363173518
COHFACE_s14_session3_natural,49,25,49.833333333333336,0.24070648849010468,-1.1614521099935622
COHFACE_s14_session3_natural,49,26,49.86666666666667,-0.04028178006410599,-1.08562292814883
COHFACE_s14_session3_natural,49,27,49.9,-0.29950645565986633,-1.027771577815985
COHFACE_s14_session3_natural,49,28,49.93333333333333,-0.4791920483112335,-0.987191452309341
COHFACE_s14_session3_natural,49,29,49.96666666666667,-0.6103176474571228,-0.9562386105870598
COHFACE_s14_session3_natural,49,30,50.0,-0.6737040877342224,-0.9242288887658843
COHFACE_s14_session3_natural,49,31,50.03333333333333,-0.7380766868591309,-0.8817410800181678
COHFACE_s14_session3_natural,49,32,50.06666666666667,-0.8424058556556702,-0.8235528090478231
COHFACE_s14_session3_natural,49,33,50.1,-0.9649620056152344,-0.7490178546651926
COHFACE_s14_session3_natural,49,34,50.13333333333333,-1.0600756406784058,-0.6600322588091533
COHFACE_s14_session3_natural,49,35,50.166666666666664,-1.0695291757583618,-0.5580674437568642
COHFACE_s14_session3_natural,49,36,50.2,-0.8619250655174255,-0.4422344370243371
COHFACE_s14_session3_natural,49,37,50.233333333333334,-0.104348324239254,-0.3096892908565647
COHFACE_s14_session3_natural,49,38,50.266666666666666,0.8914716243743896,-0.1582424447964172
COHFACE_s14_session3_natural,49,39,50.3,1.424883484840393,0.01033266401078542
COHFACE_s14_session3_natural,49,40,50.333333333333336,1.386695146560669,0.18826064660221514
COHFACE_s14_session3_natural,49,41,50.36666666666667,1.0943490266799927,0.3623103133319103
COHFACE_s14_session3_natural,49,42,50.4,0.6688369512557983,0.5168809600091212
COHFACE_s14_session3_natural,49,43,50.43333333333333,0.3252103924751282,0.6383611591146641
COHFACE_s14_session3_natural,49,44,50.46666666666667,0.3011344373226166,0.7190622703581403
COHFACE_s14_session3_natural,49,45,50.5,0.41991597414016724,0.759317965480017
COHFACE_s14_session3_natural,49,46,50.53333333333333,0.402131050825119,0.7669784231763936
COHFACE_s14_session3_natural,49,47,50.56666666666667,0.21765068173408508,0.7543506191943989
COHFACE_s14_session3_natural,49,48,50.6,-0.01732800155878067,0.7335203965680417
COHFACE_s14_session3_natural,49,49,50.63333333333333,-0.22659845650196075,0.711640259613131
COHFACE_s14_session3_natural,49,50,50.666666666666664,-0.3730945587158203,0.6878942269189258
COHFACE_s14_session3_natural,49,51,50.7,-0.4494711458683014,0.6533939355765428
COHFACE_s14_session3_natural,49,52,50.733333333333334,-0.49748703837394714,0.5943404374957942
COHFACE_s14_session3_natural,49,53,50.766666666666666,-0.5756999254226685,0.49764580012697157
COHFACE_s14_session3_natural,49,54,50.8,-0.675948441028595,0.35719074721060073
COHFACE_s14_session3_natural,49,55,50.833333333333336,-0.7597382068634033,0.17839457182426138
COHFACE_s14_session3_natural,49,56,50.86666666666667,-0.8009530305862427,-0.02090158318133973
COHFACE_s14_session3_natural,49,57,50.9,-0.7446057200431824,-0.21402510492903704
COHFACE_s14_session3_natural,49,58,50.93333333333333,-0.30950409173965454,-0.3725602344418639
COHFACE_s14_session3_natural,49,59,50.96666666666667,0.6396601796150208,-0.47442266777859654
COHFACE_s14_session3_natural,49,60,51.0,1.4421242475509644,-0.5098963817430259
COHFACE_s14_session3_natural,49,61,51.03333333333333,1.6477560997009277,-0.483474690097617
COHFACE_s14_session3_natural,49,62,51.06666666666667,1.464874029159546,-0.41122739913092443
COHFACE_s14_session3_natural,49,63,51.1,1.111283779144287,-0.3151723544501109
COHFACE_s14_session3_natural,49,64,51.13333333333333,0.7130442261695862,-0.21682776002193435
COHFACE_s14_session3_natural,49,65,51.166666666666664,0.5661400556564331,-0.13190755447298697
COHFACE_s14_session3_natural,49,66,51.2,0.7062771320343018,-0.06752757278525241
COHFACE_s14_session3_natural,49,67,51.233333333333334,0.7784370183944702,-0.02243721343539632
COHFACE_s14_session3_natural,49,68,51.266666666666666,0.6340832710266113,0.010247021058552012
COHFACE_s14_session3_natural,49,69,51.3,0.3845161497592926,0.03910864651587029
COHFACE_s14_session3_natural,49,70,51.333333333333336,0.14209024608135223,0.07073958641658316
COHFACE_s14_session3_natural,49,71,51.36666666666667,-0.04055382311344147,0.10733998463016463
COHFACE_s14_session3_natural,49,72,51.4,-0.13801386952400208,0.1460794701569283
COHFACE_s14_session3_natural,49,73,51.43333333333333,-0.20949363708496094,0.18015962172617964
COHFACE_s14_session3_natural,49,74,51.46666666666667,-0.2981122136116028,0.20112907467184926
COHFACE_s14_session3_natural,49,75,51.5,-0.42427298426628113,0.20172871813965507
COHFACE_s14_session3_natural,49,76,51.53333333333333,-0.5432586073875427,0.17837212936111102
COHFACE_s14_session3_natural,49,77,51.56666666666667,-0.6262322664260864,0.13241127737250608
COHFACE_s14_session3_natural,49,78,51.6,-0.6392223834991455,0.06971049848220823
COHFACE_s14_session3_natural,49,79,51.63333333333333,-0.2697855532169342,-0.0012979951150394876
COHFACE_s14_session3_natural,49,80,51.666666666666664,0.6130678057670593,-0.07222602642456986
COHFACE_s14_session3_natural,49,81,51.7,1.3545938730239868,-0.13686393419989787
COHFACE_s14_session3_natural,49,82,51.733333333333334,1.5303688049316406,-0.19201794528583724
COHFACE_s14_session3_natural,49,83,51.766666666666666,1.315895438194275,-0.23694513932118985
COHFACE_s14_session3_natural,49,84,51.8,0.9272454977035522,-0.27194652899195815
COHFACE_s14_session3_natural,49,85,51.833333333333336,0.47228461503982544,-0.2969732180174452
COHFACE_s14_session3_natural,49,86,51.86666666666667,0.24852776527404785,-0.3109257181144392
COHFACE_s14_session3_natural,49,87,51.9,0.3149406909942627,-0.31184069923927893
COHFACE_s14_session3_natural,49,88,51.93333333333333,0.37268221378326416,-0.2976678412926357
COHFACE_s14_session3_natural,49,89,51.96666666666667,0.24121657013893127,-0.26714171483183086
COHFACE_s14_session3_natural,49,90,52.0,-0.013655396178364754,-0.22042077891586162
COHFACE_s14_session3_natural,49,91,52.03333333333333,-0.27447834610939026,-0.1594065106967838
COHFACE_s14_session3_natural,49,92,52.06666666666667,-0.4595367908477783,-0.08769991434283834
COHFACE_s14_session3_natural,49,93,52.1,-0.5758699774742126,-0.010113166658249519
COHFACE_s14_session3_natural,49,94,52.13333333333333,-0.6654406785964966,0.06823891143739425
COHFACE_s14_session3_natural,49,95,52.166666666666664,-0.7704499959945679,0.1429621882722423
COHFACE_s14_session3_natural,49,96,52.2,-0.8837566375732422,0.2109612108797587
COHFACE_s14_session3_natural,49,97,52.233333333333334,-1.0031503438949585,0.27013101423326347
COHFACE_s14_session3_natural,49,98,52.266666666666666,-1.0767384767532349,0.3183120698661001
COHFACE_s14_session3_natural,49,99,52.3,-0.9702668786048889,0.35225617600682196
COHFACE_s14_session3_natural,49,100,52.333333333333336,-0.30287301540374756,0.3674453019976486
COHFACE_s14_session3_natural,49,101,52.36666666666667,0.7663990259170532,0.35916815148464615
COHFACE_s14_session3_natural,49,102,52.4,1.4937447309494019,0.32458275196356523
COHFACE_s14_session3_natural,49,103,52.43333333333333,1.5899466276168823,0.2649125249063852
COHFACE_s14_session3_natural,49,104,52.46666666666667,1.3423517942428589,0.18670508617580228
COHFACE_s14_session3_natural,49,105,52.5,0.9753974080085754,0.10134103804329352
COHFACE_s14_session3_natural,49,106,52.53333333333333,0.5626375079154968,0.022639654697874448
COHFACE_s14_session3_natural,49,107,52.56666666666667,0.37040382623672485,-0.03678208021972976
COHFACE_s14_session3_natural,49,108,52.6,0.4379729628562927,-0.06913789368648544
COHFACE_s14_session3_natural,49,109,52.63333333333333,0.4495348632335663,-0.07378278751798388
COHFACE_s14_session3_natural,49,110,52.666666666666664,0.2658706307411194,-0.057459887534499036
COHFACE_s14_session3_natural,49,111,52.7,-0.008452539332211018,-0.03245286641011707
COHFACE_s14_session3_natural,49,112,52.733333333333334,-0.2507764399051666,-0.013088756773790247
COHFACE_s14_session3_natural,49,113,52.766666666666666,-0.461849182844162,-0.011435907333320621
COHFACE_s14_session3_natural,49,114,52.8,-0.5910704731941223,-0.033508076298934035
COHFACE_s14_session3_natural,49,115,52.833333333333336,-0.6558511257171631,-0.07737844594207496
COHFACE_s14_session3_natural,49,116,52.86666666666667,-0.7448777556419373,-0.13394839850295734
COHFACE_s14_session3_natural,49,117,52.9,-0.8564161658287048,-0.1900441182226775
COHFACE_s14_session3_natural,49,118,52.93333333333333,-0.9405120015144348,-0.2326464093295835
COHFACE_s14_session3_natural,49,119,52.96666666666667,-0.9592150449752808,-0.25275015922996336
COHFACE_s14_session3_natural,49,120,53.0,-0.780821681022644,-0.24763150652926563
COHFACE_s14_session3_natural,49,121,53.03333333333333,-0.038445476442575455,-0.22092943871237905
COHFACE_s14_session3_natural,49,122,53.06666666666667,1.0414363145828247,-0.18064526903979286
COHFACE_s14_session3_natural,49,123,53.1,1.6825778484344482,-0.13583068846851376
COHFACE_s14_session3_natural,49,124,53.13333333333333,1.7281453609466553,-0.09325912643522888
COHFACE_s14_session3_natural,49,125,53.166666666666664,1.505544662475586,-0.05544036263591714
COHFACE_s14_session3_natural,49,126,53.2,1.0938389301300049,-0.020755947253051688
COHFACE_s14_session3_natural,49,127,53.233333333333334,0.6323149800300598,0.014483927598228639
COHFACE_s14_session3_natural,49,128,53.266666666666666,0.45548585057258606,0.05315086748331496
COHFACE_s14_session3_natural,49,129,53.3,0.5145875811576843,0.0950454229758081
COHFACE_s14_session3_natural,49,130,53.333333333333336,0.5059501528739929,0.13641114681979183
COHFACE_s14_session3_natural,49,131,53.36666666666667,0.32599252462387085,0.17138128467452574
COHFACE_s14_session3_natural,49,132,53.4,0.038985271006822586,0.19440565506414897
COHFACE_s14_session3_natural,49,133,53.43333333333333,-0.2195252925157547,0.20222333653480984
COHFACE_s14_session3_natural,49,134,53.46666666666667,-0.3974425792694092,0.19449518716730754
COHFACE_s14_session3_natural,49,135,53.5,-0.5114973783493042,0.1732130695163102
COHFACE_s14_session3_natural,49,136,53.53333333333333,-0.5942670106887817,0.14162973569561693
COHFACE_s14_session3_natural,49,137,53.56666666666667,-0.7099200487136841,0.10341963836542957
COHFACE_s14_session3_natural,49,138,53.6,-0.8331562876701355,0.06229738495387426
COHFACE_s14_session3_natural,49,139,53.63333333333333,-0.9287460446357727,0.021853144791559146
COHFACE_s14_session3_natural,49,140,53.666666666666664,-0.967172384262085,-0.014719763169743905
COHFACE_s14_session3_natural,49,141,53.7,-0.812242865562439,-0.045064310835528275
COHFACE_s14_session3_natural,49,142,53.733333333333334,-0.08275477588176727,-0.06801076728897598
COHFACE_s14_session3_natural,49,143,53.766666666666666,1.0553785562515259,-0.08354927576561931
COHFACE_s14_session3_natural,49,144,53.8,1.8004072904586792,-0.09244094116346936
COHFACE_s14_session3_natural,49,145,53.833333333333336,1.9000096321105957,-0.09574147691362837
COHFACE_s14_session3_natural,49,146,53.86666666666667,1.697438359260559,-0.09441512941831746
COHFACE_s14_session3_natural,49,147,53.9,1.2920575141906738,-0.08904991932276902
COHFACE_s14_session3_natural,49,148,53.93333333333333,0.7905430197715759,-0.0797561491178813
COHFACE_s14_session3_natural,49,149,53.96666666666667,0.5552582740783691,-0.06640451689806694
COHFACE_s14_session3_natural,49,150,54.0,0.6040562987327576,-0.04915789657838927
COHFACE_s14_session3_natural,49,151,54.03333333333333,0.6065046787261963,-0.028966195357329017
COHFACE_s14_session3_natural,49,152,54.06666666666667,0.41889581084251404,-0.00764961184553382
COHFACE_s14_session3_natural,49,153,54.1,0.12967820465564728,0.012562089874539363
COHFACE_s14_session3_natural,49,154,54.13333333333333,-0.154676616191864,0.029805046623874232
COHFACE_s14_session3_natural,49,155,54.166666666666664,-0.36170271039009094,0.04319530738904955
COHFACE_s14_session3_natural,49,156,54.2,-0.4954807162284851,0.05285337169525281
COHFACE_s14_session3_natural,49,157,54.233333333333334,-0.5761420130729675,0.05927643345871424
COHFACE_s14_session3_natural,49,158,54.266666666666666,-0.6767645478248596,0.06248563637926746
COHFACE_s14_session3_natural,49,159,54.3,-0.8089783191680908,0.06160803143511844
COHFACE_s14_session3_natural,49,160,54.333333333333336,-0.9216048717498779,0.055283584066565146
COHFACE_s14_session3_natural,49,161,54.36666666666667,-0.997165322303772,0.04269546643529337
COHFACE_s14_session3_natural,49,162,54.4,-0.9953629970550537,0.024529606978876593
COHFACE_s14_session3_natural,49,163,54.43333333333333,-0.5668244957923889,0.0031698758536175212
COHFACE_s14_session3_natural,49,164,54.46666666666667,0.5006452798843384,-0.01801974983298286
COHFACE_s14_session3_natural,49,165,54.5,1.513535976409912,-0.03585855007306921
COHFACE_s14_session3_natural,49,166,54.53333333333333,1.8469609022140503,-0.04830305034562477
COHFACE_s14_session3_natural,49,167,54.56666666666667,1.7089321613311768,-0.054799679343808146
COHFACE_s14_session3_natural,49,168,54.6,1.3670399188995361,-0.056065752990469175
COHFACE_s14_session3_natural,49,169,54.63333333333333,0.8662734627723694,-0.053585264789003585
COHFACE_s14_session3_natural,49,170,54.666666666666664,0.5085005760192871,-0.04906148652255182
COHFACE_s14_session3_natural,49,171,54.7,0.48734909296035767,-0.04390966224488018
COHFACE_s14_session3_natural,49,172,54.733333333333334,0.5498853921890259,-0.03883229057957787
COHFACE_s14_session3_natural,49,173,54.766666666666666,0.4176716208457947,-0.03358450058543165
COHFACE_s14_session3_natural,49,174,54.8,0.1391657590866089,-0.027069777332041956
COHFACE_s14_session3_natural,49,175,54.833333333333336,-0.14151644706726074,-0.017817341169101407
COHFACE_s14_session3_natural,49,176,54.86666666666667,-0.3904034197330475,-0.004700147987549248
COHFACE_s14_session3_natural,49,177,54.9,-0.5473052263259888,0.012401946546470212
COHFACE_s14_session3_natural,49,178,54.93333333333333,-0.6525185704231262,0.032275104887867785
COHFACE_s14_session3_natural,49,179,54.96666666666667,-0.7409671545028687,0.0524913330245776
COHFACE_s14_session3_natural,49,180,55.0,-0.8440721035003662,0.06988290532491208
COHFACE_s14_session3_natural,49,181,55.03333333333333,-0.9746536016464233,0.08120429177194213
COHFACE_s14_session3_natural,49,182,55.06666666666667,-1.0901706218719482,0.08389875626341822
COHFACE_s14_session3_natural,49,183,55.1,-1.167465329170227,0.076917992365218
COHFACE_s14_session3_natural,49,184,55.13333333333333,-1.107649564743042,0.06137043399867418
COHFACE_s14_session3_natural,49,185,55.166666666666664,-0.5108172297477722,0.04058419407265379
COHFACE_s14_session3_natural,49,186,55.2,0.639150083065033,0.019249676154871043
COHFACE_s14_session3_natural,49,187,55.233333333333334,1.500817894935608,0.0017484621171977366
COHFACE_s14_session3_natural,49,188,55.266666666666666,1.6480962038040161,-0.009621169933508882
COHFACE_s14_session3_natural,49,189,55.3,1.4394718408584595,-0.015524901114536051
COHFACE_s14_session3_natural,49,190,55.333333333333336,1.0622817277908325,-0.01895397179936893
COHFACE_s14_session3_natural,49,191,55.36666666666667,0.5673302412033081,-0.023298630125733487
COHFACE_s14_session3_natural,49,192,55.4,0.291476845741272,-0.03018887919886457
COHFACE_s14_session3_natural,49,193,55.43333333333333,0.335514098405838,-0.03839755737161052
COHFACE_s14_session3_natural,49,194,55.46666666666667,0.3536730706691742,-0.044518842881812154
COHFACE_s14_session3_natural,49,195,55.5,0.1781361848115921,-0.04506368820463327
COHFACE_s14_session3_natural,49,196,55.53333333333333,-0.10479039698839188,-0.03871163792164745
COHFACE_s14_session3_natural,49,197,55.56666666666667,-0.37618908286094666,-0.027351496191098223
COHFACE_s14_session3_natural,49,198,55.6,-0.5854595303535461,-0.01535341885529596
COHFACE_s14_session3_natural,49,199,55.63333333333333,-0.7365124225616455,-0.00757011563793502
COHFACE_s14_session3_natural,49,200,55.666666666666664,-0.848152756690979,-0.007115424118824096
COHFACE_s14_session3_natural,49,201,55.7,-0.9036499261856079,-0.01391753583623957
COHFACE_s14_session3_natural,49,202,55.733333333333334,-0.9997837543487549,-0.024642038855531845
COHFACE_s14_session3_natural,49,203,55.766666666666666,-1.1344459056854248,-0.034002186382883395
COHFACE_s14_session3_natural,49,204,55.8,-1.258872389793396,-0.036889138503641845
COHFACE_s14_session3_natural,49,205,55.833333333333336,-1.3329025506973267,-0.03041796554443764
COHFACE_s14_session3_natural,49,206,55.86666666666667,-1.3039298057556152,-0.01506320973313291
COHFACE_s14_session3_natural,49,207,55.9,-0.8208122849464417,0.005524485770522322
COHFACE_s14_session3_natural,49,208,55.93333333333333,0.30004626512527466,0.025890222947108854
COHFACE_s14_session3_natural,49,209,55.96666666666667,1.3165415525436401,0.04076991022004767
COHFACE_s14_session3_natural,49,210,56.0,1.634935975074768,0.04695896301981879
COHFACE_s14_session3_natural,49,211,56.03333333333333,1.4919764995574951,0.044383152507682266
COHFACE_s14_session3_natural,49,212,56.06666666666667,1.199188232421875,0.035981853947534455
COHFACE_s14_session3_natural,49,213,56.1,0.7125001549720764,0.02644050832352516
COHFACE_s14_session3_natural,49,214,56.13333333333333,0.32140177488327026,0.020265258104839746
COHFACE_s14_session3_natural,49,215,56.166666666666664,0.27148154377937317,0.01996360220385706
COHFACE_s14_session3_natural,49,216,56.2,0.3298351466655731,0.025027036554412407
COHFACE_s14_session3_natural,49,217,56.233333333333334,0.2137400358915329,0.03206276374699871
COHFACE_s14_session3_natural,49,218,56.266666666666666,-0.03599707409739494,0.03598151342957269
COHFACE_s14_session3_natural,49,219,56.3,-0.3192977011203766,0.03182235432194223
COHFACE_s14_session3_natural,49,220,56.333333333333336,-0.5771281719207764,0.016669174244448175
COHFACE_s14_session3_natural,49,221,56.36666666666667,-0.763580858707428,-0.008928898562242098
COHFACE_s14_session3_natural,49,222,56.4,-0.8811042308807373,-0.04062995022151703
COHFACE_s14_session3_natural,49,223,56.43333333333333,-0.9440825581550598,-0.07140032063098624
COHFACE_s14_session3_natural,49,224,56.46666666666667,-1.0108355283737183,-0.09373695859336219
COHFACE_s14_session3_natural,49,225,56.5,-1.1154367923736572,-0.10206945875818425
COHFACE_s14_session3_natural,49,226,56.53333333333333,-1.262374997138977,-0.09427133216776051
COHFACE_s14_session3_natural,49,227,56.56666666666667,-1.3787420988082886,-0.07173559931014419
COHFACE_s14_session3_natural,49,228,56.6,-1.4181206226348877,-0.03834135961197617
COHFACE_s14_session3_natural,49,229,56.63333333333333,-1.3031476736068726,0.0008491001337264658
COHFACE_s14_session3_natural,49,230,56.666666666666664,-0.6578914523124695,0.040575047398297454
COHFACE_s14_session3_natural,49,231,56.7,0.4981628656387329,0.0760059542321214
COHFACE_s14_session3_natural,49,232,56.733333333333334,1.3206902742385864,0.10320221842235017
COHFACE_s14_session3_natural,49,233,56.766666666666666,1.4545363187789917,0.11949067505456053
COHFACE_s14_session3_natural,49,234,56.8,1.2807337045669556,0.12369180345857272
COHFACE_s14_session3_natural,49,235,56.833333333333336,0.9832187294960022,0.11610168214205485
COHFACE_s14_session3_natural,49,236,56.86666666666667,0.5213546752929688,0.09821394311095169
COHFACE_s14_session3_natural,49,237,56.9,0.23444944620132446,0.07227826922458197
COHFACE_s14_session3_natural,49,238,56.93333333333333,0.24845975637435913,0.04084744392423382
COHFACE_s14_session3_natural,49,239,56.96666666666667,0.29402726888656616,0.006470603853463018
COHFACE_s14_session3_natural,50,0,50.0,-0.6737040877342224,-0.018017367588267483
COHFACE_s14_session3_natural,50,1,50.03333333333333,-0.7380766868591309,2.368061285264997
COHFACE_s14_session3_natural,50,2,50.06666666666667,-0.8424058556556702,4.371802443625622
COHFACE_s14_session3_natural,50,3,50.1,-0.9649620056152344,5.706593267975919
COHFACE_s14_session3_natural,50,4,50.13333333333333,-1.0600756406784058,6.249918583260521
COHFACE_s14_session3_natural,50,5,50.166666666666664,-1.0695291757583618,6.05921499538546
COHFACE_s14_session3_natural,50,6,50.2,-0.8619250655174255,5.330421993338574
COHFACE_s14_session3_natural,50,7,50.233333333333334,-0.104348324239254,4.32170354933374
COHFACE_s14_session3_natural,50,8,50.266666666666666,0.8914716243743896,3.275236471423935
COHFACE_s14_session3_natural,50,9,50.3,1.424883484840393,2.3621717458288365
COHFACE_s14_session3_natural,50,10,50.333333333333336,1.386695146560669,1.6614364060041051
COHFACE_s14_session3_natural,50,11,50.36666666666667,1.0943490266799927,1.1696951889286662
COHFACE_s14_session3_natural,50,12,50.4,0.6688369512557983,0.8311048397114467
COHFACE_s14_session3_natural,50,13,50.43333333333333,0.3252103924751282,0.5726895492693639
COHFACE_s14_session3_natural,50,14,50.46666666666667,0.3011344373226166,0.3334223735968792
COHFACE_s14_session3_natural,50,15,50.5,0.41991597414016724,0.08029040537150425
COHFACE_s14_session3_natural,50,16,50.53333333333333,0.402131050825119,-0.18965391160679398
COHFACE_s14_session3_natural,50,17,50.56666666666667,0.21765068173408508,-0.45787155842724864
COHFACE_s14_session3_natural,50,18,50.6,-0.01732800155878067,-0.6980188696280022
COHFACE_s14_session3_natural,50,19,50.63333333333333,-0.22659845650196075,-0.8891567800075767
COHFACE_s14_session3_natural,50,20,50.666666666666664,-0.3730945587158203,-1.0242846350670827
COHFACE_s14_session3_natural,50,21,50.7,-0.4494711458683014,-1.1121418306825648
COHFACE_s14_session3_natural,50,22,50.733333333333334,-0.49748703837394714,-1.1725700743021148
COHFACE_s14_session3_natural,50,23,50.766666666666666,-0.5756999254226685,-1.2277064964601558
COHFACE_s14_session3_natural,50,24,50.8,-0.675948441028595,-1.2924419379083476
COHFACE_s14_session3_natural,50,25,50.833333333333336,-0.7597382068634033,-1.367730464324753
COHFACE_s14_session3_natural,50,26,50.86666666666667,-0.8009530305862427,-1.4394163594503813
COHFACE_s14_session3_natural,50,27,50.9,-0.7446057200431824,-1.483277977819387
COHFACE_s14_session3_natural,50,28,50.93333333333333,-0.30950409173965454,-1.4744157237868132
COHFACE_s14_session3_natural,50,29,50.96666666666667,0.6396601796150208,-1.3970263275322157
COHFACE_s14_session3_natural,50,30,51.0,1.4421242475509644,-1.2502193640366046
COHFACE_s14_session3_natural,50,31,51.03333333333333,1.6477560997009277,-1.047522516391955
COHFACE_s14_session3_natural,50,32,51.06666666666667,1.464874029159546,-0.8112772509595839
COHFACE_s14_session3_natural,50,33,51.1,1.111283779144287,-0.5655122523369028
COHFACE_s14_session3_natural,50,34,51.13333333333333,0.7130442261695862,-0.3302875642162148
COHFACE_s14_session3_natural,50,35,51.166666666666664,0.5661400556564331,-0.1185222347020895
COHFACE_s14_session3_natural,50,36,51.2,0.7062771320343018,0.06478579344010303
COHFACE_s14_session3_natural,50,37,51.233333333333334,0.7784370183944702,0.2212716199728077
COHFACE_s14_session3_natural,50,38,51.266666666666666,0.6340832710266113,0.356432407477817
COHFACE_s14_session3_natural,50,39,51.3,0.3845161497592926,0.4762857051768948
COHFACE_s14_session3_natural,50,40,51.333333333333336,0.14209024608135223,0.5844318561214199
COHFACE_s14_session3_natural,50,41,51.36666666666667,-0.04055382311344147,0.680280953922007
COHFACE_s14_session3_natural,50,42,51.4,-0.13801386952400208,0.7588558180050168
COHFACE_s14_session3_natural,50,43,51.43333333333333,-0.20949363708496094,0.8121839721149661
COHFACE_s14_session3_natural,50,44,51.46666666666667,-0.2981122136116028,0.8318876890993989
COHFACE_s14_session3_natural,50,45,51.5,-0.42427298426628113,0.8122197622588114
COHFACE_s14_session3_natural,50,46,51.53333333333333,-0.5432586073875427,0.7525616856302235
COHFACE_s14_session3_natural,50,47,51.56666666666667,-0.6262322664260864,0.6584367775711568
COHFACE_s14_session3_natural,50,48,51.6,-0.6392223834991455,0.5405022532877563
COHFACE_s14_session3_natural,50,49,51.63333333333333,-0.2697855532169342,0.41175863044868066
COHFACE_s14_session3_natural,50,50,51.666666666666664,0.6130678057670593,0.2840774406520437
COHFACE_s14_session3_natural,50,51,51.7,1.3545938730239868,0.1655207669771922
COHFACE_s14_session3_natural,50,52,51.733333333333334,1.5303688049316406,0.05946404964783403
COHFACE_s14_session3_natural,50,53,51.766666666666666,1.315895438194275,-0.03440488601145129
COHFACE_s14_session3_natural,50,54,51.8,0.9272454977035522,-0.11794328325413221
COHFACE_s14_session3_natural,50,55,51.833333333333336,0.47228461503982544,-0.19234346859630227
COHFACE_s14_session3_natural,50,56,51.86666666666667,0.24852776527404785,-0.25676936753676344
COHFACE_s14_session3_natural,50,57,51.9,0.3149406909942627,-0.3082344187476762
COHFACE_s14_session3_natural,50,58,51.93333333333333,0.37268221378326416,-0.3425253127023581
COHFACE_s14_session3_natural,50,59,51.96666666666667,0.24121657013893127,-0.35565000947059816
COHFACE_s14_session3_natural,50,60,52.0,-0.013655396178364754,-0.3453313624261267
COHFACE_s14_session3_natural,50,61,52.03333333333333,-0.27447834610939026,-0.3121648466042461
COHFACE_s14_session3_natural,50,62,52.06666666666667,-0.4595367908477783,-0.25999116264256866
COHFACE_s14_session3_natural,50,63,52.1,-0.5758699774742126,-0.19513379202684863
COHFACE_s14_session3_natural,50,64,52.13333333333333,-0.6654406785964966,-0.12469525845837397
COHFACE_s14_session3_natural,50,65,52.166666666666664,-0.7704499959945679,-0.05472047596630833
COHFACE_s14_session3_natural,50,66,52.2,-0.8837566375732422,0.01082080070810115
COHFACE_s14_session3_natural,50,67,52.233333333333334,-1.0031503438949585,0.06975299643080918
COHFACE_s14_session3_natural,50,68,52.266666666666666,-1.0767384767532349,0.12044888967842352
COHFACE_s14_session3_natural,50,69,52.3,-0.9702668786048889,0.16054059988179903
COHFACE_s14_session3_natural,50,70,52.333333333333336,-0.30287301540374756,0.1864686519351408
COHFACE_s14_session3_natural,50,71,52.36666666666667,0.7663990259170532,0.19423164285379893
COHFACE_s14_session3_natural,50,72,52.4,1.4937447309494019,0.18109057260719855
COHFACE_s14_session3_natural,50,73,52.43333333333333,1.5899466276168823,0.1475229554422402
COHFACE_s14_session3_natural,50,74,52.46666666666667,1.3423517942428589,0.09852075604341412
COHFACE_s14_session3_natural,50,75,52.5,0.9753974080085754,0.0434316921814255
COHFACE_s14_session3_natural,50,76,52.53333333333333,0.5626375079154968,-0.006021482061757727
COHFACE_s14_session3_natural,50,77,52.56666666666667,0.37040382623672485,-0.03913532120814433
COHFACE_s14_session3_natural,50,78,52.6,0.4379729628562927,-0.049771657913362244
COHFACE_s14_session3_natural,50,79,52.63333333333333,0.4495348632335663,-0.038534895166716154
COHFACE_s14_session3_natural,50,80,52.666666666666664,0.2658706307411194,-0.012733514597111714
COHFACE_s14_session3_natural,50,81,52.7,-0.008452539332211018,0.015762505549218916
COHFACE_s14_session3_natural,50,82,52.733333333333334,-0.2507764399051666,0.03411247894343526
COHFACE_s14_session3_natural,50,83,52.766666666666666,-0.461849182844162,0.0325900145589562
COHFACE_s14_session3_natural,50,84,52.8,-0.5910704731941223,0.007868195237629093
COHFACE_s14_session3_natural,50,85,52.833333333333336,-0.6558511257171631,-0.03579475178542992
COHFACE_s14_session3_natural,50,86,52.86666666666667,-0.7448777556419373,-0.08805411943819944
COHFACE_s14_session3_natural,50,87,52.9,-0.8564161658287048,-0.1361161099892778
COHFACE_s14_session3_natural,50,88,52.93333333333333,-0.9405120015144348,-0.169052843318264
COHFACE_s14_session3_natural,50,89,52.96666666666667,-0.9592150449752808,-0.18109704878681787
COHFACE_s14_session3_natural,50,90,53.0,-0.780821681022644,-0.17276132902037186
COHFACE_s14_session3_natural,50,91,53.03333333333333,-0.038445476442575455,-0.1496070084356959
COHFACE_s14_session3_natural,50,92,53.06666666666667,1.0414363145828247,-0.1194042143878996
COHFACE_s14_session3_natural,50,93,53.1,1.6825778484344482,-0.08893685134681896
COHFACE_s14_session3_natural,50,94,53.13333333333333,1.7281453609466553,-0.0616925886670201
COHFACE_s14_session3_natural,50,95,53.166666666666664,1.505544662475586,-0.037227001977123274
COHFACE_s14_session3_natural,50,96,53.2,1.0938389301300049,-0.012309992951041014
COHFACE_s14_session3_natural,50,97,53.233333333333334,0.6323149800300598,0.016723709205582405
COHFACE_s14_session3_natural,50,98,53.266666666666666,0.45548585057258606,0.05148040696579319
COHFACE_s14_session3_natural,50,99,53.3,0.5145875811576843,0.09003753506244512
COHFACE_s14_session3_natural,50,100,53.333333333333336,0.5059501528739929,0.12728678295506546
COHFACE_s14_session3_natural,50,101,53.36666666666667,0.32599252462387085,0.15699328589768735
COHFACE_s14_session3_natural,50,102,53.4,0.038985271006822586,0.17442252722029866
COHFACE_s14_session3_natural,50,103,53.43333333333333,-0.2195252925157547,0.17800543990078674
COHFACE_s14_session3_natural,50,104,53.46666666666667,-0.3974425792694092,0.16925701670969281
COHFACE_s14_session3_natural,50,105,53.5,-0.5114973783493042,0.15136210189044016
COHFACE_s14_session3_natural,50,106,53.53333333333333,-0.5942670106887817,0.12752459256527307
COHFACE_s14_session3_natural,50,107,53.56666666666667,-0.7099200487136841,0.10001497140328983
COHFACE_s14_session3_natural,50,108,53.6,-0.8331562876701355,0.07013151355857562
COHFACE_s14_session3_natural,50,109,53.63333333333333,-0.9287460446357727,0.038650832310553454
COHFACE_s14_session3_natural,50,110,53.666666666666664,-0.967172384262085,0.006254018719570937
COHFACE_s14_session3_natural,50,111,53.7,-0.812242865562439,-0.026260499500648612
COHFACE_s14_session3_natural,50,112,53.733333333333334,-0.08275477588176727,-0.05785235444285423
COHFACE_s14_session3_natural,50,113,53.766666666666666,1.0553785562515259,-0.0870639475119205
COHFACE_s14_session3_natural,50,114,53.8,1.8004072904586792,-0.11191259595252276
COHFACE_s14_session3_natural,50,115,53.833333333333336,1.9000096321105957,-0.13010464211503148
COHFACE_s14_session3_natural,50,116,53.86666666666667,1.697438359260559,-0.1395831572479243
COHFACE_s14_session3_natural,50,117,53.9,1.2920575141906738,-0.1391111859864738
COHFACE_s14_session3_natural,50,118,53.93333333333333,0.7905430197715759,-0.12859290589992106
COHFACE_s14_session3_natural,50,119,53.96666666666667,0.5552582740783691,-0.10905294945052121
COHFACE_s14_session3_natural,50,120,54.0,0.6040562987327576,-0.08237037579260693
COHFACE_s14_session3_natural,50,121,54.03333333333333,0.6065046787261963,-0.050940450715579476
COHFACE_s14_session3_natural,50,122,54.06666666666667,0.41889581084251404,-0.01743483965088058
COHFACE_s14_session3_natural,50,123,54.1,0.12967820465564728,0.015306028023297112
COHFACE_s14_session3_natural,50,124,54.13333333333333,-0.154676616191864,0.04443476407196729
COHFACE_s14_session3_natural,50,125,54.166666666666664,-0.36170271039009094,0.06750560534047098
COHFACE_s14_session3_natural,50,126,54.2,-0.4954807162284851,0.0829963301317978
COHFACE_s14_session3_natural,50,127,54.233333333333334,-0.5761420130729675,0.09056450108985872
COHFACE_s14_session3_natural,50,128,54.266666666666666,-0.6767645478248596,0.09085266082588127
COHFACE_s14_session3_natural,50,129,54.3,-0.8089783191680908,0.08502875860162477
COHFACE_s14_session3_natural,50,130,54.333333333333336,-0.9216048717498779,0.07438172889988462
COHFACE_s14_session3_natural,50,131,54.36666666666667,-0.997165322303772,0.060144794276017995
COHFACE_s14_session3_natural,50,132,54.4,-0.9953629970550537,0.043491765724103106
COHFACE_s14_session3_natural,50,133,54.43333333333333,-0.5668244957923889,0.025561458102157056
COHFACE_s14_session3_natural,50,134,54.46666666666667,0.5006452798843384,0.007471056922235929
COHFACE_s14_session3_natural,50,135,54.5,1.513535976409912,-0.009623533051915423
COHFACE_s14_session3_natural,50,136,54.53333333333333,1.8469609022140503,-0.024446603611712796
COHFACE_s14_session3_natural,50,137,54.56666666666667,1.7089321613311768,-0.03565566633249455
COHFACE_s14_session3_natural,50,138,54.6,1.3670399188995361,-0.042152697195227545
COHFACE_s14_session3_natural,50,139,54.63333333333333,0.8662734627723694,-0.04359188481328252
COHFACE_s14_session3_natural,50,140,54.666666666666664,0.5085005760192871,-0.04082091970719485
COHFACE_s14_session3_natural,50,141,54.7,0.48734909296035767,-0.03592363740549569
COHFACE_s14_session3_natural,50,142,54.733333333333334,0.5498853921890259,-0.03167387371390796
COHFACE_s14_session3_natural,50,143,54.766666666666666,0.4176716208457947,-0.03052019210047048
COHFACE_s14_session3_natural,50,144,54.8,0.1391657590866089,-0.03353641003205475
COHFACE_s14_session3_natural,50,145,54.833333333333336,-0.14151644706726074,-0.03986140629157859
COHFACE_s14_session3_natural,50,146,54.86666666666667,-0.3904034197330475,-0.046912865614246624
COHFACE_s14_session3_natural,50,147,54.9,-0.5473052263259888,-0.05128138372403152
COHFACE_s14_session3_natural,50,148,54.93333333333333,-0.6525185704231262,-0.04994709666114113
COHFACE_s14_session3_natural,50,149,54.96666666666667,-0.7409671545028687,-0.0413872697092703
COHFACE_s14_session3_natural,50,150,55.0,-0.8440721035003662,-0.026209592552052317
COHFACE_s14_session3_natural,50,151,55.03333333333333,-0.9746536016464233,-0.0070705003192340025
COHFACE_s14_session3_natural,50,152,55.06666666666667,-1.0901706218719482,0.012202575452340058
COHFACE_s14_session3_natural,50,153,55.1,-1.167465329170227,0.028085257146616024
COHFACE_s14_session3_natural,50,154,55.13333333333333,-1.107649564743042,0.038844968243379005
COHFACE_s14_session3_natural,50,155,55.166666666666664,-0.5108172297477722,0.04527928253270804
COHFACE_s14_session3_natural,50,156,55.2,0.639150083065033,0.05021314635501603
COHFACE_s14_session3_natural,50,157,55.233333333333334,1.500817894935608,0.05689525085604085
COHFACE_s14_session3_natural,50,158,55.266666666666666,1.6480962038040161,0.06707016877322722
COHFACE_s14_session3_natural,50,159,55.3,1.4394718408584595,0.07974735243403748
COHFACE_s14_session3_natural,50,160,55.333333333333336,1.0622817277908325,0.0913475295891989
COHFACE_s14_session3_natural,50,161,55.36666666666667,0.5673302412033081,0.0971779853112579
COHFACE_s14_session3_natural,50,162,55.4,0.291476845741272,0.0934849683458434
COHFACE_s14_session3_natural,50,163,55.43333333333333,0.335514098405838,0.0790417841780162
COHFACE_s14_session3_natural,50,164,55.46666666666667,0.3536730706691742,0.055521739241640146
COHFACE_s14_session3_natural,50,165,55.5,0.1781361848115921,0.02659810651590526
COHFACE_s14_session3_natural,50,166,55.53333333333333,-0.10479039698839188,-0.0035944724333559688
COHFACE_s14_session3_natural,50,167,55.56666666666667,-0.37618908286094666,-0.031746004630300494
COHFACE_s14_session3_natural,50,168,55.6,-0.5854595303535461,-0.05585112579941369
COHFACE_s14_session3_natural,50,169,55.63333333333333,-0.7365124225616455,-0.07493577717213597
COHFACE_s14_session3_natural,50,170,55.666666666666664,-0.848152756690979,-0.08849744243520824
COHFACE_s14_session3_natural,50,171,55.7,-0.9036499261856079,-0.09614390658937311
COHFACE_s14_session3_natural,50,172,55.733333333333334,-0.9997837543487549,-0.0976187006272105
COHFACE_s14_session3_natural,50,173,55.766666666666666,-1.1344459056854248,-0.09307611339980473
COHFACE_s14_session3_natural,50,174,55.8,-1.258872389793396,-0.0833524881749448
COHFACE_s14_session3_natural,50,175,55.833333333333336,-1.3329025506973267,-0.07003782677396309
COHFACE_s14_session3_natural,50,176,55.86666666666667,-1.3039298057556152,-0.0552506725139387
COHFACE_s14_session3_natural,50,177,55.9,-0.8208122849464417,-0.041140894347187484
COHFACE_s14_session3_natural,50,178,55.93333333333333,0.30004626512527466,-0.02928962568528137
COHFACE_s14_session3_natural,50,179,55.96666666666667,1.3165415525436401,-0.020256155889840113
COHFACE_s14_session3_natural,50,180,56.0,1.634935975074768,-0.013463333371507147
COHFACE_s14_session3_natural,50,181,56.03333333333333,1.4919764995574951,-0.0074543212714763985
COHFACE_s14_session3_natural,50,182,56.06666666666667,1.199188232421875,-0.00039550574488862093
COHFACE_s14_session3_natural,50,183,56.1,0.7125001549720764,0.009365204389681735
COHFACE_s14_session3_natural,50,184,56.13333333333333,0.32140177488327026,0.022822853848861367
COHFACE_s14_session3_natural,50,185,56.166666666666664,0.27148154377937317,0.03996243909240999
COHFACE_s14_session3_natural,50,186,56.2,0.3298351466655731,0.05952271804228388
COHFACE_s14_session3_natural,50,187,56.233333333333334,0.2137400358915329,0.07892379974388516
COHFACE_s14_session3_natural,50,188,56.266666666666666,-0.03599707409739494,0.09450983034718781
COHFACE_s14_session3_natural,50,189,56.3,-0.3192977011203766,0.10227650850730803
COHFACE_s14_session3_natural,50,190,56.333333333333336,-0.5771281719207764,0.09907543082410117
COHFACE_s14_session3_natural,50,191,56.36666666666667,-0.763580858707428,0.08394402290148519
COHFACE_s14_session3_natural,50,192,56.4,-0.8811042308807373,0.0589035301372597
COHFACE_s14_session3_natural,50,193,56.43333333333333,-0.9440825581550598,0.028629246515982698
COHFACE_s14_session3_natural,50,194,56.46666666666667,-1.0108355283737183,-0.0010458584335777963
COHFACE_s14_session3_natural,50,195,56.5,-1.1154367923736572,-0.02512244837192364
COHFACE_s14_session3_natural,50,196,56.53333333333333,-1.262374997138977,-0.0409005187122574
COHFACE_s14_session3_natural,50,197,56.56666666666667,-1.3787420988082886,-0.04822855056358416
COHFACE_s14_session3_natural,50,198,56.6,-1.4181206226348877,-0.04869107922724994
COHFACE_s14_session3_natural,50,199,56.63333333333333,-1.3031476736068726,-0.04450896442822469
COHFACE_s14_session3_natural,50,200,56.666666666666664,-0.6578914523124695,-0.037783422565379594
COHFACE_s14_session3_natural,50,201,56.7,0.4981628656387329,-0.030181710819148284
COHFACE_s14_session3_natural,50,202,56.733333333333334,1.3206902742385864,-0.022852770130682924
COHFACE_s14_session3_natural,50,203,56.766666666666666,1.4545363187789917,-0.016377300038590982
COHFACE_s14_session3_natural,50,204,56.8,1.2807337045669556,-0.010704970051468596
COHFACE_s14_session3_natural,50,205,56.833333333333336,0.9832187294960022,-0.005160241694626549
COHFACE_s14_session3_natural,50,206,56.86666666666667,0.5213546752929688,0.0013647955317336031
COHFACE_s14_session3_natural,50,207,56.9,0.23444944620132446,0.009963436637933207
COHFACE_s14_session3_natural,50,208,56.93333333333333,0.24845975637435913,0.021060951546694857
COHFACE_s14_session3_natural,50,209,56.96666666666667,0.29402726888656616,0.03379199238467629
COHFACE_s14_session3_natural,50,210,57.0,0.16130340099334717,0.045817705533149095
COHFACE_s14_session3_natural,50,211,57.03333333333333,-0.1067967340350151,0.053857551702798295
COHFACE_s14_session3_natural,50,212,57.06666666666667,-0.3653753101825714,0.0547177877809595
COHFACE_s14_session3_natural,50,213,57.1,-0.5785223841667175,0.046265256944137675
COHFACE_s14_session3_natural,50,214,57.13333333333333,-0.7422593235969543,0.028005916112260883
COHFACE_s14_session3_natural,50,215,57.166666666666664,-0.8556340336799622,0.0012788835788467134
COHFACE_s14_session3_natural,50,216,57.2,-0.9188504219055176,-0.03089836547147231
COHFACE_s14_session3_natural,50,217,57.233333333333334,-0.9894120693206787,-0.06438852123344224
COHFACE_s14_session3_natural,50,218,57.266666666666666,-1.095679521560669,-0.09481626415954811
COHFACE_s14_session3_natural,50,219,57.3,-1.2317359447479248,-0.11846609150319976
COHFACE_s14_session3_natural,50,220,57.333333333333336,-1.3373233079910278,-0.13285372496841355
COHFACE_s14_session3_natural,50,221,57.36666666666667,-1.4046204090118408,-0.1368216729710548
COHFACE_s14_session3_natural,50,222,57.4,-1.3593589067459106,-0.13028316821983366
COHFACE_s14_session3_natural,50,223,57.43333333333333,-0.8959986567497253,-0.11389717981248298
COHFACE_s14_session3_natural,50,224,57.46666666666667,0.13732945919036865,-0.08889366403968946
COHFACE_s14_session3_natural,50,225,57.5,1.012123465538025,-0.05706727767035813
COHFACE_s14_session3_natural,50,226,57.53333333333333,1.2417973279953003,-0.020787937804259367
COHFACE_s14_session3_natural,50,227,57.56666666666667,1.0811208486557007,0.01714660193484778
COHFACE_s14_session3_natural,50,228,57.6,0.789828896522522,0.053861389690683825
COHFACE_s14_session3_natural,50,229,57.63333333333333,0.38165968656539917,0.08683821060834464
COHFACE_s14_session3_natural,50,230,57.666666666666664,0.10825467109680176,0.11424036067849215
COHFACE_s14_session3_natural,50,231,57.7,0.11049904674291611,0.13498036452151993
COHFACE_s14_session3_natural,50,232,57.733333333333334,0.18116268515586853,0.148505392910322
COHFACE_s14_session3_natural,50,233,57.766666666666666,0.10679243505001068,0.1544341442944407
COHFACE_s14_session3_natural,50,234,57.8,-0.11801857501268387,0.1523008812971394
COHFACE_s14_session3_natural,50,235,57.833333333333336,-0.3785354793071747,0.14162593336287546
COHFACE_s14_session3_natural,50,236,57.86666666666667,-0.5755298733711243,0.12230698276172988
COHFACE_s14_session3_natural,50,237,57.9,-0.7369544506072998,0.0950804299947231
COHFACE_s14_session3_natural,50,238,57.93333333333333,-0.8297897577285767,0.061740548005341164
COHFACE_s14_session3_natural,50,239,57.96666666666667,-0.8730108737945557,0.02498381563970464
