recording_id,measurement_id,sample_index,time_seconds,gt_signal,predicted_signal
COHFACE_s09_session2_natural,0,0,0.0,-7.693410396575928,-0.11702730893306654
COHFACE_s09_session2_natural,0,1,0.03333333333333333,-5.764875888824463,-0.025272872097464746
COHFACE_s09_session2_natural,0,2,0.06666666666666667,-1.0685360431671143,0.0705283537314142
COHFACE_s09_session2_natural,0,3,0.1,-0.49957624077796936,0.1686757117736775
COHFACE_s09_session2_natural,0,4,0.13333333333333333,-1.3037554025650024,0.2633108868632043
COHFACE_s09_session2_natural,0,5,0.16666666666666666,-1.2285268306732178,0.3448008097761393
COHFACE_s09_session2_natural,0,6,0.2,-1.2211194038391113,0.40290464328415465
COHFACE_s09_session2_natural,0,7,0.23333333333333334,-1.3730356693267822,0.43048203250151357
COHFACE_s09_session2_natural,0,8,0.26666666666666666,-1.2028160095214844,0.4260289726807902
COHFACE_s09_session2_natural,0,9,0.3,-0.3697851896286011,0.39423625406316476
COHFACE_s09_session2_natural,0,10,0.3333333333333333,0.6166767477989197,0.3444600884866741
COHFACE_s09_session2_natural,0,11,0.36666666666666664,1.0356937646865845,0.2876953791658376
COHFACE_s09_session2_natural,0,12,0.4,1.0391960144042969,0.2332767650380629
COHFACE_s09_session2_natural,0,13,0.43333333333333335,0.95729660987854,0.18691260242815208
COHFACE_s09_session2_natural,0,14,0.4666666666666667,0.8679202198982239,0.15039830361906695
COHFACE_s09_session2_natural,0,15,0.5,0.7054833769798279,0.12207820183772207
COHFACE_s09_session2_natural,0,16,0.5333333333333333,0.4812849164009094,0.09761452098171092
COHFACE_s09_session2_natural,0,17,0.5666666666666667,0.31734713912010193,0.07123180472300623
COHFACE_s09_session2_natural,0,18,0.6,0.26040807366371155,0.03730320501546047
COHFACE_s09_session2_natural,0,19,0.6333333333333333,0.2426467388868332,-0.00817484370452503
COHFACE_s09_session2_natural,0,20,0.6666666666666666,0.16361026465892792,-0.06653700736075067
COHFACE_s09_session2_natural,0,21,0.7,0.026133771985769272,-0.13598035713573942
COHFACE_s09_session2_natural,0,22,0.7333333333333333,-0.12354494631290436,-0.2117167038499656
COHFACE_s09_session2_natural,0,23,0.7666666666666667,-0.29280558228492737,-0.2866942234188948
COHFACE_s09_session2_natural,0,24,0.8,-0.48223185539245605,-0.3527308259235188
COHFACE_s09_session2_natural,0,25,0.8333333333333334,-0.6425979137420654,-0.40181382946593275
COHFACE_s09_session2_natural,0,26,0.8666666666666667,-0.7657875418663025,-0.4273396092471983
COHFACE_s09_session2_natural,0,27,0.9,-0.8688115477561951,-0.42510011485829646
COHFACE_s09_session2_natural,0,28,0.9333333333333333,-0.9561588764190674,-0.39410600413381974
COHFACE_s09_session2_natural,0,29,0.9666666666666667,-1.0393785238265991,-0.33754217055785096
COHFACE_s09_session2_natural,0,30,1.0,-1.111090898513794,-0.26373706708098954
COHFACE_s09_session2_natural,0,31,1.0333333333333334,-1.1840957403182983,-0.18659835097821725
COHFACE_s09_session2_natural,0,32,1.0666666666666667,-1.2830616235733032,-0.12435487696652657
COHFACE_s09_session2_natural,0,33,1.1,-1.2541821002960205,-0.09518419556103881
COHFACE_s09_session2_natural,0,34,1.1333333333333333,-0.6901282072067261,-0.11083424230123458
COHFACE_s09_session2_natural,0,35,1.1666666666666667,0.2944575250148773,-0.17172486625656924
COHFACE_s09_session2_natural,0,36,1.2,0.8526604771614075,-0.26566114744207836
COHFACE_s09_session2_natural,0,37,1.2333333333333334,0.9025672674179077,-0.37048060667169935
COHFACE_s09_session2_natural,0,38,1.2666666666666666,0.7958325743675232,-0.45954668841583385
COHFACE_s09_session2_natural,0,39,1.3,0.6759228706359863,-0.5078268491641643
COHFACE_s09_session2_natural,0,40,1.3333333333333333,0.5157791376113892,-0.4969259343859437
COHFACE_s09_session2_natural,0,41,1.3666666666666667,0.29363757371902466,-0.41832291919498943
COHFACE_s09_session2_natural,0,42,1.4,0.12411287426948547,-0.27433347162921007
COHFACE_s09_session2_natural,0,43,1.4333333333333333,0.04250531643629074,-0.07660307133885219
COHFACE_s09_session2_natural,0,44,1.4666666666666666,0.024354860186576843,0.15717035367164936
COHFACE_s09_session2_natural,0,45,1.5,-0.01184876635670662,0.4068398783415478
COHFACE_s09_session2_natural,0,46,1.5333333333333334,-0.13253678381443024,0.6525309837314548
COHFACE_s09_session2_natural,0,47,1.5666666666666667,-0.29978224635124207,0.8757345104013861
COHFACE_s09_session2_natural,0,48,1.6,-0.46101000905036926,1.0590271550173678
COHFACE_s09_session2_natural,0,49,1.6333333333333333,-0.6327027678489685,1.1855588350112243
COHFACE_s09_session2_natural,0,50,1.6666666666666667,-0.7975577712059021,1.2396985967967502
COHFACE_s09_session2_natural,0,51,1.7,-0.9317682981491089,1.2100701423925178
COHFACE_s09_session2_natural,0,52,1.7333333333333334,-1.0433533191680908,1.0938855399561993
COHFACE_s09_session2_natural,0,53,1.7666666666666666,-1.1287410259246826,0.8993816262373796
COHFACE_s09_session2_natural,0,54,1.8,-1.1950610876083374,0.6450259428463857
COHFACE_s09_session2_natural,0,55,1.8333333333333333,-1.2528479099273682,0.35633603166444944
COHFACE_s09_session2_natural,0,56,1.8666666666666667,-1.3019208908081055,0.061518340258656545
COHFACE_s09_session2_natural,0,57,1.9,-1.369338870048523,-0.21275656802357532
COHFACE_s09_session2_natural,0,58,1.9333333333333333,-1.4518496990203857,-0.44461679883478983
COHFACE_s09_session2_natural,0,59,1.9666666666666666,-1.375064730644226,-0.6190331577129944
COHFACE_s09_session2_natural,0,60,2.0,-0.6849860548973083,-0.7287488000490144
COHFACE_s09_session2_natural,0,61,2.033333333333333,0.4167160093784332,-0.7744389260984058
COHFACE_s09_session2_natural,0,62,2.066666666666667,0.9985312223434448,-0.7639109605382081
COHFACE_s09_session2_natural,0,63,2.1,1.0479098558425903,-0.709684710799607
COHFACE_s09_session2_natural,0,64,2.1333333333333333,0.9806170463562012,-0.6254220874527896
COHFACE_s09_session2_natural,0,65,2.1666666666666665,0.9070701599121094,-0.5227715328296638
COHFACE_s09_session2_natural,0,66,2.2,0.7839916944503784,-0.40966612852379874
COHFACE_s09_session2_natural,0,67,2.2333333333333334,0.5821825861930847,-0.29039578035125646
COHFACE_s09_session2_natural,0,68,2.2666666666666666,0.3906160295009613,-0.16699272160710482
COHFACE_s09_session2_natural,0,69,2.3,0.2858409285545349,-0.040827429168319274
COHFACE_s09_session2_natural,0,70,2.3333333333333335,0.2558912932872772,0.0859980029342911
COHFACE_s09_session2_natural,0,71,2.3666666666666667,0.22615012526512146,0.20913624175997086
COHFACE_s09_session2_natural,0,72,2.4,0.11469020694494247,0.32059329930790365
COHFACE_s09_session2_natural,0,73,2.433333333333333,-0.041992977261543274,0.40823741995088875
COHFACE_s09_session2_natural,0,74,2.466666666666667,-0.2113230973482132,0.456996188214834
COHFACE_s09_session2_natural,0,75,2.5,-0.38041695952415466,0.4522771297803214
COHFACE_s09_session2_natural,0,76,2.533333333333333,-0.5425897836685181,0.38447527251433106
COHFACE_s09_session2_natural,0,77,2.566666666666667,-0.6838464140892029,0.2519706308194568
COHFACE_s09_session2_natural,0,78,2.6,-0.7973909974098206,0.06174946715062726
COHFACE_s09_session2_natural,0,79,2.6333333333333333,-0.8999285697937012,-0.17134914809875865
COHFACE_s09_session2_natural,0,80,2.6666666666666665,-0.9876094460487366,-0.4259089656556728
COHFACE_s09_session2_natural,0,81,2.7,-1.0436313152313232,-0.6752848318688185
COHFACE_s09_session2_natural,0,82,2.7333333333333334,-1.0874230861663818,-0.8893336447101793
COHFACE_s09_session2_natural,0,83,2.7666666666666666,-1.163957953453064,-1.0374491840933882
COHFACE_s09_session2_natural,0,84,2.8,-1.2370878458023071,-1.0931563604544854
COHFACE_s09_session2_natural,0,85,2.8333333333333335,-1.0799599885940552,-1.03964297116165
COHFACE_s09_session2_natural,0,86,2.8666666666666667,-0.260465532541275,-0.8747507845678204
COHFACE_s09_session2_natural,0,87,2.9,0.7742772102355957,-0.6133155039363453
COHFACE_s09_session2_natural,0,88,2.933333333333333,1.242631196975708,-0.28532430167482997
COHFACE_s09_session2_natural,0,89,2.966666666666667,1.26981520652771,0.07067387407860243
COHFACE_s09_session2_natural,0,90,3.0,1.193085789680481,0.41652217213622617
COHFACE_s09_session2_natural,0,91,3.033333333333333,1.0983030796051025,0.7209136037572177
COHFACE_s09_session2_natural,0,92,3.066666666666667,0.9472763538360596,0.9616676552113148
COHFACE_s09_session2_natural,0,93,3.1,0.7427154183387756,1.1255714789283944
COHFACE_s09_session2_natural,0,94,3.1333333333333333,0.5743164420127869,1.2072226058035538
COHFACE_s09_session2_natural,0,95,3.1666666666666665,0.5001441836357117,1.2075588091222766
COHFACE_s09_session2_natural,0,96,3.2,0.492681086063385,1.1326204050985118
COHFACE_s09_session2_natural,0,97,3.2333333333333334,0.43686774373054504,0.9928572091615527
COHFACE_s09_session2_natural,0,98,3.2666666666666666,0.2973482608795166,0.8026753173769339
COHFACE_s09_session2_natural,0,99,3.3,0.12211159616708755,0.5794331086812582
COHFACE_s09_session2_natural,0,100,3.3333333333333335,-0.06632792949676514,0.3417047770405064
COHFACE_s09_session2_natural,0,101,3.3666666666666667,-0.2547118663787842,0.10733434384803733
COHFACE_s09_session2_natural,0,102,3.4,-0.4382871687412262,-0.10826683855620495
COHFACE_s09_session2_natural,0,103,3.433333333333333,-0.6000430583953857,-0.2932649773286057
COHFACE_s09_session2_natural,0,104,3.466666666666667,-0.7280134558677673,-0.43988205030905814
COHFACE_s09_session2_natural,0,105,3.5,-0.8248668909072876,-0.5442957313684851
COHFACE_s09_session2_natural,0,106,3.533333333333333,-0.8931742906570435,-0.6061503965776859
COHFACE_s09_session2_natural,0,107,3.566666666666667,-0.962051510810852,-0.6279201585417787
COHFACE_s09_session2_natural,0,108,3.6,-1.0516363382339478,-0.614129461971947
COHFACE_s09_session2_natural,0,109,3.6333333333333333,-1.1339387893676758,-0.5702334870134133
COHFACE_s09_session2_natural,0,110,3.6666666666666665,-1.0594607591629028,-0.5014422100298032
COHFACE_s09_session2_natural,0,111,3.7,-0.3868377208709717,-0.4122129119518679
COHFACE_s09_session2_natural,0,112,3.7333333333333334,0.6953657865524292,-0.3066045259710189
COHFACE_s09_session2_natural,0,113,3.7666666666666666,1.3043510913848877,-0.18911079779273435
COHFACE_s09_session2_natural,0,114,3.8,1.3858336210250854,-0.06545704012542111
COHFACE_s09_session2_natural,0,115,3.8333333333333335,1.297666311264038,0.057166799812346535
COHFACE_s09_session2_natural,0,116,3.8666666666666667,1.173392653465271,0.17067399657737348
COHFACE_s09_session2_natural,0,117,3.9,1.0040485858917236,0.267337839155657
COHFACE_s09_session2_natural,0,118,3.933333333333333,0.7918022274971008,0.3411169806463053
COHFACE_s09_session2_natural,0,119,3.966666666666667,0.6117708683013916,0.38806859008673605
COHFACE_s09_session2_natural,0,120,4.0,0.5374596118927002,0.4057799319747736
COHFACE_s09_session2_natural,0,121,4.033333333333333,0.539447009563446,0.392668353610945
COHFACE_s09_session2_natural,0,122,4.066666666666666,0.5048971772193909,0.3478091513987137
COHFACE_s09_session2_natural,0,123,4.1,0.38131844997406006,0.27158148116416536
COHFACE_s09_session2_natural,0,124,4.133333333333334,0.20328833162784576,0.1667111549869175
COHFACE_s09_session2_natural,0,125,4.166666666666667,0.012263821437954903,0.03868491494501743
COHFACE_s09_session2_natural,0,126,4.2,-0.18746067583560944,-0.1047832611590434
COHFACE_s09_session2_natural,0,127,4.233333333333333,-0.3720088303089142,-0.254766206109852
COHFACE_s09_session2_natural,0,128,4.266666666666667,-0.525481641292572,-0.4019785649866712
COHFACE_s09_session2_natural,0,129,4.3,-0.6708937287330627,-0.5368294618522006
COHFACE_s09_session2_natural,0,130,4.333333333333333,-0.781644880771637,-0.6489453070312351
COHFACE_s09_session2_natural,0,131,4.366666666666666,-0.8578323125839233,-0.72726927708993
COHFACE_s09_session2_natural,0,132,4.4,-0.9439427256584167,-0.7609780370814045
COHFACE_s09_session2_natural,0,133,4.433333333333334,-1.033833384513855,-0.7405197917273292
COHFACE_s09_session2_natural,0,134,4.466666666666667,-0.9603142738342285,-0.6587391566485548
COHFACE_s09_session2_natural,0,135,4.5,-0.29744744300842285,-0.5126861661572556
COHFACE_s09_session2_natural,0,136,4.533333333333333,0.7468847632408142,-0.3060965206961616
COHFACE_s09_session2_natural,0,137,4.566666666666666,1.325989842414856,-0.05183331224146463
COHFACE_s09_session2_natural,0,138,4.6,1.3796212673187256,0.22718153701724694
COHFACE_s09_session2_natural,0,139,4.633333333333334,1.2594614028930664,0.5004277828985966
COHFACE_s09_session2_natural,0,140,4.666666666666667,1.0829460620880127,0.735620433887754
COHFACE_s09_session2_natural,0,141,4.7,0.8536611199378967,0.9058961536007084
COHFACE_s09_session2_natural,0,142,4.733333333333333,0.616398811340332,0.9955558252898953
COHFACE_s09_session2_natural,0,143,4.766666666666667,0.4730435609817505,1.0013701780405806
COHFACE_s09_session2_natural,0,144,4.8,0.43485257029533386,0.9295858361438208
COHFACE_s09_session2_natural,0,145,4.833333333333333,0.43357396125793457,0.7918024052044232
COHFACE_s09_session2_natural,0,146,4.866666666666666,0.38607147336006165,0.6019379296788018
COHFACE_s09_session2_natural,0,147,4.9,0.24535679817199707,0.37502606382110365
COHFACE_s09_session2_natural,0,148,4.933333333333334,0.05966902896761894,0.12743730714139967
COHFACE_s09_session2_natural,0,149,4.966666666666667,-0.12372561544179916,-0.1228490110010203
COHFACE_s09_session2_natural,0,150,5.0,-0.29369503259658813,-0.35671591851057977
COHFACE_s09_session2_natural,0,151,5.033333333333333,-0.43982982635498047,-0.5551107358691674
COHFACE_s09_session2_natural,0,152,5.066666666666666,-0.5828237533569336,-0.7008029188606412
COHFACE_s09_session2_natural,0,153,5.1,-0.7381865978240967,-0.7803794997889886
COHFACE_s09_session2_natural,0,154,5.133333333333334,-0.8374165296554565,-0.7860856575386332
COHFACE_s09_session2_natural,0,155,5.166666666666667,-0.9111718535423279,-0.7170873643750444
COHFACE_s09_session2_natural,0,156,5.2,-0.9756296277046204,-0.5799055076178752
COHFACE_s09_session2_natural,0,157,5.233333333333333,-0.7673857808113098,-0.3879667240402916
COHFACE_s09_session2_natural,0,158,5.266666666666667,0.04870370775461197,-0.16035391077191619
COHFACE_s09_session2_natural,0,159,5.3,0.9832019805908203,0.08003570006908552
COHFACE_s09_session2_natural,0,160,5.333333333333333,1.3743817806243896,0.30874866817893554
COHFACE_s09_session2_natural,0,161,5.366666666666666,1.3474619388580322,0.5022889078128379
COHFACE_s09_session2_natural,0,162,5.4,1.1973801851272583,0.6407756718349276
COHFACE_s09_session2_natural,0,163,5.433333333333334,1.0071200132369995,0.7106160781383134
COHFACE_s09_session2_natural,0,164,5.466666666666667,0.7687875628471375,0.7066158148776759
COHFACE_s09_session2_natural,0,165,5.5,0.5543453693389893,0.6325769184889632
COHFACE_s09_session2_natural,0,166,5.533333333333333,0.4612443745136261,0.5002219671803768
COHFACE_s09_session2_natural,0,167,5.566666666666666,0.46444085240364075,0.32710175156686466
COHFACE_s09_session2_natural,0,168,5.6,0.45957663655281067,0.13389372472219385
COHFACE_s09_session2_natural,0,169,5.633333333333334,0.36404356360435486,-0.05878742811510157
COHFACE_s09_session2_natural,0,170,5.666666666666667,0.22010460495948792,-0.23348846693236316
COHFACE_s09_session2_natural,0,171,5.7,0.05064939334988594,-0.3779339644037242
COHFACE_s09_session2_natural,0,172,5.733333333333333,-0.14073646068572998,-0.48553412014134484
COHFACE_s09_session2_natural,0,173,5.766666666666667,-0.3014221787452698,-0.5545776528824957
COHFACE_s09_session2_natural,0,174,5.8,-0.4420812726020813,-0.5866918021433376
COHFACE_s09_session2_natural,0,175,5.833333333333333,-0.5828376412391663,-0.5853986361135564
COHFACE_s09_session2_natural,0,176,5.866666666666666,-0.7043178081512451,-0.5550547806595508
COHFACE_s09_session2_natural,0,177,5.9,-0.7986835241317749,-0.49990152426577483
COHFACE_s09_session2_natural,0,178,5.933333333333334,-0.7488183975219727,-0.4231818723791068
COHFACE_s09_session2_natural,0,179,5.966666666666667,-0.18047010898590088,-0.32657249436013436
COHFACE_s09_session2_natural,0,180,6.0,0.7617692351341248,-0.21048738291793134
COHFACE_s09_session2_natural,0,181,6.033333333333333,1.3528542518615723,-0.07595909885003883
COHFACE_s09_session2_natural,0,182,6.066666666666666,1.461159348487854,0.0727331292387051
COHFACE_s09_session2_natural,0,183,6.1,1.3560645580291748,0.22688262072496093
COHFACE_s09_session2_natural,0,184,6.133333333333334,1.2025779485702515,0.3742524155954918
COHFACE_s09_session2_natural,0,185,6.166666666666667,0.9885804057121277,0.5009773650928662
COHFACE_s09_session2_natural,0,186,6.2,0.7431740164756775,0.5935186962788938
COHFACE_s09_session2_natural,0,187,6.233333333333333,0.5876165628433228,0.6400692681853456
COHFACE_s09_session2_natural,0,188,6.266666666666667,0.5494950413703918,0.6316703148068875
COHFACE_s09_session2_natural,0,189,6.3,0.5461317896842957,0.5640151412266978
COHFACE_s09_session2_natural,0,190,6.333333333333333,0.4729740619659424,0.4394825625838542
COHFACE_s09_session2_natural,0,191,6.366666666666666,0.3176945745944977,0.2675756452848854
COHFACE_s09_session2_natural,0,192,6.4,0.15100501477718353,0.06346810358149335
COHFACE_s09_session2_natural,0,193,6.433333333333334,-0.025565840303897858,-0.15403988465206347
COHFACE_s09_session2_natural,0,194,6.466666666666667,-0.22509576380252838,-0.36432600870723936
COHFACE_s09_session2_natural,0,195,6.5,-0.3877132833003998,-0.5463371428038353
COHFACE_s09_session2_natural,0,196,6.533333333333333,-0.5093046426773071,-0.6800317194367945
COHFACE_s09_session2_natural,0,197,6.566666666666666,-0.638748288154602,-0.7487701062882437
COHFACE_s09_session2_natural,0,198,6.6,-0.7721249461174011,-0.7423120931699345
COHFACE_s09_session2_natural,0,199,6.633333333333334,-0.8261037468910217,-0.6588523173322237
COHFACE_s09_session2_natural,0,200,6.666666666666667,-0.5131404399871826,-0.5054721451011421
COHFACE_s09_session2_natural,0,201,6.7,0.37814974784851074,-0.29744343774740534
COHFACE_s09_session2_natural,0,202,6.733333333333333,1.2058160305023193,-0.0566880465683126
COHFACE_s09_session2_natural,0,203,6.766666666666667,1.512539267539978,0.19050831393108567
COHFACE_s09_session2_natural,0,204,6.8,1.516917109489441,0.41657064505013847
COHFACE_s09_session2_natural,0,205,6.833333333333333,1.4337947368621826,0.5965705559087076
COHFACE_s09_session2_natural,0,206,6.866666666666666,1.3006125688552856,0.7121981994755561
COHFACE_s09_session2_natural,0,207,6.9,1.0731760263442993,0.7541424359413964
COHFACE_s09_session2_natural,0,208,6.933333333333334,0.8259767889976501,0.7224937147989945
COHFACE_s09_session2_natural,0,209,6.966666666666667,0.6759506464004517,0.6260479876549722
COHFACE_s09_session2_natural,0,210,7.0,0.6100058555603027,0.48088160638616123
COHFACE_s09_session2_natural,0,211,7.033333333333333,0.549856424331665,0.30797265189389295
COHFACE_s09_session2_natural,0,212,7.066666666666666,0.4294324517250061,0.1301244646837198
COHFACE_s09_session2_natural,0,213,7.1,0.2393529713153839,-0.03104894012855778
COHFACE_s09_session2_natural,0,214,7.133333333333334,0.03593168035149574,-0.15780695714147214
COHFACE_s09_session2_natural,0,215,7.166666666666667,-0.16430702805519104,-0.23881279536218586
COHFACE_s09_session2_natural,0,216,7.2,-0.3703272044658661,-0.27117925442421864
COHFACE_s09_session2_natural,0,217,7.233333333333333,-0.5378923416137695,-0.26118476014888764
COHFACE_s09_session2_natural,0,218,7.266666666666667,-0.66117924451828,-0.22291769131728437
COHFACE_s09_session2_natural,0,219,7.3,-0.7710409164428711,-0.1744220045707382
COHFACE_s09_session2_natural,0,220,7.333333333333333,-0.8793460130691528,-0.13251815222525878
COHFACE_s09_session2_natural,0,221,7.366666666666666,-0.9805632829666138,-0.10887478038564481
COHFACE_s09_session2_natural,0,222,7.4,-0.9218036532402039,-0.10831913352728438
COHFACE_s09_session2_natural,0,223,7.433333333333334,-0.29514041543006897,-0.12865025652135634
COHFACE_s09_session2_natural,0,224,7.466666666666667,0.6624976396560669,-0.16151576893786912
COHFACE_s09_session2_natural,0,225,7.5,1.2351958751678467,-0.1943601674485676
COHFACE_s09_session2_natural,0,226,7.533333333333333,1.3899612426757812,-0.2133642908019021
COHFACE_s09_session2_natural,0,227,7.566666666666666,1.3931715488433838,-0.20713598844596745
COHFACE_s09_session2_natural,0,228,7.6,1.3380948305130005,-0.1700060125167265
COHFACE_s09_session2_natural,0,229,7.633333333333334,1.1971856355667114,-0.10307522950072136
COHFACE_s09_session2_natural,0,230,7.666666666666667,0.9552258253097534,-0.01294116404824832
COHFACE_s09_session2_natural,0,231,7.7,0.7266635298728943,0.09021127554329852
COHFACE_s09_session2_natural,0,232,7.733333333333333,0.6063507199287415,0.1941533336402927
COHFACE_s09_session2_natural,0,233,7.766666666666667,0.5441027283668518,0.28570960717754346
COHFACE_s09_session2_natural,0,234,7.8,0.44811099767684937,0.35167791931993914
COHFACE_s09_session2_natural,0,235,7.833333333333333,0.2879256010055542,0.3800563439613015
COHFACE_s09_session2_natural,0,236,7.866666666666666,0.08834008127450943,0.36167375036222044
COHFACE_s09_session2_natural,0,237,7.9,-0.11912546306848526,0.2918515703182299
COHFACE_s09_session2_natural,0,238,7.933333333333334,-0.31494468450546265,0.17180367814116063
COHFACE_s09_session2_natural,0,239,7.966666666666667,-0.48954206705093384,0.009580003787981732
COHFACE_s09_session2_natural,0,240,8.0,-0.6322441101074219,-0.17984231819344002
COHFACE_s09_session2_natural,0,241,8.033333333333333,-0.7484709620475769,-0.3758396501610376
COHFACE_s09_session2_natural,0,242,8.066666666666666,-0.849535346031189,-0.5547805271988389
COHFACE_s09_session2_natural,0,243,8.1,-0.9270986914634705,-0.6934295388483281
COHFACE_s09_session2_natural,0,244,8.133333333333333,-0.9952254295349121,-0.7725772902178691
COHFACE_s09_session2_natural,0,245,8.166666666666666,-1.0749567747116089,-0.7804346901307221
COHFACE_s09_session2_natural,0,246,8.2,-1.177633285522461,-0.7149127217365951
COHFACE_s09_session2_natural,0,247,8.233333333333333,-1.213350534439087,-0.5836240991437281
COHFACE_s09_session2_natural,0,248,8.266666666666667,-0.807814359664917,-0.4016340109102862
COHFACE_s09_session2_natural,0,249,8.3,0.16351298987865448,-0.18817295520796973
COHFACE_s09_session2_natural,0,250,8.333333333333334,0.9689151048660278,0.03653876784119401
COHFACE_s09_session2_natural,0,251,8.366666666666667,1.2793768644332886,0.2534904342258902
COHFACE_s09_session2_natural,0,252,8.4,1.3354681730270386,0.4462495348145252
COHFACE_s09_session2_natural,0,253,8.433333333333334,1.3262817859649658,0.6025097605919448
COHFACE_s09_session2_natural,0,254,8.466666666666667,1.26119863986969,0.7155782448012156
COHFACE_s09_session2_natural,0,255,8.5,1.0744684934616089,0.7843277226588848
COHFACE_s09_session2_natural,0,256,8.533333333333333,0.848783016204834,0.811458351215975
COHFACE_s09_session2_natural,0,257,8.566666666666666,0.7121542692184448,0.8012963854866532
COHFACE_s09_session2_natural,0,258,8.6,0.6541590094566345,0.7579800388970951
COHFACE_s09_session2_natural,0,259,8.633333333333333,0.5876582860946655,0.6843395801402183
COHFACE_s09_session2_natural,0,260,8.666666666666666,0.4610915184020996,0.5819118735381467
COHFACE_s09_session2_natural,0,261,8.7,0.27866971492767334,0.45257135575963364
COHFACE_s09_session2_natural,0,262,8.733333333333333,0.0746924951672554,0.30081944765068763
COHFACE_s09_session2_natural,0,263,8.766666666666667,-0.11774958670139313,0.13456213197620154
COHFACE_s09_session2_natural,0,264,8.8,-0.3008245825767517,-0.03593307853359119
COHFACE_s09_session2_natural,0,265,8.833333333333334,-0.4623441696166992,-0.1992938287178785
COHFACE_s09_session2_natural,0,266,8.866666666666667,-0.5995982885360718,-0.3439129951219498
COHFACE_s09_session2_natural,0,267,8.9,-0.7170064449310303,-0.45898264076668566
COHFACE_s09_session2_natural,0,268,8.933333333333334,-0.8071472644805908,-0.5357880232887173
COHFACE_s09_session2_natural,0,269,8.966666666666667,-0.8872955441474915,-0.5688276195464608
COHFACE_s09_session2_natural,0,270,9.0,-0.9699593186378479,-0.5566588876392732
COHFACE_s09_session2_natural,0,271,9.033333333333333,-1.0430058240890503,-0.5026846366112707
COHFACE_s09_session2_natural,0,272,9.066666666666666,-1.132354497909546,-0.41550423242544915
COHFACE_s09_session2_natural,0,273,9.1,-1.234502911567688,-0.30794551623529554
COHFACE_s09_session2_natural,0,274,9.133333333333333,-1.1442092657089233,-0.19453308089121238
COHFACE_s09_session2_natural,0,275,9.166666666666666,-0.4342707395553589,-0.08791226442203266
COHFACE_s09_session2_natural,0,276,9.2,0.5873664021492004,0.004198987788365371
COHFACE_s09_session2_natural,0,277,9.233333333333333,1.160843014717102,0.0792531869835835
COHFACE_s09_session2_natural,0,278,9.266666666666667,1.303072452545166,0.137499851549994
COHFACE_s09_session2_natural,0,279,9.3,1.3039897680282593,0.1795837573401386
COHFACE_s09_session2_natural,0,280,9.333333333333334,1.2433955669403076,0.2053091635614239
COHFACE_s09_session2_natural,0,281,9.366666666666667,1.0817370414733887,0.2131043844149454
COHFACE_s09_session2_natural,0,282,9.4,0.8536611199378967,0.20019459431947256
COHFACE_s09_session2_natural,0,283,9.433333333333334,0.6803840398788452,0.1639920724565171
COHFACE_s09_session2_natural,0,284,9.466666666666667,0.6071429252624512,0.10429314047046036
COHFACE_s09_session2_natural,0,285,9.5,0.5639348030090332,0.025013347938526775
COHFACE_s09_session2_natural,0,286,9.533333333333333,0.4717232882976532,-0.06543498274413866
COHFACE_s09_session2_natural,0,287,9.566666666666666,0.32372617721557617,-0.15544359148790401
COHFACE_s09_session2_natural,0,288,9.6,0.14354191720485687,-0.2326534731893844
COHFACE_s09_session2_natural,0,289,9.633333333333333,-0.040061190724372864,-0.2862744614757389
COHFACE_s09_session2_natural,0,290,9.666666666666666,-0.2182997763156891,-0.30878108917439173
COHFACE_s09_session2_natural,0,291,9.7,-0.3946343660354614,-0.29731260573845647
COHFACE_s09_session2_natural,0,292,9.733333333333333,-0.536419153213501,-0.25471217181209205
COHFACE_s09_session2_natural,0,293,9.766666666666667,-0.6476567387580872,-0.1897002477967264
COHFACE_s09_session2_natural,0,294,9.8,-0.736560583114624,-0.11557326479152422
COHFACE_s09_session2_natural,0,295,9.833333333333334,-0.8026999831199646,-0.046905219534839615
COHFACE_s09_session2_natural,0,296,9.866666666666667,-0.8802632689476013,0.004756743075081969
COHFACE_s09_session2_natural,0,297,9.9,-0.9553666710853577,0.03386454734933633
COHFACE_s09_session2_natural,0,298,9.933333333333334,-1.0334581136703491,0.041639797620143956
COHFACE_s09_session2_natural,0,299,9.966666666666667,-1.133633017539978,0.03538253631674044
COHFACE_s09_session2_natural,1,0,10.0,-1.1848880052566528,0.04317521274279783
COHFACE_s09_session2_natural,1,1,10.033333333333333,-0.8781924843788147,0.15850896931653202
COHFACE_s09_session2_natural,1,2,10.066666666666666,0.006802007555961609,0.2623138961315495
COHFACE_s09_session2_natural,1,3,10.1,0.8301877975463867,0.34412158990414393
COHFACE_s09_session2_natural,1,4,10.133333333333333,1.113632321357727,0.3942891327937445
COHFACE_s09_session2_natural,1,5,10.166666666666666,1.0771785974502563,0.40558349880543576
COHFACE_s09_session2_natural,1,6,10.2,0.9613547325134277,0.37511017556082044
COHFACE_s09_session2_natural,1,7,10.233333333333333,0.8048800230026245,0.3054362210197299
COHFACE_s09_session2_natural,1,8,10.266666666666667,0.5779993534088135,0.20442498110743698
COHFACE_s09_session2_natural,1,9,10.3,0.36868539452552795,0.08406947800942084
COHFACE_s09_session2_natural,1,10,10.333333333333334,0.2914695143699646,-0.04129253434110113
COHFACE_s09_session2_natural,1,11,10.366666666666667,0.2837979793548584,-0.156977642798604
COHFACE_s09_session2_natural,1,12,10.4,0.2387692779302597,-0.25002629681287475
COHFACE_s09_session2_natural,1,13,10.433333333333334,0.13284066319465637,-0.31141564310033637
COHFACE_s09_session2_natural,1,14,10.466666666666667,-0.02930433489382267,-0.3379026117573446
COHFACE_s09_session2_natural,1,15,10.5,-0.20322072505950928,-0.33246402112354617
COHFACE_s09_session2_natural,1,16,10.533333333333333,-0.3609045445919037,-0.3031532969816335
COHFACE_s09_session2_natural,1,17,10.566666666666666,-0.5232858061790466,-0.26108562393562806
COHFACE_s09_session2_natural,1,18,10.6,-0.6799828410148621,-0.21797646679465868
COHFACE_s09_session2_natural,1,19,10.633333333333333,-0.7842715382575989,-0.18332977361732947
COHFACE_s09_session2_natural,1,20,10.666666666666666,-0.8688532114028931,-0.16194537574179643
COHFACE_s09_session2_natural,1,21,10.7,-0.9437342882156372,-0.15290460606739245
COHFACE_s09_session2_natural,1,22,10.733333333333333,-0.9937244653701782,-0.1503923505633886
COHFACE_s09_session2_natural,1,23,10.766666666666667,-1.0669795274734497,-0.14584275034286764
COHFACE_s09_session2_natural,1,24,10.8,-1.1700034141540527,-0.13056043481564378
COHFACE_s09_session2_natural,1,25,10.833333333333334,-1.2284573316574097,-0.09780705008910864
COHFACE_s09_session2_natural,1,26,10.866666666666667,-0.999158501625061,-0.043890011887005885
COHFACE_s09_session2_natural,1,27,10.9,-0.17707906663417816,0.031610103843479134
COHFACE_s09_session2_natural,1,28,10.933333333333334,0.6939204335212708,0.12604624711543821
COHFACE_s09_session2_natural,1,29,10.966666666666667,1.0224214792251587,0.23377630075637235
COHFACE_s09_session2_natural,1,30,11.0,1.001713752746582,0.34616240152880184
COHFACE_s09_session2_natural,1,31,11.033333333333333,0.8847503662109375,0.4521706490674031
COHFACE_s09_session2_natural,1,32,11.066666666666666,0.7229111194610596,0.5397146768767479
COHFACE_s09_session2_natural,1,33,11.1,0.49868491291999817,0.5972874624785826
COHFACE_s09_session2_natural,1,34,11.133333333333333,0.2864663302898407,0.6155565418241896
COHFACE_s09_session2_natural,1,35,11.166666666666666,0.17458948493003845,0.5887636385483936
COHFACE_s09_session2_natural,1,36,11.2,0.1528395116329193,0.5155817722744283
COHFACE_s09_session2_natural,1,37,11.233333333333333,0.1372462511062622,0.39894744833458184
COHFACE_s09_session2_natural,1,38,11.266666666666667,0.033874813467264175,0.24519563900944596
COHFACE_s09_session2_natural,1,39,11.3,-0.13129988312721252,0.06353838604353394
COHFACE_s09_session2_natural,1,40,11.333333333333334,-0.2975864112377167,-0.13394698590281254
COHFACE_s09_session2_natural,1,41,11.366666666666667,-0.4661104679107666,-0.33256293243717866
COHFACE_s09_session2_natural,1,42,11.4,-0.6302428245544434,-0.5159528101856421
COHFACE_s09_session2_natural,1,43,11.433333333333334,-0.7702765464782715,-0.6678409439858366
COHFACE_s09_session2_natural,1,44,11.466666666666667,-0.8901028633117676,-0.7741754094152357
COHFACE_s09_session2_natural,1,45,11.5,-0.9862197041511536,-0.8249095265193418
COHFACE_s09_session2_natural,1,46,11.533333333333333,-1.050719141960144,-0.8151244748632126
COHFACE_s09_session2_natural,1,47,11.566666666666666,-1.0948584079742432,-0.7456810111861607
COHFACE_s09_session2_natural,1,48,11.6,-1.1667096614837646,-0.623449065162286
COHFACE_s09_session2_natural,1,49,11.633333333333333,-1.2573368549346924,-0.4609780001566946
COHFACE_s09_session2_natural,1,50,11.666666666666666,-1.3154572248458862,-0.2750663435717239
COHFACE_s09_session2_natural,1,51,11.7,-1.0866587162017822,-0.08347699412294883
COHFACE_s09_session2_natural,1,52,11.733333333333333,-0.18950363993644714,0.09921503156112911
COHFACE_s09_session2_natural,1,53,11.766666666666667,0.7853537201881409,0.2640832782162983
COHFACE_s09_session2_natural,1,54,11.8,1.1635252237319946,0.4076444584722872
COHFACE_s09_session2_natural,1,55,11.833333333333334,1.1714746952056885,0.5298047241991903
COHFACE_s09_session2_natural,1,56,11.866666666666667,1.1064889430999756,0.6312456223934566
COHFACE_s09_session2_natural,1,57,11.9,1.007217288017273,0.7116936789375415
COHFACE_s09_session2_natural,1,58,11.933333333333334,0.8297569751739502,0.769297543408375
COHFACE_s09_session2_natural,1,59,11.966666666666667,0.6008472442626953,0.8001367812655928
COHFACE_s09_session2_natural,1,60,12.0,0.42697253823280334,0.7977352874496365
COHFACE_s09_session2_natural,1,61,12.033333333333333,0.35363414883613586,0.7533740859395174
COHFACE_s09_session2_natural,1,62,12.066666666666666,0.3141923248767853,0.6576644899701606
COHFACE_s09_session2_natural,1,63,12.1,0.2328905314207077,0.5033467769965122
COHFACE_s09_session2_natural,1,64,12.133333333333333,0.08123832941055298,0.28870034802060646
COHFACE_s09_session2_natural,1,65,12.166666666666666,-0.10864656418561935,0.02043658189245752
COHFACE_s09_session2_natural,1,66,12.2,-0.3081625998020172,-0.28491789470379164
COHFACE_s09_session2_natural,1,67,12.233333333333333,-0.49961793422698975,-0.6018282419452146
COHFACE_s09_session2_natural,1,68,12.266666666666667,-0.665529191493988,-0.8985199498544538
COHFACE_s09_session2_natural,1,69,12.3,-0.8010183572769165,-1.1406247690862519
COHFACE_s09_session2_natural,1,70,12.333333333333334,-0.9099905490875244,-1.2954002578100263
COHFACE_s09_session2_natural,1,71,12.366666666666667,-1.000478744506836,-1.336941608994603
COHFACE_s09_session2_natural,1,72,12.4,-1.0547633171081543,-1.251816106171783
COHFACE_s09_session2_natural,1,73,12.433333333333334,-1.0991944074630737,-1.0435066767768257
COHFACE_s09_session2_natural,1,74,12.466666666666667,-1.1782587766647339,-0.7337412092712162
COHFACE_s09_session2_natural,1,75,12.5,-1.272026777267456,-0.358890227060976
COHFACE_s09_session2_natural,1,76,12.533333333333333,-1.2369627952575684,0.037755974566645645
COHFACE_s09_session2_natural,1,77,12.566666666666666,-0.642764687538147,0.4144904544408735
COHFACE_s09_session2_natural,1,78,12.6,0.45574086904525757,0.7377297418106196
COHFACE_s09_session2_natural,1,79,12.633333333333333,1.181592345237732,0.9849479189848473
COHFACE_s09_session2_natural,1,80,12.666666666666666,1.3469338417053223,1.1443420341806856
COHFACE_s09_session2_natural,1,81,12.7,1.3032392263412476,1.213314859461287
COHFACE_s09_session2_natural,1,82,12.733333333333333,1.2263569831848145,1.1970024445828393
COHFACE_s09_session2_natural,1,83,12.766666666666667,1.095426321029663,1.1069044074194485
COHFACE_s09_session2_natural,1,84,12.8,0.8732152581214905,0.9591568227193109
COHFACE_s09_session2_natural,1,85,12.833333333333334,0.6512821316719055,0.7716927703031012
COHFACE_s09_session2_natural,1,86,12.866666666666667,0.519378662109375,0.5608281154721344
COHFACE_s09_session2_natural,1,87,12.9,0.47050029039382935,0.3390576299096409
COHFACE_s09_session2_natural,1,88,12.933333333333334,0.42028772830963135,0.11471257748045238
COHFACE_s09_session2_natural,1,89,12.966666666666667,0.29411008954048157,-0.10712047380347618
COHFACE_s09_session2_natural,1,90,13.0,0.09947217255830765,-0.3231366169468549
COHFACE_s09_session2_natural,1,91,13.033333333333333,-0.10403250902891159,-0.5304590612289608
COHFACE_s09_session2_natural,1,92,13.066666666666666,-0.30321499705314636,-0.7255829633269615
COHFACE_s09_session2_natural,1,93,13.1,-0.5009104013442993,-0.9033529159773868
COHFACE_s09_session2_natural,1,94,13.133333333333333,-0.6668078303337097,-1.055991505239066
COHFACE_s09_session2_natural,1,95,13.166666666666666,-0.7946392893791199,-1.1725309168920868
COHFACE_s09_session2_natural,1,96,13.2,-0.89899742603302,-1.2390996704020674
COHFACE_s09_session2_natural,1,97,13.233333333333333,-0.9862752556800842,-1.2405063983962892
COHFACE_s09_session2_natural,1,98,13.266666666666667,-1.0498018264770508,-1.1629167709801032
COHFACE_s09_session2_natural,1,99,13.3,-1.1064212322235107,-0.9967742493484539
COHFACE_s09_session2_natural,1,100,13.333333333333334,-1.1910029649734497,-0.7396642050918703
COHFACE_s09_session2_natural,1,101,13.366666666666667,-1.2906359434127808,-0.39932835896817725
COHFACE_s09_session2_natural,1,102,13.4,-1.203233003616333,0.004008610444252589
COHFACE_s09_session2_natural,1,103,13.433333333333334,-0.4586334824562073,0.4377659682681762
COHFACE_s09_session2_natural,1,104,13.466666666666667,0.6633870601654053,0.8607017121337691
COHFACE_s09_session2_natural,1,105,13.5,1.272928237915039,1.2302821535291582
COHFACE_s09_session2_natural,1,106,13.533333333333333,1.3440014123916626,1.5111011544735171
COHFACE_s09_session2_natural,1,107,13.566666666666666,1.249510645866394,1.6795153641799438
COHFACE_s09_session2_natural,1,108,13.6,1.123207926750183,1.723479202203289
COHFACE_s09_session2_natural,1,109,13.633333333333333,0.9374645352363586,1.640511310101203
COHFACE_s09_session2_natural,1,110,13.666666666666666,0.6929059028625488,1.4359023040555754
COHFACE_s09_session2_natural,1,111,13.7,0.49084657430648804,1.121876339016318
COHFACE_s09_session2_natural,1,112,13.733333333333333,0.3947019875049591,0.7177431639993952
COHFACE_s09_session2_natural,1,113,13.766666666666667,0.3741472065448761,0.25043110924425477
COHFACE_s09_session2_natural,1,114,13.8,0.32215574383735657,-0.24572525378066665
COHFACE_s09_session2_natural,1,115,13.833333333333334,0.1699337363243103,-0.7312641307386945
COHFACE_s09_session2_natural,1,116,13.866666666666667,-0.027497628703713417,-1.1656868945990404
COHFACE_s09_session2_natural,1,117,13.9,-0.22573506832122803,-1.5115339680401452
COHFACE_s09_session2_natural,1,118,13.933333333333334,-0.42306914925575256,-1.7377137398366842
COHFACE_s09_session2_natural,1,119,13.966666666666667,-0.6060607433319092,-1.8225192100127072
COHFACE_s09_session2_natural,1,120,14.0,-0.7535714507102966,-1.7564709682578
COHFACE_s09_session2_natural,1,121,14.033333333333333,-0.8714659810066223,-1.5446556483253693
COHFACE_s09_session2_natural,1,122,14.066666666666666,-0.9653174877166748,-1.207724829360018
COHFACE_s09_session2_natural,1,123,14.1,-1.0250778198242188,-0.7803763298277597
COHFACE_s09_session2_natural,1,124,14.133333333333333,-1.0883680582046509,-0.3070208656903159
COHFACE_s09_session2_natural,1,125,14.166666666666666,-1.1827337741851807,0.16462700609932474
COHFACE_s09_session2_natural,1,126,14.2,-1.2790729999542236,0.5907449703122035
COHFACE_s09_session2_natural,1,127,14.233333333333333,-1.3334826231002808,0.9376822656607436
COHFACE_s09_session2_natural,1,128,14.266666666666667,-1.0846712589263916,1.1859057510240028
COHFACE_s09_session2_natural,1,129,14.3,-0.13822096586227417,1.3306659785446109
COHFACE_s09_session2_natural,1,130,14.333333333333334,0.8967857956886292,1.3794847810518724
COHFACE_s09_session2_natural,1,131,14.366666666666667,1.2742903232574463,1.3475677324709543
COHFACE_s09_session2_natural,1,132,14.4,1.224355697631836,1.2525099289646833
COHFACE_s09_session2_natural,1,133,14.433333333333334,1.0811116695404053,1.1097145218278448
COHFACE_s09_session2_natural,1,134,14.466666666666667,0.8989260792732239,0.9296508764986507
COHFACE_s09_session2_natural,1,135,14.5,0.6673340201377869,0.7176397455112986
COHFACE_s09_session2_natural,1,136,14.533333333333333,0.4397584795951843,0.4757237208437016
COHFACE_s09_session2_natural,1,137,14.566666666666666,0.30112844705581665,0.20519796698075674
COHFACE_s09_session2_natural,1,138,14.6,0.27691859006881714,-0.09104678007781211
COHFACE_s09_session2_natural,1,139,14.633333333333333,0.28333935141563416,-0.4064980585267129
COHFACE_s09_session2_natural,1,140,14.666666666666666,0.21114055812358856,-0.7294826766816704
COHFACE_s09_session2_natural,1,141,14.7,0.06453324109315872,-1.0423835448399696
COHFACE_s09_session2_natural,1,142,14.733333333333333,-0.1092163696885109,-1.321849272828358
COHFACE_s09_session2_natural,1,143,14.766666666666667,-0.2893589437007904,-1.540179691452032
COHFACE_s09_session2_natural,1,144,14.8,-0.4652627110481262,-1.6680714733379147
COHFACE_s09_session2_natural,1,145,14.833333333333334,-0.6244613528251648,-1.6788017710335912
COHFACE_s09_session2_natural,1,146,14.866666666666667,-0.7567400932312012,-1.553354764252646
COHFACE_s09_session2_natural,1,147,14.9,-0.8595973253250122,-1.2853969129030673
COHFACE_s09_session2_natural,1,148,14.933333333333334,-0.9330052137374878,-0.8850439217130994
COHFACE_s09_session2_natural,1,149,14.966666666666667,-0.9853858351707458,-0.3805034931837305
COHFACE_s09_session2_natural,1,150,15.0,-1.055847406387329,0.18335798280678395
COHFACE_s09_session2_natural,1,151,15.033333333333333,-1.1403179168701172,0.7502979318712835
COHFACE_s09_session2_natural,1,152,15.066666666666666,-1.0852967500686646,1.2612048879715463
COHFACE_s09_session2_natural,1,153,15.1,-0.4980752766132355,1.6637825430225557
COHFACE_s09_session2_natural,1,154,15.133333333333333,0.5019925832748413,1.9207292697121952
COHFACE_s09_session2_natural,1,155,15.166666666666666,1.1175514459609985,2.0135369204623084
COHFACE_s09_session2_natural,1,156,15.2,1.1522680521011353,1.9416534444031943
COHFACE_s09_session2_natural,1,157,15.233333333333333,0.9465119242668152,1.7192996184954314
COHFACE_s09_session2_natural,1,158,15.266666666666667,0.7021617889404297,1.3717079106030923
COHFACE_s09_session2_natural,1,159,15.3,0.42372047901153564,0.9316161518267778
COHFACE_s09_session2_natural,1,160,15.333333333333334,0.16750162839889526,0.4362737538428082
COHFACE_s09_session2_natural,1,161,15.366666666666667,0.041754838079214096,-0.07528119878036561
COHFACE_s09_session2_natural,1,162,15.4,0.04097656160593033,-0.5649685904510249
COHFACE_s09_session2_natural,1,163,15.433333333333334,0.0666595995426178,-0.9985849052514477
COHFACE_s09_session2_natural,1,164,15.466666666666667,0.03297146037220955,-1.3484608695655687
COHFACE_s09_session2_natural,1,165,15.5,-0.09356750547885895,-1.5948784564831069
COHFACE_s09_session2_natural,1,166,15.533333333333333,-0.26173022389411926,-1.7261371667453793
COHFACE_s09_session2_natural,1,167,15.566666666666666,-0.428239107131958,-1.7380239154824937
COHFACE_s09_session2_natural,1,168,15.6,-0.6040177941322327,-1.6334128243922037
COHFACE_s09_session2_natural,1,169,15.633333333333333,-0.7751129269599915,-1.422493194089049
COHFACE_s09_session2_natural,1,170,15.666666666666666,-0.9038060307502747,-1.1230784189707073
COHFACE_s09_session2_natural,1,171,15.7,-1.001937985420227,-0.7595682213879721
COHFACE_s09_session2_natural,1,172,15.733333333333333,-1.086603045463562,-0.3603073656858985
COHFACE_s09_session2_natural,1,173,15.766666666666667,-1.1525895595550537,0.045626311111254224
COHFACE_s09_session2_natural,1,174,15.8,-1.211404800415039,0.4314514500031487
COHFACE_s09_session2_natural,1,175,15.833333333333334,-1.190585970878601,0.7751675993189735
COHFACE_s09_session2_natural,1,176,15.866666666666667,-0.7118920683860779,1.0610781464571608
COHFACE_s09_session2_natural,1,177,15.9,0.36138907074928284,1.2799160349263607
COHFACE_s09_session2_natural,1,178,15.933333333333334,1.2159336805343628,1.427545544671077
COHFACE_s09_session2_natural,1,179,15.966666666666667,1.4138931035995483,1.5026433343332513
COHFACE_s09_session2_natural,1,180,16.0,1.2816839218139648,1.5042509579665146
COHFACE_s09_session2_natural,1,181,16.033333333333335,1.0862815380096436,1.4304149004308488
COHFACE_s09_session2_natural,1,182,16.066666666666666,0.8528411388397217,1.278477849330866
COHFACE_s09_session2_natural,1,183,16.1,0.5744832158088684,1.0468211549831674
COHFACE_s09_session2_natural,1,184,16.133333333333333,0.3662254810333252,0.7374173802980964
COHFACE_s09_session2_natural,1,185,16.166666666666668,0.2806292772293091,0.35823373119063007
COHFACE_s09_session2_natural,1,186,16.2,0.2778358459472656,-0.0750997560460711
COHFACE_s09_session2_natural,1,187,16.233333333333334,0.2647441625595093,-0.5385086160610774
COHFACE_s09_session2_natural,1,188,16.266666666666666,0.14657163619995117,-0.9998104824874119
COHFACE_s09_session2_natural,1,189,16.3,-0.03540544584393501,-1.420467141867694
COHFACE_s09_session2_natural,1,190,16.333333333333332,-0.2290705293416977,-1.758829725385973
COHFACE_s09_session2_natural,1,191,16.366666666666667,-0.4327280819416046,-1.9746547516881616
COHFACE_s09_session2_natural,1,192,16.4,-0.6206533908843994,-2.0346512867974456
COHFACE_s09_session2_natural,1,193,16.433333333333334,-0.7766138911247253,-1.9186878086737302
COHFACE_s09_session2_natural,1,194,16.466666666666665,-0.911241352558136,-1.6254946217838364
COHFACE_s09_session2_natural,1,195,16.5,-0.9968514442443848,-1.175994182701255
COHFACE_s09_session2_natural,1,196,16.533333333333335,-1.0497045516967773,-0.612795259932251
COHFACE_s09_session2_natural,1,197,16.566666666666666,-1.113509178161621,0.004903313249505055
COHFACE_s09_session2_natural,1,198,16.6,-1.1747982501983643,0.6104958763366809
COHFACE_s09_session2_natural,1,199,16.633333333333333,-1.0132230520248413,1.141420528687785
COHFACE_s09_session2_natural,1,200,16.666666666666668,-0.1340099424123764,1.5496698558941768
COHFACE_s09_session2_natural,1,201,16.7,1.0597507953643799,1.8072928523510705
COHFACE_s09_session2_natural,1,202,16.733333333333334,1.6614536046981812,1.906194498820981
COHFACE_s09_session2_natural,1,203,16.766666666666666,1.72499418258667,1.8549049636847625
COHFACE_s09_session2_natural,1,204,16.8,1.6464163064956665,1.6741803778479505
COHFACE_s09_session2_natural,1,205,16.833333333333332,1.513498306274414,1.392054327477124
COHFACE_s09_session2_natural,1,206,16.866666666666667,1.3151357173919678,1.0391330087496753
COHFACE_s09_session2_natural,1,207,16.9,1.0587084293365479,0.6450829353208072
COHFACE_s09_session2_natural,1,208,16.933333333333334,0.8412781953811646,0.23668925663215523
COHFACE_s09_session2_natural,1,209,16.966666666666665,0.7412005662918091,-0.16268236554707308
COHFACE_s09_session2_natural,1,210,17.0,0.7196590304374695,-0.5329065965029255
COHFACE_s09_session2_natural,1,211,17.033333333333335,0.6568968296051025,-0.8571843483910174
COHFACE_s09_session2_natural,1,212,17.066666666666666,0.5017285346984863,-1.1224065150366471
COHFACE_s09_session2_natural,1,213,17.1,0.28338104486465454,-1.3188559215987983
COHFACE_s09_session2_natural,1,214,17.133333333333333,0.03914206102490425,-1.4392590842443012
COHFACE_s09_session2_natural,1,215,17.166666666666668,-0.19522951543331146,-1.4781788864279826
COHFACE_s09_session2_natural,1,216,17.2,-0.40722572803497314,-1.4323290730261264
COHFACE_s09_session2_natural,1,217,17.233333333333334,-0.5955401659011841,-1.3018275894099967
COHFACE_s09_session2_natural,1,218,17.266666666666666,-0.7280274033546448,-1.0918265265740328
COHFACE_s09_session2_natural,1,219,17.3,-0.8119419813156128,-0.8134987337968075
COHFACE_s09_session2_natural,1,220,17.333333333333332,-0.8890049457550049,-0.48378776613903957
COHFACE_s09_session2_natural,1,221,17.366666666666667,-0.9866921901702881,-0.12389137483484493
COHFACE_s09_session2_natural,1,222,17.4,-1.0741924047470093,0.24311352078736095
COHFACE_s09_session2_natural,1,223,17.433333333333334,-0.8782619833946228,0.5947317943759677
COHFACE_s09_session2_natural,1,224,17.466666666666665,0.041032154113054276,0.910906986466551
COHFACE_s09_session2_natural,1,225,17.5,1.192460298538208,1.1747890653939634
COHFACE_s09_session2_natural,1,226,17.533333333333335,1.754512906074524,1.3724782848989718
COHFACE_s09_session2_natural,1,227,17.566666666666666,1.822611927986145,1.4923213871950896
COHFACE_s09_session2_natural,1,228,17.6,1.7307617664337158,1.5244736352334343
COHFACE_s09_session2_natural,1,229,17.633333333333333,1.6004008054733276,1.4613962680465307
COHFACE_s09_session2_natural,1,230,17.666666666666668,1.3976606130599976,1.2994250891048291
COHFACE_s09_session2_natural,1,231,17.7,1.1269185543060303,1.0409528167654327
COHFACE_s09_session2_natural,1,232,17.733333333333334,0.9186052680015564,0.6964519285688828
COHFACE_s09_session2_natural,1,233,17.766666666666666,0.8442106246948242,0.2853921227982551
COHFACE_s09_session2_natural,1,234,17.8,0.8139274716377258,-0.164391401312006
COHFACE_s09_session2_natural,1,235,17.833333333333332,0.7204234600067139,-0.6187362928173924
COHFACE_s09_session2_natural,1,236,17.866666666666667,0.5416011214256287,-1.0401152547026855
COHFACE_s09_session2_natural,1,237,17.9,0.309147447347641,-1.3907847754855998
COHFACE_s09_session2_natural,1,238,17.933333333333334,0.06485288590192795,-1.6360626847539643
COHFACE_s09_session2_natural,1,239,17.966666666666665,-0.16565510630607605,-1.7482512854250147
COHFACE_s09_session2_natural,1,240,18.0,-0.3835439682006836,-1.7111060076472524
COHFACE_s09_session2_natural,1,241,18.033333333333335,-0.5738040804862976,-1.5239940655009283
COHFACE_s09_session2_natural,1,242,18.066666666666666,-0.7150468826293945,-1.204493371991385
COHFACE_s09_session2_natural,1,243,18.1,-0.8099823594093323,-0.7879948731955478
COHFACE_s09_session2_natural,1,244,18.133333333333333,-0.8868786096572876,-0.32331032121946474
COHFACE_s09_session2_natural,1,245,18.166666666666668,-0.9626629948616028,0.1359419674271491
COHFACE_s09_session2_natural,1,246,18.2,-1.0607671737670898,0.541945655043923
COHFACE_s09_session2_natural,1,247,18.233333333333334,-1.1284769773483276,0.8609384328369206
COHFACE_s09_session2_natural,1,248,18.266666666666666,-0.804451048374176,1.076779676161941
COHFACE_s09_session2_natural,1,249,18.3,0.263201504945755,1.1899122048921225
COHFACE_s09_session2_natural,1,250,18.333333333333332,1.3538131713867188,1.2129357759765955
COHFACE_s09_session2_natural,1,251,18.366666666666667,1.8082833290100098,1.1648192596157017
COHFACE_s09_session2_natural,1,252,18.4,1.8532147407531738,1.065430476623445
COHFACE_s09_session2_natural,1,253,18.433333333333334,1.7637827396392822,0.9314569335514166
COHFACE_s09_session2_natural,1,254,18.466666666666665,1.5947166681289673,0.7743407452981951
COHFACE_s09_session2_natural,1,255,18.5,1.326920986175537,0.6003907400722185
COHFACE_s09_session2_natural,1,256,18.533333333333335,1.0543028116226196,0.4124810231757166
COHFACE_s09_session2_natural,1,257,18.566666666666666,0.8970359563827515,0.2121658572594045
COHFACE_s09_session2_natural,1,258,18.6,0.8525354266166687,0.0014669968812084447
COHFACE_s09_session2_natural,1,259,18.633333333333333,0.8068674206733704,-0.21585633606245702
COHFACE_s09_session2_natural,1,260,18.666666666666668,0.6729626059532166,-0.4335617379814466
COHFACE_s09_session2_natural,1,261,18.7,0.47850537300109863,-0.6425949412639388
COHFACE_s09_session2_natural,1,262,18.733333333333334,0.26399368047714233,-0.8311583594735519
COHFACE_s09_session2_natural,1,263,18.766666666666666,0.0020906717982143164,-0.9852747949299879
COHFACE_s09_session2_natural,1,264,18.8,-0.27305689454078674,-1.089928423654532
COHFACE_s09_session2_natural,1,265,18.833333333333332,-0.4860398471355438,-1.1308046410159276
COHFACE_s09_session2_natural,1,266,18.866666666666667,-0.6314102411270142,-1.0965358816664743
COHFACE_s09_session2_natural,1,267,18.9,-0.7579908967018127,-0.9812002779827775
COHFACE_s09_session2_natural,1,268,18.933333333333334,-0.854024350643158,-0.7866386053246067
COHFACE_s09_session2_natural,1,269,18.966666666666665,-0.9323381185531616,-0.5239954624220834
COHFACE_s09_session2_natural,1,270,19.0,-1.017698049545288,-0.2137654544695498
COHFACE_s09_session2_natural,1,271,19.033333333333335,-1.1130783557891846,0.11634674440082571
COHFACE_s09_session2_natural,1,272,19.066666666666666,-1.1116607189178467,0.4355457539989942
COHFACE_s09_session2_natural,1,273,19.1,-0.6060190796852112,0.7149160029606194
COHFACE_s09_session2_natural,1,274,19.133333333333333,0.4946545660495758,0.9316898176395961
COHFACE_s09_session2_natural,1,275,19.166666666666668,1.4147547483444214,1.0711186027758886
COHFACE_s09_session2_natural,1,276,19.2,1.7023268938064575,1.1259895507811521
COHFACE_s09_session2_natural,1,277,19.233333333333334,1.6312955617904663,1.095479302249768
COHFACE_s09_session2_natural,1,278,19.266666666666666,1.456809401512146,0.9843690951355345
COHFACE_s09_session2_natural,1,279,19.3,1.2120144367218018,0.8027095055401172
COHFACE_s09_session2_natural,1,280,19.333333333333332,0.9149918556213379,0.5657807709238549
COHFACE_s09_session2_natural,1,281,19.366666666666667,0.7036905288696289,0.2940155409400594
COHFACE_s09_session2_natural,1,282,19.4,0.6388158798217773,0.012127067847668453
COHFACE_s09_session2_natural,1,283,19.433333333333334,0.63721764087677,-0.25350235360640017
COHFACE_s09_session2_natural,1,284,19.466666666666665,0.5683681964874268,-0.4786009428937415
COHFACE_s09_session2_natural,1,285,19.5,0.40550053119659424,-0.643947355286685
COHFACE_s09_session2_natural,1,286,19.533333333333335,0.18567988276481628,-0.7368761040994811
COHFACE_s09_session2_natural,1,287,19.566666666666666,-0.05967090651392937,-0.7522349682658471
COHFACE_s09_session2_natural,1,288,19.6,-0.3026590943336487,-0.6931051047393159
COHFACE_s09_session2_natural,1,289,19.633333333333333,-0.5134462118148804,-0.5708769630119321
COHFACE_s09_session2_natural,1,290,19.666666666666668,-0.6837352514266968,-0.40422055980373894
COHFACE_s09_session2_natural,1,291,19.7,-0.8164031505584717,-0.21657859209751182
COHFACE_s09_session2_natural,1,292,19.733333333333334,-0.9126172065734863,-0.032542636561212
COHFACE_s09_session2_natural,1,293,19.766666666666666,-1.0068578720092773,0.1258044101548051
COHFACE_s09_session2_natural,1,294,19.8,-1.1170530319213867,0.24190994186434997
COHFACE_s09_session2_natural,1,295,19.833333333333332,-1.1570924520492554,0.3069364965540579
COHFACE_s09_session2_natural,1,296,19.866666666666667,-0.8438233733177185,0.32062065309446003
COHFACE_s09_session2_natural,1,297,19.9,0.08454599231481552,0.2900938117901211
COHFACE_s09_session2_natural,1,298,19.933333333333334,1.0944534540176392,0.22713823875539915
COHFACE_s09_session2_natural,1,299,19.966666666666665,1.5385558605194092,0.14544462361125407
COHFACE_s09_session2_natural,2,0,20.0,1.5193352699279785,0.04364244841573347
COHFACE_s09_session2_natural,2,1,20.033333333333335,1.3421390056610107,0.19511655766093916
COHFACE_s09_session2_natural,2,2,20.066666666666666,1.0839189291000366,0.3127121231854231
COHFACE_s09_session2_natural,2,3,20.1,0.7486775517463684,0.369010943615891
COHFACE_s09_session2_natural,2,4,20.133333333333333,0.47988125681877136,0.3457437542656981
COHFACE_s09_session2_natural,2,5,20.166666666666668,0.37978968024253845,0.23663936416200368
COHFACE_s09_session2_natural,2,6,20.2,0.366850882768631,0.04810512551225955
COHFACE_s09_session2_natural,2,7,20.233333333333334,0.3314255475997925,-0.2017049710601068
COHFACE_s09_session2_natural,2,8,20.266666666666666,0.19664520025253296,-0.4849062462538246
COHFACE_s09_session2_natural,2,9,20.3,-0.03586407005786896,-0.7666159889363193
COHFACE_s09_session2_natural,2,10,20.333333333333332,-0.2713196575641632,-1.0086194462625222
COHFACE_s09_session2_natural,2,11,20.366666666666667,-0.4952123463153839,-1.1745840929708327
COHFACE_s09_session2_natural,2,12,20.4,-0.7247197031974792,-1.2363162172148805
COHFACE_s09_session2_natural,2,13,20.433333333333334,-0.9223317503929138,-1.1793661054132685
COHFACE_s09_session2_natural,2,14,20.466666666666665,-1.0707736015319824,-1.0061148942069196
COHFACE_s09_session2_natural,2,15,20.5,-1.1752984523773193,-0.7346575717005122
COHFACE_s09_session2_natural,2,16,20.533333333333335,-1.2382692098617554,-0.3940878065099383
COHFACE_s09_session2_natural,2,17,20.566666666666666,-1.3035191297531128,-0.018939896626025347
COHFACE_s09_session2_natural,2,18,20.6,-1.3956055641174316,0.3556105561616975
COHFACE_s09_session2_natural,2,19,20.633333333333333,-1.4424548149108887,0.697603818693777
COHFACE_s09_session2_natural,2,20,20.666666666666668,-1.089063048362732,0.9808969729438367
COHFACE_s09_session2_natural,2,21,20.7,-0.004052131436765194,1.1860018315819845
COHFACE_s09_session2_natural,2,22,20.733333333333334,1.1785348653793335,1.299816309378303
COHFACE_s09_session2_natural,2,23,20.766666666666666,1.7460492849349976,1.3158390708205603
COHFACE_s09_session2_natural,2,24,20.8,1.817817211151123,1.235156653258588
COHFACE_s09_session2_natural,2,25,20.833333333333332,1.7455905675888062,1.0671006103866996
COHFACE_s09_session2_natural,2,26,20.866666666666667,1.6369380950927734,0.8289137921002392
COHFACE_s09_session2_natural,2,27,20.9,1.3950477838516235,0.5443883440734928
COHFACE_s09_session2_natural,2,28,20.933333333333334,1.0923131704330444,0.24143752696430792
COHFACE_s09_session2_natural,2,29,20.966666666666665,0.8689347505569458,-0.05137379536152866
COHFACE_s09_session2_natural,2,30,21.0,0.7578083872795105,-0.30890011302476317
COHFACE_s09_session2_natural,2,31,21.033333333333335,0.6950739622116089,-0.513224397497039
COHFACE_s09_session2_natural,2,32,21.066666666666666,0.5689241290092468,-0.6561185946401842
COHFACE_s09_session2_natural,2,33,21.1,0.3365399241447449,-0.739029498553932
COHFACE_s09_session2_natural,2,34,21.133333333333333,0.052970316261053085,-0.7704274592129519
COHFACE_s09_session2_natural,2,35,21.166666666666668,-0.22170472145080566,-0.7613838684613463
COHFACE_s09_session2_natural,2,36,21.2,-0.4773537516593933,-0.7210498425220297
COHFACE_s09_session2_natural,2,37,21.233333333333334,-0.6967435479164124,-0.6541885746416921
COHFACE_s09_session2_natural,2,38,21.266666666666666,-0.871702253818512,-0.5614694766221817
COHFACE_s09_session2_natural,2,39,21.3,-1.000020146369934,-0.44167474523992006
COHFACE_s09_session2_natural,2,40,21.333333333333332,-1.0847547054290771,-0.29474046918414587
COHFACE_s09_session2_natural,2,41,21.366666666666667,-1.1569812297821045,-0.12456153965511647
COHFACE_s09_session2_natural,2,42,21.4,-1.2526811361312866,0.05932343109615455
COHFACE_s09_session2_natural,2,43,21.433333333333334,-1.369144320487976,0.24172589938157
COHFACE_s09_session2_natural,2,44,21.466666666666665,-1.3951607942581177,0.40376913716858864
COHFACE_s09_session2_natural,2,45,21.5,-0.8903252482414246,0.5267534645405901
COHFACE_s09_session2_natural,2,46,21.533333333333335,0.30967557430267334,0.5968384140989428
COHFACE_s09_session2_natural,2,47,21.566666666666666,1.364403247833252,0.6086051197381456
COHFACE_s09_session2_natural,2,48,21.6,1.775998830795288,0.5661670972534779
COHFACE_s09_session2_natural,2,49,21.633333333333333,1.8128139972686768,0.48136717057083583
COHFACE_s09_session2_natural,2,50,21.666666666666668,1.741351842880249,0.3698643294894817
COHFACE_s09_session2_natural,2,51,21.7,1.5903805494308472,0.2470053987821305
COHFACE_s09_session2_natural,2,52,21.733333333333334,1.317901372909546,0.12481752902641621
COHFACE_s09_session2_natural,2,53,21.766666666666666,1.0073840618133545,0.010660466299583548
COHFACE_s09_session2_natural,2,54,21.8,0.801794707775116,-0.09254581043815337
COHFACE_s09_session2_natural,2,55,21.833333333333332,0.7068036198616028,-0.18513804854501506
COHFACE_s09_session2_natural,2,56,21.866666666666667,0.6305606365203857,-0.2688227621843402
COHFACE_s09_session2_natural,2,57,21.9,0.47312694787979126,-0.3439549450865188
COHFACE_s09_session2_natural,2,58,21.933333333333334,0.22933270037174225,-0.4069994265634983
COHFACE_s09_session2_natural,2,59,21.966666666666665,-0.04898354038596153,-0.45014844159186507
COHFACE_s09_session2_natural,2,60,22.0,-0.3343459367752075,-0.46379002571123185
COHFACE_s09_session2_natural,2,61,22.033333333333335,-0.588841438293457,-0.441034399111794
COHFACE_s09_session2_natural,2,62,22.066666666666666,-0.7961263060569763,-0.3822622512617404
COHFACE_s09_session2_natural,2,63,22.1,-0.9759631752967834,-0.29685596179882023
COHFACE_s09_session2_natural,2,64,22.133333333333333,-1.1126753091812134,-0.2011627632831405
COHFACE_s09_session2_natural,2,65,22.166666666666668,-1.198438286781311,-0.11384641571105943
COHFACE_s09_session2_natural,2,66,22.2,-1.2643969058990479,-0.05025986750979769
COHFACE_s09_session2_natural,2,67,22.233333333333334,-1.3203214406967163,-0.017638005681059853
COHFACE_s09_session2_natural,2,68,22.266666666666666,-1.3981211185455322,-0.012449802940170594
COHFACE_s09_session2_natural,2,69,22.3,-1.4941266775131226,-0.020591447202055545
COHFACE_s09_session2_natural,2,70,22.333333333333332,-1.5117629766464233,-0.020549287936047912
COHFACE_s09_session2_natural,2,71,22.366666666666667,-0.9699870944023132,0.010937123332805443
COHFACE_s09_session2_natural,2,72,22.4,0.26007452607154846,0.09194161556364244
COHFACE_s09_session2_natural,2,73,22.433333333333334,1.327560305595398,0.22901017025377143
COHFACE_s09_session2_natural,2,74,22.466666666666665,1.7353897094726562,0.4135093077628807
COHFACE_s09_session2_natural,2,75,22.5,1.7386417388916016,0.6226210865570114
COHFACE_s09_session2_natural,2,76,22.533333333333335,1.6190377473831177,0.8246888148962243
COHFACE_s09_session2_natural,2,77,22.566666666666666,1.4297782182693481,0.9864187409077262
COHFACE_s09_session2_natural,2,78,22.6,1.1251674890518188,1.0794638864073143
COHFACE_s09_session2_natural,2,79,22.633333333333333,0.8230583071708679,1.0844081418855118
COHFACE_s09_session2_natural,2,80,22.666666666666668,0.6479467153549194,0.9918395451958318
COHFACE_s09_session2_natural,2,81,22.7,0.5796114802360535,0.8017963302970926
COHFACE_s09_session2_natural,2,82,22.733333333333334,0.525743842124939,0.5227675233256204
COHFACE_s09_session2_natural,2,83,22.766666666666666,0.3708256483078003,0.1709809360516237
COHFACE_s09_session2_natural,2,84,22.8,0.11264723539352417,-0.2303047639015694
COHFACE_s09_session2_natural,2,85,22.833333333333332,-0.1605546474456787,-0.6526749498281382
COHFACE_s09_session2_natural,2,86,22.866666666666667,-0.43239453434944153,-1.06516001800439
COHFACE_s09_session2_natural,2,87,22.9,-0.7004125714302063,-1.4355833066245363
COHFACE_s09_session2_natural,2,88,22.933333333333334,-0.9227486848831177,-1.7306977224533817
COHFACE_s09_session2_natural,2,89,22.966666666666665,-1.0976656675338745,-1.9171291479084094
COHFACE_s09_session2_natural,2,90,23.0,-1.2244964838027954,-1.9646362416185283
COHFACE_s09_session2_natural,2,91,23.033333333333335,-1.290343999862671,-1.8521765839188742
COHFACE_s09_session2_natural,2,92,23.066666666666666,-1.3320094347000122,-1.5751510334984704
COHFACE_s09_session2_natural,2,93,23.1,-1.390769124031067,-1.1503297526415797
COHFACE_s09_session2_natural,2,94,23.133333333333333,-1.4738637208938599,-0.6158759075466571
COHFACE_s09_session2_natural,2,95,23.166666666666668,-1.581390619277954,-0.025394046140672043
COHFACE_s09_session2_natural,2,96,23.2,-1.6240427494049072,0.5623405163286247
COHFACE_s09_session2_natural,2,97,23.233333333333334,-1.1632213592529297,1.0938584915690546
COHFACE_s09_session2_natural,2,98,23.266666666666666,-0.05304168537259102,1.5285750679959642
COHFACE_s09_session2_natural,2,99,23.3,0.9787408113479614,1.8419065748372963
COHFACE_s09_session2_natural,2,100,23.333333333333332,1.3848745822906494,2.0241280995409126
COHFACE_s09_session2_natural,2,101,23.366666666666667,1.3233909606933594,2.0767526025478498
COHFACE_s09_session2_natural,2,102,23.4,1.0937724113464355,2.0081008367167072
COHFACE_s09_session2_natural,2,103,23.433333333333334,0.8087992072105408,1.82927714267103
COHFACE_s09_session2_natural,2,104,23.466666666666665,0.4887063205242157,1.5516568061536686
COHFACE_s09_session2_natural,2,105,23.5,0.25186094641685486,1.1867251988450878
COHFACE_s09_session2_natural,2,106,23.533333333333335,0.1965896189212799,0.7479259415243474
COHFACE_s09_session2_natural,2,107,23.566666666666666,0.22940219938755035,0.2531010152229091
COHFACE_s09_session2_natural,2,108,23.6,0.1864025741815567,-0.27373827415042656
COHFACE_s09_session2_natural,2,109,23.633333333333333,0.04300563409924507,-0.8021455911224888
COHFACE_s09_session2_natural,2,110,23.666666666666668,-0.16562731564044952,-1.2965383280074365
COHFACE_s09_session2_natural,2,111,23.7,-0.4062667787075043,-1.7183699595823356
COHFACE_s09_session2_natural,2,112,23.733333333333334,-0.6361910700798035,-2.0292256643181066
COHFACE_s09_session2_natural,2,113,23.766666666666666,-0.856192409992218,-2.195540309791488
COHFACE_s09_session2_natural,2,114,23.8,-1.0526787042617798,-2.194513426415549
COHFACE_s09_session2_natural,2,115,23.833333333333332,-1.1931570768356323,-2.019600704358267
COHFACE_s09_session2_natural,2,116,23.866666666666667,-1.2875645160675049,-1.6839603297547443
COHFACE_s09_session2_natural,2,117,23.9,-1.337777018547058,-1.2204972586969602
COHFACE_s09_session2_natural,2,118,23.933333333333334,-1.3764961957931519,-0.6774757088345619
COHFACE_s09_session2_natural,2,119,23.966666666666665,-1.4517663717269897,-0.10932275218258067
COHFACE_s09_session2_natural,2,120,24.0,-1.5467852354049683,0.4343292877038778
COHFACE_s09_session2_natural,2,121,24.033333333333335,-1.510762333869934,0.9154613606043562
COHFACE_s09_session2_natural,2,122,24.066666666666666,-0.9158276319503784,1.30852770823276
COHFACE_s09_session2_natural,2,123,24.1,0.25723937153816223,1.5979143713443296
COHFACE_s09_session2_natural,2,124,24.133333333333333,1.2492464780807495,1.7745199461373273
COHFACE_s09_session2_natural,2,125,24.166666666666668,1.5956339836120605,1.8332793775945284
COHFACE_s09_session2_natural,2,126,24.2,1.5126644372940063,1.7725460142981266
COHFACE_s09_session2_natural,2,127,24.233333333333334,1.3091180324554443,1.5951858913387753
COHFACE_s09_session2_natural,2,128,24.266666666666666,1.0506339073181152,1.3107011869980596
COHFACE_s09_session2_natural,2,129,24.3,0.7253710031509399,0.937330247179373
COHFACE_s09_session2_natural,2,130,24.333333333333332,0.46699804067611694,0.5030424122427317
COHFACE_s09_session2_natural,2,131,24.366666666666667,0.36913013458251953,0.04454531859357301
COHFACE_s09_session2_natural,2,132,24.4,0.36105552315711975,-0.39627246603751076
COHFACE_s09_session2_natural,2,133,24.433333333333334,0.30415815114974976,-0.7785258112666347
COHFACE_s09_session2_natural,2,134,24.466666666666665,0.14880916476249695,-1.0696664703199918
COHFACE_s09_session2_natural,2,135,24.5,-0.0810595378279686,-1.2511526115393625
COHFACE_s09_session2_natural,2,136,24.533333333333335,-0.35145407915115356,-1.3205855277036869
COHFACE_s09_session2_natural,2,137,24.566666666666666,-0.610188364982605,-1.2897399016092674
COHFACE_s09_session2_natural,2,138,24.6,-0.8477564454078674,-1.1795361572153693
COHFACE_s09_session2_natural,2,139,24.633333333333333,-1.0529149770736694,-1.0143842850442548
COHFACE_s09_session2_natural,2,140,24.666666666666668,-1.2010093927383423,-0.8174034251224097
COHFACE_s09_session2_natural,2,141,24.7,-1.3027547597885132,-0.6068780126095358
COHFACE_s09_session2_natural,2,142,24.733333333333334,-1.3575257062911987,-0.39447075796974385
COHFACE_s09_session2_natural,2,143,24.766666666666666,-1.3971620798110962,-0.18586295194404726
COHFACE_s09_session2_natural,2,144,24.8,-1.472612977027893,0.01665136720183613
COHFACE_s09_session2_natural,2,145,24.833333333333332,-1.5708283185958862,0.211128806292818
COHFACE_s09_session2_natural,2,146,24.866666666666667,-1.51190185546875,0.3938401819025391
COHFACE_s09_session2_natural,2,147,24.9,-0.777711808681488,0.5589291867349849
COHFACE_s09_session2_natural,2,148,24.933333333333334,0.54850834608078,0.6996312299609181
COHFACE_s09_session2_natural,2,149,24.966666666666665,1.5549830198287964,0.8097871690087926
COHFACE_s09_session2_natural,2,150,25.0,1.8924897909164429,0.8848231602524065
COHFACE_s09_session2_natural,2,151,25.033333333333335,1.8676128387451172,0.9220028206990845
COHFACE_s09_session2_natural,2,152,25.066666666666666,1.7367238998413086,0.9201274540066968
COHFACE_s09_session2_natural,2,153,25.1,1.5325103998184204,0.879160100595995
COHFACE_s09_session2_natural,2,154,25.133333333333333,1.2309154272079468,0.7999577509482213
COHFACE_s09_session2_natural,2,155,25.166666666666668,0.9259710907936096,0.6839654966242421
COHFACE_s09_session2_natural,2,156,25.2,0.7409642934799194,0.5329040879711037
COHFACE_s09_session2_natural,2,157,25.233333333333334,0.6614552736282349,0.34866763041565657
COHFACE_s09_session2_natural,2,158,25.266666666666666,0.5902154445648193,0.13381620925881677
COHFACE_s09_session2_natural,2,159,25.3,0.43902188539505005,-0.1069067043687025
COHFACE_s09_session2_natural,2,160,25.333333333333332,0.1991885006427765,-0.36455506140807253
COHFACE_s09_session2_natural,2,161,25.366666666666667,-0.06799566000699997,-0.6248454225166798
COHFACE_s09_session2_natural,2,162,25.4,-0.35189878940582275,-0.8687198155387897
COHFACE_s09_session2_natural,2,163,25.433333333333334,-0.6225295662879944,-1.0746473451099328
COHFACE_s09_session2_natural,2,164,25.466666666666665,-0.8506471514701843,-1.2219566234648358
COHFACE_s09_session2_natural,2,165,25.5,-1.0362515449523926,-1.2938756908892428
COHFACE_s09_session2_natural,2,166,25.533333333333335,-1.1693363189697266,-1.279950594848657
COHFACE_s09_session2_natural,2,167,25.566666666666666,-1.2476918697357178,-1.1784752580905618
COHFACE_s09_session2_natural,2,168,25.6,-1.3057982921600342,-0.998139928502667
COHFACE_s09_session2_natural,2,169,25.633333333333333,-1.3799149990081787,-0.7568242771418204
COHFACE_s09_session2_natural,2,170,25.666666666666668,-1.477782964706421,-0.47729453431800195
COHFACE_s09_session2_natural,2,171,25.7,-1.5598351955413818,-0.18153632476019613
COHFACE_s09_session2_natural,2,172,25.733333333333334,-1.2718461751937866,0.11379533893980678
COHFACE_s09_session2_natural,2,173,25.766666666666666,-0.19408990442752838,0.39812146150620265
COHFACE_s09_session2_natural,2,174,25.8,1.084641695022583,0.6640456024400464
COHFACE_s09_session2_natural,2,175,25.833333333333332,1.74656343460083,0.9037634067917258
COHFACE_s09_session2_natural,2,176,25.866666666666667,1.8558275699615479,1.1070465978779696
COHFACE_s09_session2_natural,2,177,25.9,1.7626570463180542,1.2618493744577446
COHFACE_s09_session2_natural,2,178,25.933333333333334,1.6023743152618408,1.356941839171164
COHFACE_s09_session2_natural,2,179,25.966666666666665,1.3510335683822632,1.3845095379947654
COHFACE_s09_session2_natural,2,180,26.0,1.0275635719299316,1.3413332924161885
COHFACE_s09_session2_natural,2,181,26.033333333333335,0.7568077445030212,1.2281718216677733
COHFACE_s09_session2_natural,2,182,26.066666666666666,0.6269611120223999,1.0483169421032759
COHFACE_s09_session2_natural,2,183,26.1,0.5656442642211914,0.8073520577459092
COHFACE_s09_session2_natural,2,184,26.133333333333333,0.4602576494216919,0.5141811145897633
COHFACE_s09_session2_natural,2,185,26.166666666666668,0.26812130212783813,0.18142112709713362
COHFACE_s09_session2_natural,2,186,26.2,0.01604400761425495,-0.1754676900148457
COHFACE_s09_session2_natural,2,187,26.233333333333334,-0.2581306993961334,-0.5394790256538768
COHFACE_s09_session2_natural,2,188,26.266666666666666,-0.5226603746414185,-0.8928084217002076
COHFACE_s09_session2_natural,2,189,26.3,-0.7587831020355225,-1.2162077454993243
COHFACE_s09_session2_natural,2,190,26.333333333333332,-0.9561310410499573,-1.4876600694686546
COHFACE_s09_session2_natural,2,191,26.366666666666667,-1.1015849113464355,-1.6824664426688252
COHFACE_s09_session2_natural,2,192,26.4,-1.2155325412750244,-1.7757583204084104
COHFACE_s09_session2_natural,2,193,26.433333333333334,-1.2967231273651123,-1.7470569083963903
COHFACE_s09_session2_natural,2,194,26.466666666666665,-1.3512579202651978,-1.585544910191833
COHFACE_s09_session2_natural,2,195,26.5,-1.414200782775879,-1.2939879448155807
COHFACE_s09_session2_natural,2,196,26.533333333333335,-1.5110541582107544,-0.8903762580780944
COHFACE_s09_session2_natural,2,197,26.566666666666666,-1.6130497455596924,-0.40759758624370246
COHFACE_s09_session2_natural,2,198,26.6,-1.472696304321289,0.10928010039375782
COHFACE_s09_session2_natural,2,199,26.633333333333333,-0.6099660396575928,0.6091337746690473
COHFACE_s09_session2_natural,2,200,26.666666666666668,0.6091024875640869,1.0433701597679543
COHFACE_s09_session2_natural,2,201,26.7,1.2755132913589478,1.374090750788982
COHFACE_s09_session2_natural,2,202,26.733333333333334,1.36605703830719,1.5795065661120482
COHFACE_s09_session2_natural,2,203,26.766666666666666,1.2510532140731812,1.6552105225146874
COHFACE_s09_session2_natural,2,204,26.8,1.0772202014923096,1.611426111606832
COHFACE_s09_session2_natural,2,205,26.833333333333332,0.846684455871582,1.467779212076014
COHFACE_s09_session2_natural,2,206,26.866666666666667,0.5726209282875061,1.2475201525951967
COHFACE_s09_session2_natural,2,207,26.9,0.33699852228164673,0.973135068002057
COHFACE_s09_session2_natural,2,208,26.933333333333334,0.23674020171165466,0.6642079220528245
COHFACE_s09_session2_natural,2,209,26.966666666666665,0.22275906801223755,0.33724104037009545
COHFACE_s09_session2_natural,2,210,27.0,0.15909349918365479,0.0065397280293641065
COHFACE_s09_session2_natural,2,211,27.033333333333335,0.007760951761156321,-0.31505270679847847
COHFACE_s09_session2_natural,2,212,27.066666666666666,-0.19471529126167297,-0.6156273069993441
COHFACE_s09_session2_natural,2,213,27.1,-0.41839951276779175,-0.8828324044287083
COHFACE_s09_session2_natural,2,214,27.133333333333333,-0.637108325958252,-1.102133104267589
COHFACE_s09_session2_natural,2,215,27.166666666666668,-0.827924370765686,-1.2566652118077937
COHFACE_s09_session2_natural,2,216,27.2,-0.9975185394287109,-1.3295319019911769
COHFACE_s09_session2_natural,2,217,27.233333333333334,-1.1290607452392578,-1.3080228930261901
COHFACE_s09_session2_natural,2,218,27.266666666666666,-1.2215640544891357,-1.188184138070559
COHFACE_s09_session2_natural,2,219,27.3,-1.2824918031692505,-0.9774267103070488
COHFACE_s09_session2_natural,2,220,27.333333333333332,-1.3285906314849854,-0.6942693145850217
COHFACE_s09_session2_natural,2,221,27.366666666666667,-1.3662396669387817,-0.3658760497119549
COHFACE_s09_session2_natural,2,222,27.4,-1.4258748292922974,-0.02398928629626709
COHFACE_s09_session2_natural,2,223,27.433333333333334,-1.5164464712142944,0.3002926516362903
COHFACE_s09_session2_natural,2,224,27.466666666666665,-1.554915428161621,0.5814675639036074
COHFACE_s09_session2_natural,2,225,27.5,-1.1748815774917603,0.8021380894211885
COHFACE_s09_session2_natural,2,226,27.533333333333335,-0.10597819834947586,0.952665139471015
COHFACE_s09_session2_natural,2,227,27.566666666666666,0.9100164771080017,1.0293476154120333
COHFACE_s09_session2_natural,2,228,27.6,1.2397822141647339,1.032546139333533
COHFACE_s09_session2_natural,2,229,27.633333333333333,1.1705992221832275,0.9658436160754239
COHFACE_s09_session2_natural,2,230,27.666666666666668,1.0273550748825073,0.8362883861343823
COHFACE_s09_session2_natural,2,231,27.7,0.8460729718208313,0.6547489172783391
COHFACE_s09_session2_natural,2,232,27.733333333333334,0.6005553603172302,0.43577680032001365
COHFACE_s09_session2_natural,2,233,27.766666666666666,0.3721042275428772,0.1969134503423343
COHFACE_s09_session2_natural,2,234,27.8,0.2523195743560791,-0.042585364966125486
COHFACE_s09_session2_natural,2,235,27.833333333333332,0.2285822331905365,-0.2635684455966758
COHFACE_s09_session2_natural,2,236,27.866666666666667,0.21140460669994354,-0.4489971317456239
COHFACE_s09_session2_natural,2,237,27.9,0.13099226355552673,-0.5855161404838763
COHFACE_s09_session2_natural,2,238,27.933333333333334,-0.017810899764299393,-0.6645654057325082
COHFACE_s09_session2_natural,2,239,27.966666666666665,-0.20360985398292542,-0.6835570415624261
COHFACE_s09_session2_natural,2,240,28.0,-0.39459267258644104,-0.646913452195106
COHFACE_s09_session2_natural,2,241,28.033333333333335,-0.5743322372436523,-0.5660463615564773
COHFACE_s09_session2_natural,2,242,28.066666666666666,-0.7342813611030579,-0.4575523124548139
COHFACE_s09_session2_natural,2,243,28.1,-0.8683946132659912,-0.3393323072855718
COHFACE_s09_session2_natural,2,244,28.133333333333333,-0.9716826677322388,-0.22605161733983997
COHFACE_s09_session2_natural,2,245,28.166666666666668,-1.0377107858657837,-0.12678168277985216
COHFACE_s09_session2_natural,2,246,28.2,-1.076151967048645,-0.04540444210443291
COHFACE_s09_session2_natural,2,247,28.233333333333334,-1.1084086894989014,0.01798579003604192
COHFACE_s09_session2_natural,2,248,28.266666666666666,-1.1630823612213135,0.06583763584460926
COHFACE_s09_session2_natural,2,249,28.3,-1.2421327829360962,0.10229564066483568
COHFACE_s09_session2_natural,2,250,28.333333333333332,-1.2761961221694946,0.13260124527334183
COHFACE_s09_session2_natural,2,251,28.366666666666667,-0.92191481590271,0.1622948525733633
COHFACE_s09_session2_natural,2,252,28.4,0.0652003362774849,0.19622224428541335
COHFACE_s09_session2_natural,2,253,28.433333333333334,1.0084959268569946,0.23783182427135843
COHFACE_s09_session2_natural,2,254,28.466666666666665,1.31752610206604,0.28877782608295005
COHFACE_s09_session2_natural,2,255,28.5,1.2178932428359985,0.3483978419524988
COHFACE_s09_session2_natural,2,256,28.533333333333335,1.0330671072006226,0.41288816637689485
COHFACE_s09_session2_natural,2,257,28.566666666666666,0.8192781209945679,0.47434106276888327
COHFACE_s09_session2_natural,2,258,28.6,0.5642683506011963,0.5204181407061879
COHFACE_s09_session2_natural,2,259,28.633333333333333,0.3631540834903717,0.5358446121201342
COHFACE_s09_session2_natural,2,260,28.666666666666668,0.28535452485084534,0.5057806009385272
COHFACE_s09_session2_natural,2,261,28.7,0.2914695143699646,0.419913659239837
COHFACE_s09_session2_natural,2,262,28.733333333333334,0.2876337468624115,0.27586717786942677
COHFACE_s09_session2_natural,2,263,28.766666666666666,0.1993274688720703,0.08053514690890491
COHFACE_s09_session2_natural,2,264,28.8,0.045396044850349426,-0.15072387321778163
COHFACE_s09_session2_natural,2,265,28.833333333333332,-0.12282226234674454,-0.3958259232181303
COHFACE_s09_session2_natural,2,266,28.866666666666667,-0.3028675615787506,-0.6281855225523892
COHFACE_s09_session2_natural,2,267,28.9,-0.48515036702156067,-0.8198088445089088
COHFACE_s09_session2_natural,2,268,28.933333333333334,-0.6341342329978943,-0.9452046024677004
COHFACE_s09_session2_natural,2,269,28.966666666666665,-0.7541690468788147,-0.985506041637025
COHFACE_s09_session2_natural,2,270,29.0,-0.8528013229370117,-0.9320995796838194
COHFACE_s09_session2_natural,2,271,29.033333333333335,-0.9124921560287476,-0.7889991288682384
COHFACE_s09_session2_natural,2,272,29.066666666666666,-0.9591608047485352,-0.5728558361306926
COHFACE_s09_session2_natural,2,273,29.1,-1.0284548997879028,-0.3093962411875689
COHFACE_s09_session2_natural,2,274,29.133333333333333,-1.0925374031066895,-0.027303871173435284
COHFACE_s09_session2_natural,2,275,29.166666666666668,-1.0985829830169678,0.24738127825569928
COHFACE_s09_session2_natural,2,276,29.2,-0.7134625315666199,0.49444948352192464
COHFACE_s09_session2_natural,2,277,29.233333333333334,0.2581566274166107,0.6999382282649288
COHFACE_s09_session2_natural,2,278,29.266666666666666,1.1096714735031128,0.8547278703766958
COHFACE_s09_session2_natural,2,279,29.3,1.3395540714263916,0.9532549622895599
COHFACE_s09_session2_natural,2,280,29.333333333333332,1.2083733081817627,0.9929723451303609
COHFACE_s09_session2_natural,2,281,29.366666666666667,0.9978363513946533,0.9737496313667905
COHFACE_s09_session2_natural,2,282,29.4,0.757641613483429,0.8971128012350975
COHFACE_s09_session2_natural,2,283,29.433333333333334,0.49255600571632385,0.7659981080281918
COHFACE_s09_session2_natural,2,284,29.466666666666665,0.2909553050994873,0.5853670950761746
COHFACE_s09_session2_natural,2,285,29.5,0.22455188632011414,0.3635955650555117
COHFACE_s09_session2_natural,2,286,29.533333333333335,0.2489563226699829,0.1138219125237053
COHFACE_s09_session2_natural,2,287,29.566666666666666,0.24897022545337677,-0.1460987374773397
COHFACE_s09_session2_natural,2,288,29.6,0.1511300951242447,-0.3955719133806065
COHFACE_s09_session2_natural,2,289,29.633333333333333,-0.01728278584778309,-0.6147279277997337
COHFACE_s09_session2_natural,2,290,29.666666666666668,-0.18960092961788177,-0.7880406122060787
COHFACE_s09_session2_natural,2,291,29.7,-0.36486539244651794,-0.9061606767195374
COHFACE_s09_session2_natural,2,292,29.733333333333334,-0.5504280924797058,-0.9655590437604209
COHFACE_s09_session2_natural,2,293,29.766666666666666,-0.7064858675003052,-0.9671634261312972
COHFACE_s09_session2_natural,2,294,29.8,-0.8069387674331665,-0.9151191755717641
COHFACE_s09_session2_natural,2,295,29.833333333333332,-0.8947030305862427,-0.8164531490816006
COHFACE_s09_session2_natural,2,296,29.866666666666667,-0.966623842716217,-0.6811588808704302
COHFACE_s09_session2_natural,2,297,29.9,-0.9995198249816895,-0.5211350940053638
COHFACE_s09_session2_natural,2,298,29.933333333333334,-1.055625081062317,-0.3479245094974332
COHFACE_s09_session2_natural,2,299,29.966666666666665,-1.1438617706298828,-0.17077835094453073
COHFACE_s09_session2_natural,3,0,30.0,-1.0981659889221191,0.11775408715128559
COHFACE_s09_session2_natural,3,1,30.033333333333335,-0.4805085361003876,0.2838766051235172
COHFACE_s09_session2_natural,3,2,30.066666666666666,0.6401222348213196,0.42685850826161215
COHFACE_s09_session2_natural,3,3,30.1,1.3991754055023193,0.5295831313649981
COHFACE_s09_session2_natural,3,4,30.133333333333333,1.5350397825241089,0.5791469770909261
COHFACE_s09_session2_natural,3,5,30.166666666666668,1.4187850952148438,0.568629131618634
COHFACE_s09_session2_natural,3,6,30.2,1.2641726732254028,0.49814642140193244
COHFACE_s09_session2_natural,3,7,30.233333333333334,1.0835853815078735,0.3745079016422632
COHFACE_s09_session2_natural,3,8,30.266666666666666,0.8402358889579773,0.20949211064668585
COHFACE_s09_session2_natural,3,9,30.3,0.6323117017745972,0.017493284682099056
COHFACE_s09_session2_natural,3,10,30.333333333333332,0.5505929589271545,-0.18670930942270134
COHFACE_s09_session2_natural,3,11,30.366666666666667,0.5380710959434509,-0.38943295225093083
COHFACE_s09_session2_natural,3,12,30.4,0.4991435408592224,-0.578688736562722
COHFACE_s09_session2_natural,3,13,30.433333333333334,0.3808737099170685,-0.7442317738784869
COHFACE_s09_session2_natural,3,14,30.466666666666665,0.1923230141401291,-0.8771606073442073
COHFACE_s09_session2_natural,3,15,30.5,-0.017894286662340164,-0.9689029984914574
COHFACE_s09_session2_natural,3,16,30.533333333333335,-0.2240256369113922,-1.0103205924936705
COHFACE_s09_session2_natural,3,17,30.566666666666666,-0.41891372203826904,-0.992384586887662
COHFACE_s09_session2_natural,3,18,30.6,-0.5736234188079834,-0.9085943649496906
COHFACE_s09_session2_natural,3,19,30.633333333333333,-0.6927827000617981,-0.7579484545613309
COHFACE_s09_session2_natural,3,20,30.666666666666668,-0.7974883317947388,-0.5470063490274609
COHFACE_s09_session2_natural,3,21,30.7,-0.8629744648933411,-0.28964298447560727
COHFACE_s09_session2_natural,3,22,30.733333333333334,-0.8993726968765259,-0.004527187111052031
COHFACE_s09_session2_natural,3,23,30.766666666666666,-0.9549497365951538,0.28821880358665647
COHFACE_s09_session2_natural,3,24,30.8,-1.0528037548065186,0.5698379345766925
COHFACE_s09_session2_natural,3,25,30.833333333333332,-1.093927264213562,0.8242962064960669
COHFACE_s09_session2_natural,3,26,30.866666666666667,-0.6751047372817993,1.0383148535491633
COHFACE_s09_session2_natural,3,27,30.9,0.4108372628688812,1.2011874272428398
COHFACE_s09_session2_natural,3,28,30.933333333333334,1.4055545330047607,1.304995701868654
COHFACE_s09_session2_natural,3,29,30.966666666666665,1.7644915580749512,1.3451622362864708
COHFACE_s09_session2_natural,3,30,31.0,1.7626153230667114,1.3207915140606195
COHFACE_s09_session2_natural,3,31,31.033333333333335,1.6793817281723022,1.2339289728404994
COHFACE_s09_session2_natural,3,32,31.066666666666666,1.5671435594558716,1.0880504825844197
COHFACE_s09_session2_natural,3,33,31.1,1.366654634475708,0.8872163989562023
COHFACE_s09_session2_natural,3,34,31.133333333333333,1.116703748703003,0.6364835120641855
COHFACE_s09_session2_natural,3,35,31.166666666666668,0.9554343223571777,0.3431727459275967
COHFACE_s09_session2_natural,3,36,31.2,0.904610276222229,0.017889204565481782
COHFACE_s09_session2_natural,3,37,31.233333333333334,0.8814705014228821,-0.32621331515582846
COHFACE_s09_session2_natural,3,38,31.266666666666666,0.7873966693878174,-0.6751373366248248
COHFACE_s09_session2_natural,3,39,31.3,0.6056697368621826,-1.0138694750516677
COHFACE_s09_session2_natural,3,40,31.333333333333332,0.375967800617218,-1.3242934421442345
COHFACE_s09_session2_natural,3,41,31.366666666666667,0.1475861668586731,-1.5839985524806646
COHFACE_s09_session2_natural,3,42,31.4,-0.0683847963809967,-1.7674747284613646
COHFACE_s09_session2_natural,3,43,31.433333333333334,-0.2676645517349243,-1.849455812325661
COHFACE_s09_session2_natural,3,44,31.466666666666665,-0.42636290192604065,-1.8093985377363548
COHFACE_s09_session2_natural,3,45,31.5,-0.5517761707305908,-1.6354994277482997
COHFACE_s09_session2_natural,3,46,31.533333333333335,-0.6557313203811646,-1.3279703512449095
COHFACE_s09_session2_natural,3,47,31.566666666666666,-0.7262762784957886,-0.9025091676117386
COHFACE_s09_session2_natural,3,48,31.6,-0.7827566862106323,-0.3923823866272862
COHFACE_s09_session2_natural,3,49,31.633333333333333,-0.8547887206077576,0.15464508890715267
COHFACE_s09_session2_natural,3,50,31.666666666666668,-0.9536294937133789,0.6847763139683513
COHFACE_s09_session2_natural,3,51,31.7,-1.0619345903396606,1.1485552856042414
COHFACE_s09_session2_natural,3,52,31.733333333333334,-0.9994086623191833,1.5094496268755913
COHFACE_s09_session2_natural,3,53,31.766666666666666,-0.2718755900859833,1.7474694802766693
COHFACE_s09_session2_natural,3,54,31.8,0.9559763073921204,1.8575764830158856
COHFACE_s09_session2_natural,3,55,31.833333333333332,1.7420467138290405,1.8454920775933323
COHFACE_s09_session2_natural,3,56,31.866666666666667,1.9233983755111694,1.7232398117142373
COHFACE_s09_session2_natural,3,57,31.9,1.8768131732940674,1.5059398672119364
COHFACE_s09_session2_natural,3,58,31.933333333333334,1.7762351036071777,1.2103402519591462
COHFACE_s09_session2_natural,3,59,31.966666666666665,1.6170086860656738,0.8545358521791417
COHFACE_s09_session2_natural,3,60,32.0,1.3538131713867188,0.4581306468947749
COHFACE_s09_session2_natural,3,61,32.03333333333333,1.1137990951538086,0.04214447362922126
COHFACE_s09_session2_natural,3,62,32.06666666666667,0.9976973533630371,-0.3716021817140152
COHFACE_s09_session2_natural,3,63,32.1,0.9546838402748108,-0.7613913671912332
COHFACE_s09_session2_natural,3,64,32.13333333333333,0.8945760726928711,-1.1064615593264038
COHFACE_s09_session2_natural,3,65,32.166666666666664,0.7623251080513,-1.3874620740097308
COHFACE_s09_session2_natural,3,66,32.2,0.5499258637428284,-1.5866889501748793
COHFACE_s09_session2_natural,3,67,32.233333333333334,0.3155404329299927,-1.6887544615381413
COHFACE_s09_session2_natural,3,68,32.266666666666666,0.07957059890031815,-1.682007635125209
COHFACE_s09_session2_natural,3,69,32.3,-0.14643453061580658,-1.560567433156006
COHFACE_s09_session2_natural,3,70,32.333333333333336,-0.32739707827568054,-1.3266998097087264
COHFACE_s09_session2_natural,3,71,32.36666666666667,-0.47109976410865784,-0.9931306578446812
COHFACE_s09_session2_natural,3,72,32.4,-0.5927188992500305,-0.5844339913687944
COHFACE_s09_session2_natural,3,73,32.43333333333333,-0.6839715242385864,-0.13633654309446627
COHFACE_s09_session2_natural,3,74,32.46666666666667,-0.7446073889732361,0.3077838194523503
COHFACE_s09_session2_natural,3,75,32.5,-0.796098530292511,0.7032452129466249
COHFACE_s09_session2_natural,3,76,32.53333333333333,-0.8653231859207153,1.012158053612618
COHFACE_s09_session2_natural,3,77,32.56666666666667,-0.9630938172340393,1.2111083102257096
COHFACE_s09_session2_natural,3,78,32.6,-1.0621848106384277,1.295578038388392
COHFACE_s09_session2_natural,3,79,32.63333333333333,-1.0341252088546753,1.2781413729907294
COHFACE_s09_session2_natural,3,80,32.666666666666664,-0.4277387857437134,1.1812520772614208
COHFACE_s09_session2_natural,3,81,32.7,0.7238283753395081,1.0290483403138366
COHFACE_s09_session2_natural,3,82,32.733333333333334,1.5639193058013916,0.8416086803792395
COHFACE_s09_session2_natural,3,83,32.766666666666666,1.7994165420532227,0.6333751956613879
COHFACE_s09_session2_natural,3,84,32.8,1.7490233182907104,0.4150596953592395
COHFACE_s09_session2_natural,3,85,32.833333333333336,1.6125892400741577,0.19623597134317342
COHFACE_s09_session2_natural,3,86,32.86666666666667,1.4073889255523682,-0.013002982694778585
COHFACE_s09_session2_natural,3,87,32.9,1.1486824750900269,-0.2013874325383868
COHFACE_s09_session2_natural,3,88,32.93333333333333,0.9300570487976074,-0.3569942351401329
COHFACE_s09_session2_natural,3,89,32.96666666666667,0.8345795273780823,-0.4692391282578185
COHFACE_s09_session2_natural,3,90,33.0,0.8095079660415649,-0.5318161127615328
COHFACE_s09_session2_natural,3,91,33.03333333333333,0.7545424103736877,-0.5453283145150977
COHFACE_s09_session2_natural,3,92,33.06666666666667,0.6232225894927979,-0.5182687895140701
COHFACE_s09_session2_natural,3,93,33.1,0.42134395241737366,-0.46523101096394687
COHFACE_s09_session2_natural,3,94,33.13333333333333,0.19089153409004211,-0.40276352748709654
COHFACE_s09_session2_natural,3,95,33.166666666666664,-0.027970151975750923,-0.3447644962687323
COHFACE_s09_session2_natural,3,96,33.2,-0.21501991152763367,-0.29927488986097034
COHFACE_s09_session2_natural,3,97,33.233333333333334,-0.3933279812335968,-0.26810164079176496
COHFACE_s09_session2_natural,3,98,33.266666666666666,-0.5322915315628052,-0.24883910371451023
COHFACE_s09_session2_natural,3,99,33.3,-0.6287001967430115,-0.23714796233074373
COHFACE_s09_session2_natural,3,100,33.333333333333336,-0.7142407894134521,-0.22811686171555826
COHFACE_s09_session2_natural,3,101,33.36666666666667,-0.7908729910850525,-0.2167676848914013
COHFACE_s09_session2_natural,3,102,33.4,-0.8531765937805176,-0.19810120170716
COHFACE_s09_session2_natural,3,103,33.43333333333333,-0.9366464018821716,-0.16726235936786268
COHFACE_s09_session2_natural,3,104,33.46666666666667,-1.0554583072662354,-0.12011657991881738
COHFACE_s09_session2_natural,3,105,33.5,-1.1438201665878296,-0.05414352459553748
COHFACE_s09_session2_natural,3,106,33.53333333333333,-0.9060435891151428,0.030660506143401354
COHFACE_s09_session2_natural,3,107,33.56666666666667,0.0015486597549170256,0.13133347724252245
COHFACE_s09_session2_natural,3,108,33.6,1.064503788948059,0.24229496793089747
COHFACE_s09_session2_natural,3,109,33.63333333333333,1.5523980855941772,0.35662157342267414
COHFACE_s09_session2_natural,3,110,33.666666666666664,1.5467833280563354,0.4676065124222452
COHFACE_s09_session2_natural,3,111,33.7,1.3699901103973389,0.5693343848896775
COHFACE_s09_session2_natural,3,112,33.733333333333334,1.1406912803649902,0.6559989428432498
COHFACE_s09_session2_natural,3,113,33.766666666666666,0.8568853735923767,0.7207564836231921
COHFACE_s09_session2_natural,3,114,33.8,0.6027511954307556,0.754866282071685
COHFACE_s09_session2_natural,3,115,33.833333333333336,0.49006831645965576,0.7476500564090618
COHFACE_s09_session2_natural,3,116,33.86666666666667,0.4869968891143799,0.6877581452197401
COHFACE_s09_session2_natural,3,117,33.9,0.4775047302246094,0.5660392964757696
COHFACE_s09_session2_natural,3,118,33.93333333333333,0.3729103207588196,0.3792790985740268
COHFACE_s09_session2_natural,3,119,33.96666666666667,0.18531854450702667,0.13314413398840402
COHFACE_s09_session2_natural,3,120,34.0,-0.01664348877966404,-0.1570037012490433
COHFACE_s09_session2_natural,3,121,34.03333333333333,-0.22374768555164337,-0.468140539016399
COHFACE_s09_session2_natural,3,122,34.06666666666667,-0.43599405884742737,-0.7734311254865471
COHFACE_s09_session2_natural,3,123,34.1,-0.6165674328804016,-1.0453694472238977
COHFACE_s09_session2_natural,3,124,34.13333333333333,-0.7599087953567505,-1.2576879613759913
COHFACE_s09_session2_natural,3,125,34.166666666666664,-0.8880321383476257,-1.3875550816970759
COHFACE_s09_session2_natural,3,126,34.2,-0.9613705277442932,-1.418448546634525
COHFACE_s09_session2_natural,3,127,34.233333333333334,-0.998338520526886,-1.3427438824341897
COHFACE_s09_session2_natural,3,128,34.266666666666666,-1.0506079196929932,-1.1631415858917173
COHFACE_s09_session2_natural,3,129,34.3,-1.1303114891052246,-0.8923150736214702
COHFACE_s09_session2_natural,3,130,34.333333333333336,-1.2425636053085327,-0.551132005716474
COHFACE_s09_session2_natural,3,131,34.36666666666667,-1.2584069967269897,-0.16667092541897896
COHFACE_s09_session2_natural,3,132,34.4,-0.7321411371231079,0.2298934823119778
COHFACE_s09_session2_natural,3,133,34.43333333333333,0.4332682192325592,0.6065526216332958
COHFACE_s09_session2_natural,3,134,34.46666666666667,1.4184237718582153,0.9345394921862458
COHFACE_s09_session2_natural,3,135,34.5,1.7517751455307007,1.191503791496643
COHFACE_s09_session2_natural,3,136,34.53333333333333,1.732888102531433,1.3629884192238688
COHFACE_s09_session2_natural,3,137,34.56666666666667,1.6163833141326904,1.442453189054077
COHFACE_s09_session2_natural,3,138,34.6,1.438158631324768,1.430364382777428
COHFACE_s09_session2_natural,3,139,34.63333333333333,1.1773812770843506,1.3329847369019894
COHFACE_s09_session2_natural,3,140,34.666666666666664,0.9172849655151367,1.1612551707093601
COHFACE_s09_session2_natural,3,141,34.7,0.764604389667511,0.9298509999118066
COHFACE_s09_session2_natural,3,142,34.733333333333334,0.72214674949646,0.6562890322566134
COHFACE_s09_session2_natural,3,143,34.766666666666666,0.6815097332000732,0.35983383739516356
COHFACE_s09_session2_natural,3,144,34.8,0.5575140714645386,0.060006058019134695
COHFACE_s09_session2_natural,3,145,34.833333333333336,0.34977057576179504,-0.22534620763745128
COHFACE_s09_session2_natural,3,146,34.86666666666667,0.11078494042158127,-0.48186253600917817
COHFACE_s09_session2_natural,3,147,34.9,-0.13655322790145874,-0.699333806971588
COHFACE_s09_session2_natural,3,148,34.93333333333333,-0.36975741386413574,-0.8710978318915459
COHFACE_s09_session2_natural,3,149,34.96666666666667,-0.5637004375457764,-0.9929909617987803
COHFACE_s09_session2_natural,3,150,35.0,-0.721884548664093,-1.0625827513010948
COHFACE_s09_session2_natural,3,151,35.03333333333333,-0.8440318703651428,-1.0791445580534582
COHFACE_s09_session2_natural,3,152,35.06666666666667,-0.9247777462005615,-1.0440780500666478
COHFACE_s09_session2_natural,3,153,35.1,-0.9806327819824219,-0.9608993929554371
COHFACE_s09_session2_natural,3,154,35.13333333333333,-1.0431725978851318,-0.8346853997166931
COHFACE_s09_session2_natural,3,155,35.166666666666664,-1.1224870681762695,-0.6717272686172845
COHFACE_s09_session2_natural,3,156,35.2,-1.2395477294921875,-0.47965288158507097
COHFACE_s09_session2_natural,3,157,35.233333333333334,-1.2567254304885864,-0.26771851276798536
COHFACE_s09_session2_natural,3,158,35.266666666666666,-0.6692538261413574,-0.04674419890153399
COHFACE_s09_session2_natural,3,159,35.3,0.5769430994987488,0.17190812583554854
COHFACE_s09_session2_natural,3,160,35.333333333333336,1.5720077753067017,0.3779382451801981
COHFACE_s09_session2_natural,3,161,35.36666666666667,1.9116547107696533,0.5630220784523446
COHFACE_s09_session2_natural,3,162,35.4,1.910751461982727,0.7206999538067063
COHFACE_s09_session2_natural,3,163,35.43333333333333,1.829241156578064,0.8459085656921776
COHFACE_s09_session2_natural,3,164,35.46666666666667,1.6840931177139282,0.9348023015107987
COHFACE_s09_session2_natural,3,165,35.5,1.4201054573059082,0.9853001901073095
COHFACE_s09_session2_natural,3,166,35.53333333333333,1.1216930150985718,0.9977211292187609
COHFACE_s09_session2_natural,3,167,35.56666666666667,0.9221214056015015,0.9739829727573021
COHFACE_s09_session2_natural,3,168,35.6,0.8339819312095642,0.9154030122840828
COHFACE_s09_session2_natural,3,169,35.63333333333333,0.7786549925804138,0.8207313899412466
COHFACE_s09_session2_natural,3,170,35.666666666666664,0.6505177617073059,0.6857510107904392
COHFACE_s09_session2_natural,3,171,35.7,0.42609697580337524,0.5051424854686878
COHFACE_s09_session2_natural,3,172,35.733333333333334,0.17375561594963074,0.2760204311728996
COHFACE_s09_session2_natural,3,173,35.766666666666666,-0.07529197633266449,0.0013592576985000798
COHFACE_s09_session2_natural,3,174,35.8,-0.32096242904663086,-0.30811903895806
COHFACE_s09_session2_natural,3,175,35.833333333333336,-0.5428816080093384,-0.6343733663843547
COHFACE_s09_session2_natural,3,176,35.86666666666667,-0.7071807384490967,-0.9541912689319281
COHFACE_s09_session2_natural,3,177,35.9,-0.8339142799377441,-1.2412719853629701
COHFACE_s09_session2_natural,3,178,35.93333333333333,-0.9400513768196106,-1.4680081342639308
COHFACE_s09_session2_natural,3,179,35.96666666666667,-1.0083448886871338,-1.6082695396816942
COHFACE_s09_session2_natural,3,180,36.0,-1.0502188205718994,-1.6414089724873118
COHFACE_s09_session2_natural,3,181,36.03333333333333,-1.131645679473877,-1.5564337166343798
COHFACE_s09_session2_natural,3,182,36.06666666666667,-1.2628265619277954,-1.3547406423692865
COHFACE_s09_session2_natural,3,183,36.1,-1.355038046836853,-1.0496009031935765
COHFACE_s09_session2_natural,3,184,36.13333333333333,-1.1005980968475342,-0.6631113843718828
COHFACE_s09_session2_natural,3,185,36.166666666666664,-0.08960665017366409,-0.22364919017756124
COHFACE_s09_session2_natural,3,186,36.2,1.1147441864013672,0.23567324939612144
COHFACE_s09_session2_natural,3,187,36.233333333333334,1.6925429105758667,0.6796459652096869
COHFACE_s09_session2_natural,3,188,36.266666666666666,1.7475918531417847,1.0750558836997959
COHFACE_s09_session2_natural,3,189,36.3,1.6450821161270142,1.3946449370600211
COHFACE_s09_session2_natural,3,190,36.333333333333336,1.4765303134918213,1.6196683609427884
COHFACE_s09_session2_natural,3,191,36.36666666666667,1.2303178310394287,1.7403657430284123
COHFACE_s09_session2_natural,3,192,36.4,0.9283336997032166,1.7545703606156855
COHFACE_s09_session2_natural,3,193,36.43333333333333,0.7176855802536011,1.665517961128445
COHFACE_s09_session2_natural,3,194,36.46666666666667,0.6294904947280884,1.479916192773209
COHFACE_s09_session2_natural,3,195,36.5,0.5818629264831543,1.207105890739968
COHFACE_s09_session2_natural,3,196,36.53333333333333,0.49170824885368347,0.8594447849859571
COHFACE_s09_session2_natural,3,197,36.56666666666667,0.3113710880279541,0.4533383836697165
COHFACE_s09_session2_natural,3,198,36.6,0.0692862719297409,0.010161364924919938
COHFACE_s09_session2_natural,3,199,36.63333333333333,-0.16824010014533997,-0.44368848357075535
COHFACE_s09_session2_natural,3,200,36.666666666666664,-0.3977891504764557,-0.877694830764605
COHFACE_s09_session2_natural,3,201,36.7,-0.6080620288848877,-1.2585115863441803
COHFACE_s09_session2_natural,3,202,36.733333333333334,-0.772361159324646,-1.5522683958486434
COHFACE_s09_session2_natural,3,203,36.766666666666666,-0.90169358253479,-1.7294880133657708
COHFACE_s09_session2_natural,3,204,36.8,-0.9887212514877319,-1.7717500024242114
COHFACE_s09_session2_natural,3,205,36.833333333333336,-1.0313873291015625,-1.6768330713410369
COHFACE_s09_session2_natural,3,206,36.86666666666667,-1.0629769563674927,-1.4597366060084733
COHFACE_s09_session2_natural,3,207,36.9,-1.1218894720077515,-1.1482586397098917
COHFACE_s09_session2_natural,3,208,36.93333333333333,-1.22528874874115,-0.775180781075007
COHFACE_s09_session2_natural,3,209,36.96666666666667,-1.31830632686615,-0.3720226636053252
COHFACE_s09_session2_natural,3,210,37.0,-1.234919786453247,0.03351035595388614
COHFACE_s09_session2_natural,3,211,37.03333333333333,-0.5502335429191589,0.4175084640521748
COHFACE_s09_session2_natural,3,212,37.06666666666667,0.5950796604156494,0.7589703106611736
COHFACE_s09_session2_natural,3,213,37.1,1.3549805879592896,1.0397974888158337
COHFACE_s09_session2_natural,3,214,37.13333333333333,1.4879263639450073,1.2459209432371439
COHFACE_s09_session2_natural,3,215,37.166666666666664,1.3210840225219727,1.3682549177090406
COHFACE_s09_session2_natural,3,216,37.2,1.0840996503829956,1.4028784635886775
COHFACE_s09_session2_natural,3,217,37.233333333333334,0.7994877099990845,1.35071424696468
COHFACE_s09_session2_natural,3,218,37.266666666666666,0.49457117915153503,1.2172065565601626
COHFACE_s09_session2_natural,3,219,37.3,0.30426934361457825,1.0125845273766876
COHFACE_s09_session2_natural,3,220,37.333333333333336,0.2737498879432678,0.7523292954922883
COHFACE_s09_session2_natural,3,221,37.36666666666667,0.29733437299728394,0.45660037295629635
COHFACE_s09_session2_natural,3,222,37.4,0.22951337695121765,0.1481522488484636
COHFACE_s09_session2_natural,3,223,37.43333333333333,0.059113118797540665,-0.15078392043215755
COHFACE_s09_session2_natural,3,224,37.46666666666667,-0.1492418795824051,-0.42150931162203115
COHFACE_s09_session2_natural,3,225,37.5,-0.36811745166778564,-0.6501831479440376
COHFACE_s09_session2_natural,3,226,37.53333333333333,-0.598389208316803,-0.827501003648947
COHFACE_s09_session2_natural,3,227,37.56666666666667,-0.7883991599082947,-0.9483082471321874
COHFACE_s09_session2_natural,3,228,37.6,-0.9414828419685364,-1.0114616130691998
COHFACE_s09_session2_natural,3,229,37.63333333333333,-1.085282802581787,-1.018909502012946
COHFACE_s09_session2_natural,3,230,37.666666666666664,-1.1698088645935059,-0.9741966751723522
COHFACE_s09_session2_natural,3,231,37.7,-1.2019405364990234,-0.8818161738835474
COHFACE_s09_session2_natural,3,232,37.733333333333334,-1.2465384006500244,-0.7476160195024212
COHFACE_s09_session2_natural,3,233,37.766666666666666,-1.3084388971328735,-0.5792129103459793
COHFACE_s09_session2_natural,3,234,37.8,-1.392853856086731,-0.3859687280290126
COHFACE_s09_session2_natural,3,235,37.833333333333336,-1.456241488456726,-0.1788064584939288
COHFACE_s09_session2_natural,3,236,37.86666666666667,-1.1419994831085205,0.03004516602421776
COHFACE_s09_session2_natural,3,237,37.9,-0.05933736264705658,0.22750886788071817
COHFACE_s09_session2_natural,3,238,37.93333333333333,1.1392875909805298,0.4004509686642352
COHFACE_s09_session2_natural,3,239,37.96666666666667,1.686844825744629,0.5368895176934319
COHFACE_s09_session2_natural,3,240,38.0,1.70799720287323,0.627564525185861
COHFACE_s09_session2_natural,3,241,38.03333333333333,1.5483120679855347,0.6676479970684598
COHFACE_s09_session2_natural,3,242,38.06666666666667,1.353771448135376,0.6581579959269258
COHFACE_s09_session2_natural,3,243,38.1,1.092813491821289,0.6064877435633083
COHFACE_s09_session2_natural,3,244,38.13333333333333,0.7867295742034912,0.5256024444199989
COHFACE_s09_session2_natural,3,245,38.166666666666664,0.5874220132827759,0.43171425474785774
COHFACE_s09_session2_natural,3,246,38.2,0.5314974784851074,0.3408783812847487
COHFACE_s09_session2_natural,3,247,38.233333333333334,0.5103451013565063,0.2655476020535326
COHFACE_s09_session2_natural,3,248,38.266666666666666,0.409572571516037,0.21205031614741263
COHFACE_s09_session2_natural,3,249,38.3,0.21458719670772552,0.17973150025899073
COHFACE_s09_session2_natural,3,250,38.333333333333336,-0.02352287247776985,0.16188561058845924
COHFACE_s09_session2_natural,3,251,38.36666666666667,-0.28317445516586304,0.14799690628010076
COHFACE_s09_session2_natural,3,252,38.4,-0.5238834023475647,0.1266234455367896
COHFACE_s09_session2_natural,3,253,38.43333333333333,-0.7260261178016663,0.08818984527171535
COHFACE_s09_session2_natural,3,254,38.46666666666667,-0.905626654624939,0.0270750008646967
COHFACE_s09_session2_natural,3,255,38.5,-1.0462579727172852,-0.057430022551202914
COHFACE_s09_session2_natural,3,256,38.53333333333333,-1.1411100625991821,-0.16144889370139465
COHFACE_s09_session2_natural,3,257,38.56666666666667,-1.2092646360397339,-0.2780070403601706
COHFACE_s09_session2_natural,3,258,38.6,-1.2519307136535645,-0.39915215612407884
COHFACE_s09_session2_natural,3,259,38.63333333333333,-1.3126637935638428,-0.5178743078637099
COHFACE_s09_session2_natural,3,260,38.666666666666664,-1.4296966791152954,-0.6289075006363279
COHFACE_s09_session2_natural,3,261,38.7,-1.529232382774353,-0.7276197383841547
COHFACE_s09_session2_natural,3,262,38.733333333333334,-1.2746813297271729,-0.8075797060037663
COHFACE_s09_session2_natural,3,263,38.766666666666666,-0.20673684775829315,-0.8586422923689707
COHFACE_s09_session2_natural,3,264,38.8,1.1473900079727173,-0.867028478652391
COHFACE_s09_session2_natural,3,265,38.833333333333336,1.8874865770339966,-0.8181318050651607
COHFACE_s09_session2_natural,3,266,38.86666666666667,2.0184450149536133,-0.701260600162752
COHFACE_s09_session2_natural,3,267,38.9,1.9402285814285278,-0.5141315527499271
COHFACE_s09_session2_natural,3,268,38.93333333333333,1.7979295253753662,-0.2653033112684134
COHFACE_s09_session2_natural,3,269,38.96666666666667,1.5723413228988647,0.026515353815095122
COHFACE_s09_session2_natural,3,270,39.0,1.255625605583191,0.3359694744339788
COHFACE_s09_session2_natural,3,271,39.03333333333333,0.9696655869483948,0.6357573389741514
COHFACE_s09_session2_natural,3,272,39.06666666666667,0.8205844759941101,0.9009566429637411
COHFACE_s09_session2_natural,3,273,39.1,0.7648962140083313,1.1117515314294857
COHFACE_s09_session2_natural,3,274,39.13333333333333,0.6709474325180054,1.2542616260516055
COHFACE_s09_session2_natural,3,275,39.166666666666664,0.4859684705734253,1.320081735201857
COHFACE_s09_session2_natural,3,276,39.2,0.23572567105293274,1.3054994852778323
COHFACE_s09_session2_natural,3,277,39.233333333333334,-0.04272955656051636,1.2114372576933203
COHFACE_s09_session2_natural,3,278,39.266666666666666,-0.3179883062839508,1.044130166328347
COHFACE_s09_session2_natural,3,279,39.3,-0.5692873001098633,0.8155219465180893
COHFACE_s09_session2_natural,3,280,39.333333333333336,-0.7728893160820007,0.5426455056939478
COHFACE_s09_session2_natural,3,281,39.36666666666667,-0.9290721416473389,0.2457553632795732
COHFACE_s09_session2_natural,3,282,39.4,-1.0465080738067627,-0.054326963403123
COHFACE_s09_session2_natural,3,283,39.43333333333333,-1.1392199993133545,-0.33857239449471577
COHFACE_s09_session2_natural,3,284,39.46666666666667,-1.2083195447921753,-0.5911154105735302
COHFACE_s09_session2_natural,3,285,39.5,-1.259935736656189,-0.7994602321724236
COHFACE_s09_session2_natural,3,286,39.53333333333333,-1.336832046508789,-0.9538063669195853
COHFACE_s09_session2_natural,3,287,39.56666666666667,-1.4527252912521362,-1.046152452502963
COHFACE_s09_session2_natural,3,288,39.6,-1.5497454404830933,-1.070104806262542
COHFACE_s09_session2_natural,3,289,39.63333333333333,-1.2463576793670654,-1.022336010415559
COHFACE_s09_session2_natural,3,290,39.666666666666664,-0.07932232320308685,-0.9051804864860657
COHFACE_s09_session2_natural,3,291,39.7,1.282017469406128,-0.7284927529118683
COHFACE_s09_session2_natural,3,292,39.733333333333334,1.9582955837249756,-0.5100388374117162
COHFACE_s09_session2_natural,3,293,39.766666666666666,2.06394624710083,-0.2749696763390896
COHFACE_s09_session2_natural,3,294,39.8,1.984256625175476,-0.053718087881466106
COHFACE_s09_session2_natural,3,295,39.833333333333336,1.8343276977539062,0.12332315149108104
COHFACE_s09_session2_natural,3,296,39.86666666666667,1.5938133001327515,0.2334752625188587
COHFACE_s09_session2_natural,3,297,39.9,1.2646729946136475,0.2684571315692047
COHFACE_s09_session2_natural,3,298,39.93333333333333,0.9879828095436096,0.2373143799541309
COHFACE_s09_session2_natural,3,299,39.96666666666667,0.8466149568557739,0.16398941745912898
COHFACE_s09_session2_natural,4,0,40.0,0.795123815536499,-0.028238299750847667
COHFACE_s09_session2_natural,4,1,40.03333333333333,0.7022868990898132,-0.3150677148752332
COHFACE_s09_session2_natural,4,2,40.06666666666667,0.4948074221611023,-0.5641218600481432
COHFACE_s09_session2_natural,4,3,40.1,0.2211330384016037,-0.7451326467146728
COHFACE_s09_session2_natural,4,4,40.13333333333333,-0.0576140433549881,-0.8407540756104137
COHFACE_s09_session2_natural,4,5,40.166666666666664,-0.328300416469574,-0.8501780005338244
COHFACE_s09_session2_natural,4,6,40.2,-0.5808780193328857,-0.7874811495901718
COHFACE_s09_session2_natural,4,7,40.233333333333334,-0.7799215316772461,-0.6755578911894172
COHFACE_s09_session2_natural,4,8,40.266666666666666,-0.9257506132125854,-0.5383413359266196
COHFACE_s09_session2_natural,4,9,40.3,-1.0392534732818604,-0.39527640001199993
COHFACE_s09_session2_natural,4,10,40.333333333333336,-1.1261005401611328,-0.25955354615440807
COHFACE_s09_session2_natural,4,11,40.36666666666667,-1.1858747005462646,-0.13892639359381412
COHFACE_s09_session2_natural,4,12,40.4,-1.2454265356063843,-0.037207353455507686
COHFACE_s09_session2_natural,4,13,40.43333333333333,-1.3184869289398193,0.04561850657753987
COHFACE_s09_session2_natural,4,14,40.46666666666667,-1.41782808303833,0.11444264774984403
COHFACE_s09_session2_natural,4,15,40.5,-1.5282317399978638,0.17883208982757376
COHFACE_s09_session2_natural,4,16,40.53333333333333,-1.444039225578308,0.25039122849902
COHFACE_s09_session2_natural,4,17,40.56666666666667,-0.6095073819160461,0.33812565414524953
COHFACE_s09_session2_natural,4,18,40.6,0.8079653382301331,0.44350865324005795
COHFACE_s09_session2_natural,4,19,40.63333333333333,1.789854884147644,0.5578830986638456
COHFACE_s09_session2_natural,4,20,40.666666666666664,2.049186944961548,0.6636192059931525
COHFACE_s09_session2_natural,4,21,40.7,1.9757511615753174,0.7389020320956273
COHFACE_s09_session2_natural,4,22,40.733333333333334,1.816774845123291,0.764208494545802
COHFACE_s09_session2_natural,4,23,40.766666666666666,1.5717437267303467,0.7271265681527029
COHFACE_s09_session2_natural,4,24,40.8,1.2440348863601685,0.6242340204528091
COHFACE_s09_session2_natural,4,25,40.833333333333336,0.9546699523925781,0.46100668180562826
COHFACE_s09_session2_natural,4,26,40.86666666666667,0.7974030375480652,0.25047874164247225
COHFACE_s09_session2_natural,4,27,40.9,0.7526383996009827,0.010899701738140536
COHFACE_s09_session2_natural,4,28,40.93333333333333,0.6892368793487549,-0.23693573420144337
COHFACE_s09_session2_natural,4,29,40.96666666666667,0.5192396640777588,-0.4716882454784437
COHFACE_s09_session2_natural,4,30,41.0,0.27833616733551025,-0.672836366012619
COHFACE_s09_session2_natural,4,31,41.03333333333333,0.021950550377368927,-0.8223657398665944
COHFACE_s09_session2_natural,4,32,41.06666666666667,-0.24131444096565247,-0.9069839904955421
COHFACE_s09_session2_natural,4,33,41.1,-0.49082064628601074,-0.9201608277121446
COHFACE_s09_session2_natural,4,34,41.13333333333333,-0.7048737406730652,-0.8631381244687004
COHFACE_s09_session2_natural,4,35,41.166666666666664,-0.8686447739601135,-0.7440912262870223
COHFACE_s09_session2_natural,4,36,41.2,-0.9719188809394836,-0.5757573007543438
COHFACE_s09_session2_natural,4,37,41.233333333333334,-1.0485650300979614,-0.37292057507347626
COHFACE_s09_session2_natural,4,38,41.266666666666666,-1.1161080598831177,-0.1506054692806694
COHFACE_s09_session2_natural,4,39,41.3,-1.1728802919387817,0.07687198812336388
COHFACE_s09_session2_natural,4,40,41.333333333333336,-1.2445787191390991,0.2962368409294364
COHFACE_s09_session2_natural,4,41,41.36666666666667,-1.3469078540802002,0.4954925665361885
COHFACE_s09_session2_natural,4,42,41.4,-1.4460127353668213,0.6644101010235859
COHFACE_s09_session2_natural,4,43,41.43333333333333,-1.2796428203582764,0.7953292516878032
COHFACE_s09_session2_natural,4,44,41.46666666666667,-0.40076327323913574,0.8837718839422452
COHFACE_s09_session2_natural,4,45,41.5,0.8291038274765015,0.9279407629705985
COHFACE_s09_session2_natural,4,46,41.53333333333333,1.5466305017471313,0.9271403686053491
COHFACE_s09_session2_natural,4,47,41.56666666666667,1.6136871576309204,0.8801400540751608
COHFACE_s09_session2_natural,4,48,41.6,1.4057629108428955,0.7844786942922265
COHFACE_s09_session2_natural,4,49,41.63333333333333,1.1405245065689087,0.6374468768949257
COHFACE_s09_session2_natural,4,50,41.666666666666664,0.8132603764533997,0.4383950835153787
COHFACE_s09_session2_natural,4,51,41.7,0.5012698769569397,0.19099708647426106
COHFACE_s09_session2_natural,4,52,41.733333333333334,0.33687347173690796,-0.09548512444039225
COHFACE_s09_session2_natural,4,53,41.766666666666666,0.3154292404651642,-0.4062746719350716
COHFACE_s09_session2_natural,4,54,41.8,0.3284514248371124,-0.7221089607291846
COHFACE_s09_session2_natural,4,55,41.833333333333336,0.25457102060317993,-1.0202548597983896
COHFACE_s09_session2_natural,4,56,41.86666666666667,0.07460910826921463,-1.2753878684689575
COHFACE_s09_session2_natural,4,57,41.9,-0.14655961096286774,-1.4610707290631357
COHFACE_s09_session2_natural,4,58,41.93333333333333,-0.3765256106853485,-1.5524332554006866
COHFACE_s09_session2_natural,4,59,41.96666666666667,-0.6004460453987122,-1.530271981453588
COHFACE_s09_session2_natural,4,60,42.0,-0.7988085746765137,-1.385796724427714
COHFACE_s09_session2_natural,4,61,42.03333333333333,-0.9670130014419556,-1.124324436157533
COHFACE_s09_session2_natural,4,62,42.06666666666667,-1.0949417352676392,-0.7664644187532202
COHFACE_s09_session2_natural,4,63,42.1,-1.1564115285873413,-0.3458770412974354
COHFACE_s09_session2_natural,4,64,42.13333333333333,-1.1876397132873535,0.09621312255109134
COHFACE_s09_session2_natural,4,65,42.166666666666664,-1.2470803260803223,0.5184317802565896
COHFACE_s09_session2_natural,4,66,42.2,-1.3291465044021606,0.8865062085419444
COHFACE_s09_session2_natural,4,67,42.233333333333334,-1.4075853824615479,1.1778296829345547
COHFACE_s09_session2_natural,4,68,42.266666666666666,-1.292762279510498,1.382309315607889
COHFACE_s09_session2_natural,4,69,42.3,-0.5117923617362976,1.5000958756442004
COHFACE_s09_session2_natural,4,70,42.333333333333336,0.714169442653656,1.5376592032766203
COHFACE_s09_session2_natural,4,71,42.36666666666667,1.5029220581054688,1.5041858379302817
COHFACE_s09_session2_natural,4,72,42.4,1.6442065238952637,1.409185043530854
COHFACE_s09_session2_natural,4,73,42.43333333333333,1.4832568168640137,1.2609933464321261
COHFACE_s09_session2_natural,4,74,42.46666666666667,1.2497329711914062,1.0662540987848057
COHFACE_s09_session2_natural,4,75,42.5,0.9658576250076294,0.8308785034784976
COHFACE_s09_session2_natural,4,76,42.53333333333333,0.6572859883308411,0.5617988009382142
COHFACE_s09_session2_natural,4,77,42.56666666666667,0.45059871673583984,0.2677970889731742
COHFACE_s09_session2_natural,4,78,42.6,0.3824024796485901,-0.04092860669704605
COHFACE_s09_session2_natural,4,79,42.63333333333333,0.3878781795501709,-0.35336056482782957
COHFACE_s09_session2_natural,4,80,42.666666666666664,0.33267635107040405,-0.6577192295765758
COHFACE_s09_session2_natural,4,81,42.7,0.17214348912239075,-0.9408933279973756
COHFACE_s09_session2_natural,4,82,42.733333333333334,-0.04127029329538345,-1.187815173383641
COHFACE_s09_session2_natural,4,83,42.766666666666666,-0.2793247699737549,-1.3818679394384523
COHFACE_s09_session2_natural,4,84,42.8,-0.5179212689399719,-1.5068986840684322
COHFACE_s09_session2_natural,4,85,42.833333333333336,-0.7231353521347046,-1.550699538239006
COHFACE_s09_session2_natural,4,86,42.86666666666667,-0.891506552696228,-1.5084518243099905
COHFACE_s09_session2_natural,4,87,42.9,-1.024243950843811,-1.3835905501911137
COHFACE_s09_session2_natural,4,88,42.93333333333333,-1.1234182119369507,-1.1860443912683276
COHFACE_s09_session2_natural,4,89,42.96666666666667,-1.1741172075271606,-0.9302763340978866
COHFACE_s09_session2_natural,4,90,43.0,-1.211780071258545,-0.6341313478822407
COHFACE_s09_session2_natural,4,91,43.03333333333333,-1.2884817123413086,-0.3178375280348216
COHFACE_s09_session2_natural,4,92,43.06666666666667,-1.401206374168396,-0.0024784441766944887
COHFACE_s09_session2_natural,4,93,43.1,-1.386558175086975,0.292511280291815
COHFACE_s09_session2_natural,4,94,43.13333333333333,-0.7415637969970703,0.5521397430395406
COHFACE_s09_session2_natural,4,95,43.166666666666664,0.5640043020248413,0.7672345769857389
COHFACE_s09_session2_natural,4,96,43.2,1.5825839042663574,0.9339415726191514
COHFACE_s09_session2_natural,4,97,43.233333333333334,1.891780972480774,1.0522233131921586
COHFACE_s09_session2_natural,4,98,43.266666666666666,1.8481976985931396,1.12420984805226
COHFACE_s09_session2_natural,4,99,43.3,1.7228399515151978,1.1530263948787143
COHFACE_s09_session2_natural,4,100,43.333333333333336,1.5444207191467285,1.1421093024701652
COHFACE_s09_session2_natural,4,101,43.36666666666667,1.2647424936294556,1.0944636849288445
COHFACE_s09_session2_natural,4,102,43.4,0.9596036076545715,1.0118975192630535
COHFACE_s09_session2_natural,4,103,43.43333333333333,0.7607268691062927,0.8948718482849997
COHFACE_s09_session2_natural,4,104,43.46666666666667,0.6927947402000427,0.7433095722163797
COHFACE_s09_session2_natural,4,105,43.5,0.6416926980018616,0.5582989830500092
COHFACE_s09_session2_natural,4,106,43.53333333333333,0.5013810396194458,0.34408212529737925
COHFACE_s09_session2_natural,4,107,43.56666666666667,0.2801845669746399,0.10928287250396293
COHFACE_s09_session2_natural,4,108,43.6,0.028927218168973923,-0.13328898966310343
COHFACE_s09_session2_natural,4,109,43.63333333333333,-0.22504018247127533,-0.36838899854112495
COHFACE_s09_session2_natural,4,110,43.666666666666664,-0.4638034403324127,-0.5810750893570027
COHFACE_s09_session2_natural,4,111,43.7,-0.6664742827415466,-0.7592668391729022
COHFACE_s09_session2_natural,4,112,43.733333333333334,-0.8296893835067749,-0.8952127549962918
COHFACE_s09_session2_natural,4,113,43.766666666666666,-0.9529067873954773,-0.9853811442524534
COHFACE_s09_session2_natural,4,114,43.8,-1.0373356342315674,-1.0291509694594496
COHFACE_s09_session2_natural,4,115,43.833333333333336,-1.092954397201538,-1.0274278633219736
COHFACE_s09_session2_natural,4,116,43.86666666666667,-1.1473779678344727,-0.9817285954200927
COHFACE_s09_session2_natural,4,117,43.9,-1.236420750617981,-0.8935908653677701
COHFACE_s09_session2_natural,4,118,43.93333333333333,-1.362376093864441,-0.7643724480815238
COHFACE_s09_session2_natural,4,119,43.96666666666667,-1.3628486394882202,-0.5957210640206602
COHFACE_s09_session2_natural,4,120,44.0,-0.7243861556053162,-0.390733183357213
COHFACE_s09_session2_natural,4,121,44.03333333333333,0.5713422894477844,-0.15552359195849272
COHFACE_s09_session2_natural,4,122,44.06666666666667,1.5589995384216309,0.099461704827362
COHFACE_s09_session2_natural,4,123,44.1,1.8512134552001953,0.3593122589555104
COHFACE_s09_session2_natural,4,124,44.13333333333333,1.8096035718917847,0.6058947243688496
COHFACE_s09_session2_natural,4,125,44.166666666666664,1.6918758153915405,0.8198906457286539
COHFACE_s09_session2_natural,4,126,44.2,1.524296760559082,0.9831370313989797
COHFACE_s09_session2_natural,4,127,44.233333333333334,1.2407828569412231,1.0809358215272749
COHFACE_s09_session2_natural,4,128,44.266666666666666,0.9348239302635193,1.1039541329844624
COHFACE_s09_session2_natural,4,129,44.3,0.7525967359542847,1.049314249814436
COHFACE_s09_session2_natural,4,130,44.333333333333336,0.6824826002120972,0.9207472764041152
COHFACE_s09_session2_natural,4,131,44.36666666666667,0.6256685853004456,0.7279534608837942
COHFACE_s09_session2_natural,4,132,44.4,0.48809483647346497,0.48537881859454074
COHFACE_s09_session2_natural,4,133,44.43333333333333,0.2631736993789673,0.21064550465005535
COHFACE_s09_session2_natural,4,134,44.46666666666667,0.009470374323427677,-0.07699874127216666
COHFACE_s09_session2_natural,4,135,44.5,-0.23949383199214935,-0.35777267660893736
COHFACE_s09_session2_natural,4,136,44.53333333333333,-0.4753246605396271,-0.6121203376775218
COHFACE_s09_session2_natural,4,137,44.56666666666667,-0.6847915053367615,-0.8217490920968845
COHFACE_s09_session2_natural,4,138,44.6,-0.8529680967330933,-0.971291929131411
COHFACE_s09_session2_natural,4,139,44.63333333333333,-0.9791596531867981,-1.050523200264137
COHFACE_s09_session2_natural,4,140,44.666666666666664,-1.0748872756958008,-1.0562478746281032
COHFACE_s09_session2_natural,4,141,44.7,-1.1486148834228516,-0.9923664051261516
COHFACE_s09_session2_natural,4,142,44.733333333333334,-1.1980490684509277,-0.8682650383967488
COHFACE_s09_session2_natural,4,143,44.766666666666666,-1.249818205833435,-0.6972779085333656
COHFACE_s09_session2_natural,4,144,44.8,-1.349993109703064,-0.4953346968972979
COHFACE_s09_session2_natural,4,145,44.833333333333336,-1.461314082145691,-0.2783101842761303
COHFACE_s09_session2_natural,4,146,44.86666666666667,-1.444150447845459,-0.058665810459227724
COHFACE_s09_session2_natural,4,147,44.9,-0.8079810738563538,0.15602273440402994
COHFACE_s09_session2_natural,4,148,44.93333333333333,0.5018258094787598,0.3618700536251769
COHFACE_s09_session2_natural,4,149,44.96666666666667,1.5179733037948608,0.5560434859745422
COHFACE_s09_session2_natural,4,150,45.0,1.8030577898025513,0.7341651849309466
COHFACE_s09_session2_natural,4,151,45.03333333333333,1.7345001697540283,0.8891449031798628
COHFACE_s09_session2_natural,4,152,45.06666666666667,1.5925347805023193,1.0117275441159157
COHFACE_s09_session2_natural,4,153,45.1,1.3993839025497437,1.091906678344659
COHFACE_s09_session2_natural,4,154,45.13333333333333,1.103028416633606,1.120615618684386
COHFACE_s09_session2_natural,4,155,45.166666666666664,0.8173602223396301,1.0914969663200342
COHFACE_s09_session2_natural,4,156,45.2,0.6751723885536194,1.0022454329871981
COHFACE_s09_session2_natural,4,157,45.233333333333334,0.6415676474571228,0.8547950918375945
COHFACE_s09_session2_natural,4,158,45.266666666666666,0.5995269417762756,0.6545681877554745
COHFACE_s09_session2_natural,4,159,45.3,0.4680403769016266,0.4098702622603698
COHFACE_s09_session2_natural,4,160,45.333333333333336,0.2515135109424591,0.1317153585229392
COHFACE_s09_session2_natural,4,161,45.36666666666667,0.012903117574751377,-0.16650145965323682
COHFACE_s09_session2_natural,4,162,45.4,-0.22419241070747375,-0.469859194926422
COHFACE_s09_session2_natural,4,163,45.43333333333333,-0.4511009156703949,-0.7633272622983036
COHFACE_s09_session2_natural,4,164,45.46666666666667,-0.6383730173110962,-1.0329486712231208
COHFACE_s09_session2_natural,4,165,45.5,-0.7819228172302246,-1.2653723378006279
COHFACE_s09_session2_natural,4,166,45.53333333333333,-0.8858779668807983,-1.4463019988122707
COHFACE_s09_session2_natural,4,167,45.56666666666667,-0.9610508680343628,-1.5602674643771155
COHFACE_s09_session2_natural,4,168,45.6,-1.0132368803024292,-1.592574845102163
COHFACE_s09_session2_natural,4,169,45.63333333333333,-1.0556806325912476,-1.5324875363096542
COHFACE_s09_session2_natural,4,170,45.666666666666664,-1.114565372467041,-1.3762066839910174
COHFACE_s09_session2_natural,4,171,45.7,-1.2257473468780518,-1.1280604021352825
COHFACE_s09_session2_natural,4,172,45.733333333333334,-1.3472691774368286,-0.7999072535822109
COHFACE_s09_session2_natural,4,173,45.766666666666666,-1.2612838745117188,-0.410294167261532
COHFACE_s09_session2_natural,4,174,45.8,-0.4994094669818878,0.01624363362771288
COHFACE_s09_session2_natural,4,175,45.833333333333336,0.7129186391830444,0.450602137983401
COHFACE_s09_session2_natural,4,176,45.86666666666667,1.4634941816329956,0.8617498864469966
COHFACE_s09_session2_natural,4,177,45.9,1.5461024045944214,1.2205162582642866
COHFACE_s09_session2_natural,4,178,45.93333333333333,1.3508390188217163,1.5035600099870254
COHFACE_s09_session2_natural,4,179,45.96666666666667,1.0932860374450684,1.695811054026586
COHFACE_s09_session2_natural,4,180,46.0,0.7819904685020447,1.7907936336787915
COHFACE_s09_session2_natural,4,181,46.03333333333333,0.46899932622909546,1.7894451140091565
COHFACE_s09_session2_natural,4,182,46.06666666666667,0.29780688881874084,1.6981690513695986
COHFACE_s09_session2_natural,4,183,46.1,0.28713342547416687,1.5268111133416409
COHFACE_s09_session2_natural,4,184,46.13333333333333,0.3042137622833252,1.2869878705368416
COHFACE_s09_session2_natural,4,185,46.166666666666664,0.22941608726978302,0.9909005369381315
COHFACE_s09_session2_natural,4,186,46.2,0.07037029415369034,0.650779018036021
COHFACE_s09_session2_natural,4,187,46.233333333333334,-0.12895116209983826,0.27911825351147657
COHFACE_s09_session2_natural,4,188,46.266666666666666,-0.3611963987350464,-0.11049880089436748
COHFACE_s09_session2_natural,4,189,46.3,-0.6004321575164795,-0.5025229301414592
COHFACE_s09_session2_natural,4,190,46.333333333333336,-0.8047845959663391,-0.8789596407589736
COHFACE_s09_session2_natural,4,191,46.36666666666667,-0.9782701730728149,-1.2195784557063247
COHFACE_s09_session2_natural,4,192,46.4,-1.1136759519577026,-1.5030238481174476
COHFACE_s09_session2_natural,4,193,46.43333333333333,-1.192781925201416,-1.7089027426722427
COHFACE_s09_session2_natural,4,194,46.46666666666667,-1.2386305332183838,-1.8203915072785455
COHFACE_s09_session2_natural,4,195,46.5,-1.2714014053344727,-1.826436037046025
COHFACE_s09_session2_natural,4,196,46.53333333333333,-1.3253108263015747,-1.7232377730135011
COHFACE_s09_session2_natural,4,197,46.56666666666667,-1.437187671661377,-1.5153388619179697
COHFACE_s09_session2_natural,4,198,46.6,-1.4813685417175293,-1.2161351689873505
COHFACE_s09_session2_natural,4,199,46.63333333333333,-1.0340418815612793,-0.8471629407322943
COHFACE_s09_session2_natural,4,200,46.666666666666664,0.15263104438781738,-0.4360730206009555
COHFACE_s09_session2_natural,4,201,46.7,1.296818494796753,-0.013825978320781487
COHFACE_s09_session2_natural,4,202,46.733333333333334,1.7188235521316528,0.388469466934147
COHFACE_s09_session2_natural,4,203,46.766666666666666,1.6628295183181763,0.7427842304248417
COHFACE_s09_session2_natural,4,204,46.8,1.4865227937698364,1.0270631724754957
COHFACE_s09_session2_natural,4,205,46.833333333333336,1.2710521221160889,1.2272703075006435
COHFACE_s09_session2_natural,4,206,46.86666666666667,0.9783933758735657,1.3382574272398482
COHFACE_s09_session2_natural,4,207,46.9,0.6804257035255432,1.363338955194651
COHFACE_s09_session2_natural,4,208,46.93333333333333,0.5127772092819214,1.3125670152770974
COHFACE_s09_session2_natural,4,209,46.96666666666667,0.48003414273262024,1.1998415937673563
COHFACE_s09_session2_natural,4,210,47.0,0.4567832052707672,1.0398106977750627
COHFACE_s09_session2_natural,4,211,47.03333333333333,0.3432803153991699,0.8461601426412547
COHFACE_s09_session2_natural,4,212,47.06666666666667,0.14917050302028656,0.6315894295725928
COHFACE_s09_session2_natural,4,213,47.1,-0.0975283682346344,0.40844080605251176
COHFACE_s09_session2_natural,4,214,47.13333333333333,-0.35645726323127747,0.1889441937986186
COHFACE_s09_session2_natural,4,215,47.166666666666664,-0.5972217917442322,-0.015668777358864606
COHFACE_s09_session2_natural,4,216,47.2,-0.7918875217437744,-0.1968835989239079
COHFACE_s09_session2_natural,4,217,47.233333333333334,-0.9582991003990173,-0.3501771538276006
COHFACE_s09_session2_natural,4,218,47.266666666666666,-1.0877844095230103,-0.47513492023705167
COHFACE_s09_session2_natural,4,219,47.3,-1.1686276197433472,-0.5744389149071665
COHFACE_s09_session2_natural,4,220,47.333333333333336,-1.215601921081543,-0.6520597068721535
COHFACE_s09_session2_natural,4,221,47.36666666666667,-1.2571284770965576,-0.7112324768986651
COHFACE_s09_session2_natural,4,222,47.4,-1.3255609273910522,-0.752823098112305
COHFACE_s09_session2_natural,4,223,47.43333333333333,-1.4326986074447632,-0.7746178756084352
COHFACE_s09_session2_natural,4,224,47.46666666666667,-1.4885953664779663,-0.7717288173392263
COHFACE_s09_session2_natural,4,225,47.5,-1.0683553218841553,-0.7379371453506832
COHFACE_s09_session2_natural,4,226,47.53333333333333,0.16240116953849792,-0.6675252969917709
COHFACE_s09_session2_natural,4,227,47.56666666666667,1.4080144166946411,-0.5569576011505939
COHFACE_s09_session2_natural,4,228,47.6,1.9422714710235596,-0.4062845272228798
COHFACE_s09_session2_natural,4,229,47.63333333333333,1.96553635597229,-0.2206166074668284
COHFACE_s09_session2_natural,4,230,47.666666666666664,1.8305058479309082,-0.01098856794014716
COHFACE_s09_session2_natural,4,231,47.7,1.661759376525879,0.2069437429644114
COHFACE_s09_session2_natural,4,232,47.733333333333334,1.4058046340942383,0.41602480845467305
COHFACE_s09_session2_natural,4,233,47.766666666666666,1.081695318222046,0.6003409983715201
COHFACE_s09_session2_natural,4,234,47.8,0.8416534662246704,0.7467069773989309
COHFACE_s09_session2_natural,4,235,47.833333333333336,0.7377261519432068,0.8455065614626684
COHFACE_s09_session2_natural,4,236,47.86666666666667,0.6963525414466858,0.8912356646570748
COHFACE_s09_session2_natural,4,237,47.9,0.6101309061050415,0.8826858878579196
COHFACE_s09_session2_natural,4,238,47.93333333333333,0.41053152084350586,0.8224588070552696
COHFACE_s09_session2_natural,4,239,47.96666666666667,0.14565438032150269,0.715354576408424
COHFACE_s09_session2_natural,4,240,48.0,-0.11691571772098541,0.5664274420041318
COHFACE_s09_session2_natural,4,241,48.03333333333333,-0.37180036306381226,0.3805715007322607
COHFACE_s09_session2_natural,4,242,48.06666666666667,-0.6000569462776184,0.16367022132843712
COHFACE_s09_session2_natural,4,243,48.1,-0.7812557220458984,-0.0764795998800764
COHFACE_s09_session2_natural,4,244,48.13333333333333,-0.9216090440750122,-0.32988761745284517
COHFACE_s09_session2_natural,4,245,48.166666666666664,-1.023048758506775,-0.5836983178385069
COHFACE_s09_session2_natural,4,246,48.2,-1.08966064453125,-0.8214851906064145
COHFACE_s09_session2_natural,4,247,48.233333333333334,-1.1453211307525635,-1.0241904030471347
COHFACE_s09_session2_natural,4,248,48.266666666666666,-1.2241768836975098,-1.1726618469854568
COHFACE_s09_session2_natural,4,249,48.3,-1.339986801147461,-1.2499969637005017
COHFACE_s09_session2_natural,4,250,48.333333333333336,-1.4361591339111328,-1.2432103876368563
COHFACE_s09_session2_natural,4,251,48.36666666666667,-1.1555776596069336,-1.1451076918756116
COHFACE_s09_session2_natural,4,252,48.4,-0.05675237998366356,-0.9563957850445819
COHFACE_s09_session2_natural,4,253,48.43333333333333,1.2272186279296875,-0.6871120894167286
COHFACE_s09_session2_natural,4,254,48.46666666666667,1.8248772621154785,-0.35650906239665137
COHFACE_s09_session2_natural,4,255,48.5,1.8526726961135864,0.009204254281736532
COHFACE_s09_session2_natural,4,256,48.53333333333333,1.6889711618423462,0.3807701438238376
COHFACE_s09_session2_natural,4,257,48.56666666666667,1.4625213146209717,0.7299176598228724
COHFACE_s09_session2_natural,4,258,48.6,1.1778260469436646,1.0325227373596852
COHFACE_s09_session2_natural,4,259,48.63333333333333,0.8662246465682983,1.2705573533624768
COHFACE_s09_session2_natural,4,260,48.666666666666664,0.6526719331741333,1.4328015890982895
COHFACE_s09_session2_natural,4,261,48.7,0.5887005925178528,1.5145324160235438
COHFACE_s09_session2_natural,4,262,48.733333333333334,0.5807650089263916,1.5164706448584304
COHFACE_s09_session2_natural,4,263,48.766666666666666,0.5013254880905151,1.4432723490047756
COHFACE_s09_session2_natural,4,264,48.8,0.3185701370239258,1.3019406560455935
COHFACE_s09_session2_natural,4,265,48.833333333333336,0.08890988677740097,1.1005804955941
COHFACE_s09_session2_natural,4,266,48.86666666666667,-0.15217429399490356,0.8477822748193242
COHFACE_s09_session2_natural,4,267,48.9,-0.38546186685562134,0.5527487963270157
COHFACE_s09_session2_natural,4,268,48.93333333333333,-0.5979722738265991,0.22579312040824082
COHFACE_s09_session2_natural,4,269,48.96666666666667,-0.7681362628936768,-0.12154271769122718
COHFACE_s09_session2_natural,4,270,49.0,-0.876566469669342,-0.4767477775270347
COHFACE_s09_session2_natural,4,271,49.03333333333333,-0.9447765946388245,-0.8262469854012656
COHFACE_s09_session2_natural,4,272,49.06666666666667,-1.0035362243652344,-1.1547112424521522
COHFACE_s09_session2_natural,4,273,49.1,-1.0660204887390137,-1.4441271943716636
COHFACE_s09_session2_natural,4,274,49.13333333333333,-1.1670571565628052,-1.6734359431363506
COHFACE_s09_session2_natural,4,275,49.166666666666664,-1.2727911472320557,-1.8198040575783654
COHFACE_s09_session2_natural,4,276,49.2,-1.0718575716018677,-1.86188500897125
COHFACE_s09_session2_natural,4,277,49.233333333333334,-0.1825130730867386,-1.7845603710016928
COHFACE_s09_session2_natural,4,278,49.266666666666666,0.8922273516654968,-1.5839259554226388
COHFACE_s09_session2_natural,4,279,49.3,1.3861254453659058,-1.2707410456212196
COHFACE_s09_session2_natural,4,280,49.333333333333336,1.3310903310775757,-0.8709546194570874
COHFACE_s09_session2_natural,4,281,49.36666666666667,1.0937168598175049,-0.4225950178076321
COHFACE_s09_session2_natural,4,282,49.4,0.8173463344573975,0.0304658678579634
COHFACE_s09_session2_natural,4,283,49.43333333333333,0.48674672842025757,0.4461697173858522
COHFACE_s09_session2_natural,4,284,49.46666666666667,0.20592890679836273,0.7912829560988881
COHFACE_s09_session2_natural,4,285,49.5,0.0998891070485115,1.0456538358847784
COHFACE_s09_session2_natural,4,286,49.53333333333333,0.11555186659097672,1.2028780567364612
COHFACE_s09_session2_natural,4,287,49.56666666666667,0.12226447463035583,1.2678917441016109
COHFACE_s09_session2_natural,4,288,49.6,0.02133904956281185,1.2528813892012929
COHFACE_s09_session2_natural,4,289,49.63333333333333,-0.1594984084367752,1.173445832954877
COHFACE_s09_session2_natural,4,290,49.666666666666664,-0.3527604639530182,1.046133570626192
COHFACE_s09_session2_natural,4,291,49.7,-0.5511090755462646,0.8874843901973246
COHFACE_s09_session2_natural,4,292,49.733333333333334,-0.7514728903770447,0.7137849479093877
COHFACE_s09_session2_natural,4,293,49.766666666666666,-0.9301422834396362,0.5401204869399782
COHFACE_s09_session2_natural,4,294,49.8,-1.0736503601074219,0.3785554788723335
COHFACE_s09_session2_natural,4,295,49.833333333333336,-1.1610532999038696,0.2366106699946007
COHFACE_s09_session2_natural,4,296,49.86666666666667,-1.2041641473770142,0.11689173519536364
COHFACE_s09_session2_natural,4,297,49.9,-1.2438005208969116,0.018194048163557748
COHFACE_s09_session2_natural,4,298,49.93333333333333,-1.310620903968811,-0.06262681797149648
COHFACE_s09_session2_natural,4,299,49.96666666666667,-1.3790255784988403,-0.1295882605549908
