recording_id,measurement_id,sample_index,time_seconds,gt_signal,predicted_signal
COHFACE_s40_session3_natural,0,0,0.0,-4.155503273010254,0.0584303260696001
COHFACE_s40_session3_natural,0,1,0.03333333333333333,-2.605275869369507,0.1932181713927209
COHFACE_s40_session3_natural,0,2,0.06666666666666667,1.0615720748901367,0.3347774153394116
COHFACE_s40_session3_natural,0,3,0.1,1.282462239265442,0.4859616422579128
COHFACE_s40_session3_natural,0,4,0.13333333333333333,0.4982626140117645,0.6392892504313239
COHFACE_s40_session3_natural,0,5,0.16666666666666666,0.5328547954559326,0.7786678072466617
COHFACE_s40_session3_natural,0,6,0.2,0.5253106951713562,0.8863536402526908
COHFACE_s40_session3_natural,0,7,0.23333333333333334,0.32247257232666016,0.9485367977224742
COHFACE_s40_session3_natural,0,8,0.26666666666666666,0.11173110455274582,0.9564975425165683
COHFACE_s40_session3_natural,0,9,0.3,-0.09972886741161346,0.9045730390624817
COHFACE_s40_session3_natural,0,10,0.3333333333333333,-0.2784377634525299,0.7880748322414074
COHFACE_s40_session3_natural,0,11,0.36666666666666664,-0.41702359914779663,0.6052717358156208
COHFACE_s40_session3_natural,0,12,0.4,-0.5409477949142456,0.3622807348003316
COHFACE_s40_session3_natural,0,13,0.43333333333333335,-0.6524107456207275,0.07472389257093849
COHFACE_s40_session3_natural,0,14,0.4666666666666667,-0.737027645111084,-0.23536362412563952
COHFACE_s40_session3_natural,0,15,0.5,-0.8019610047340393,-0.5438521769988488
COHFACE_s40_session3_natural,0,16,0.5333333333333333,-0.872410237789154,-0.8273599160615067
COHFACE_s40_session3_natural,0,17,0.5666666666666667,-0.9484052658081055,-1.0634306523086647
COHFACE_s40_session3_natural,0,18,0.6,-1.0184727907180786,-1.2295653550723467
COHFACE_s40_session3_natural,0,19,0.6333333333333333,-1.0719852447509766,-1.3048436651448754
COHFACE_s40_session3_natural,0,20,0.6666666666666666,-1.140211582183838,-1.2747689751458708
COHFACE_s40_session3_natural,0,21,0.7,-1.2171123027801514,-1.1365955123772649
COHFACE_s40_session3_natural,0,22,0.7333333333333333,-1.2690678834915161,-0.902066234623693
COHFACE_s40_session3_natural,0,23,0.7666666666666667,-0.8773947358131409,-0.5949141592089551
COHFACE_s40_session3_natural,0,24,0.8,0.26609373092651367,-0.24460377741342884
COHFACE_s40_session3_natural,0,25,0.8333333333333334,1.256394624710083,0.11845876840386688
COHFACE_s40_session3_natural,0,26,0.8666666666666667,1.6655584573745728,0.46427688489769514
COHFACE_s40_session3_natural,0,27,0.9,1.7571806907653809,0.7628996496388133
COHFACE_s40_session3_natural,0,28,0.9333333333333333,1.7497637271881104,0.9850712242955059
COHFACE_s40_session3_natural,0,29,0.9666666666666667,1.7083309888839722,1.1067729468453513
COHFACE_s40_session3_natural,0,30,1.0,1.5946452617645264,1.1160055440028749
COHFACE_s40_session3_natural,0,31,1.0333333333333334,1.331484079360962,1.015968558617015
COHFACE_s40_session3_natural,0,32,1.0666666666666667,1.0203338861465454,0.8227251181636782
COHFACE_s40_session3_natural,0,33,1.1,0.8069804310798645,0.5598516219718742
COHFACE_s40_session3_natural,0,34,1.1333333333333333,0.68178391456604,0.25353926426439105
COHFACE_s40_session3_natural,0,35,1.1666666666666667,0.5437443852424622,-0.06830711518221991
COHFACE_s40_session3_natural,0,36,1.2,0.34418439865112305,-0.3744175808413949
COHFACE_s40_session3_natural,0,37,1.2333333333333334,0.11105003207921982,-0.631890460219667
COHFACE_s40_session3_natural,0,38,1.2666666666666666,-0.09989352524280548,-0.8124771352206612
COHFACE_s40_session3_natural,0,39,1.3,-0.2641278803348541,-0.899369943189267
COHFACE_s40_session3_natural,0,40,1.3333333333333333,-0.3919738233089447,-0.890822036916819
COHFACE_s40_session3_natural,0,41,1.3666666666666667,-0.5039082765579224,-0.7981975423249422
COHFACE_s40_session3_natural,0,42,1.4,-0.6127067804336548,-0.6400547014720337
COHFACE_s40_session3_natural,0,43,1.4333333333333333,-0.7131154537200928,-0.437441363837928
COHFACE_s40_session3_natural,0,44,1.4666666666666666,-0.7980542182922363,-0.212251331395142
COHFACE_s40_session3_natural,0,45,1.5,-0.876616358757019,0.013224696485412827
COHFACE_s40_session3_natural,0,46,1.5333333333333334,-0.9470880627632141,0.21756386582148554
COHFACE_s40_session3_natural,0,47,1.5666666666666667,-1.003713846206665,0.3837765229867883
COHFACE_s40_session3_natural,0,48,1.6,-1.0389047861099243,0.5034813546550473
COHFACE_s40_session3_natural,0,49,1.6333333333333333,-1.0803899765014648,0.5772224502379254
COHFACE_s40_session3_natural,0,50,1.6666666666666667,-1.1548058986663818,0.6103375933475037
COHFACE_s40_session3_natural,0,51,1.7,-1.2263402938842773,0.6078569863442802
COHFACE_s40_session3_natural,0,52,1.7333333333333334,-0.9164924621582031,0.5718430679811511
COHFACE_s40_session3_natural,0,53,1.7666666666666666,0.14178036153316498,0.503645066260158
COHFACE_s40_session3_natural,0,54,1.8,1.1529098749160767,0.4088791951240479
COHFACE_s40_session3_natural,0,55,1.8333333333333333,1.6023914813995361,0.29888657023210047
COHFACE_s40_session3_natural,0,56,1.8666666666666667,1.7031967639923096,0.18718367371316555
COHFACE_s40_session3_natural,0,57,1.9,1.685197114944458,0.08459054148024782
COHFACE_s40_session3_natural,0,58,1.9333333333333333,1.6350003480911255,-0.0035698918883831574
COHFACE_s40_session3_natural,0,59,1.9666666666666666,1.5169137716293335,-0.07598580711275629
COHFACE_s40_session3_natural,0,60,2.0,1.2475258111953735,-0.1312155686230306
COHFACE_s40_session3_natural,0,61,2.033333333333333,0.9373186230659485,-0.1659128075068665
COHFACE_s40_session3_natural,0,62,2.066666666666667,0.7390308976173401,-0.17700044355206523
COHFACE_s40_session3_natural,0,63,2.1,0.6273359656333923,-0.1655071041976823
COHFACE_s40_session3_natural,0,64,2.1333333333333333,0.5141516923904419,-0.1388319706163533
COHFACE_s40_session3_natural,0,65,2.1666666666666665,0.3356822729110718,-0.10813059039402226
COHFACE_s40_session3_natural,0,66,2.2,0.09868605434894562,-0.0823009270790403
COHFACE_s40_session3_natural,0,67,2.2333333333333334,-0.11744408309459686,-0.06447354611337887
COHFACE_s40_session3_natural,0,68,2.2666666666666666,-0.30138447880744934,-0.053226222199307664
COHFACE_s40_session3_natural,0,69,2.3,-0.47125446796417236,-0.04649701390649887
COHFACE_s40_session3_natural,0,70,2.3333333333333335,-0.6144805550575256,-0.04491137341428231
COHFACE_s40_session3_natural,0,71,2.3666666666666667,-0.72943115234375,-0.05086558447342017
COHFACE_s40_session3_natural,0,72,2.4,-0.8288818001747131,-0.06454940136444967
COHFACE_s40_session3_natural,0,73,2.433333333333333,-0.9071521162986755,-0.08258345388384189
COHFACE_s40_session3_natural,0,74,2.466666666666667,-0.9754309058189392,-0.10054113001313
COHFACE_s40_session3_natural,0,75,2.5,-1.0397355556488037,-0.11586847135623184
COHFACE_s40_session3_natural,0,76,2.533333333333333,-1.0912721157073975,-0.1286160762634111
COHFACE_s40_session3_natural,0,77,2.566666666666667,-1.130369782447815,-0.13901001351395478
COHFACE_s40_session3_natural,0,78,2.6,-1.1630011796951294,-0.1440681273556498
COHFACE_s40_session3_natural,0,79,2.6333333333333333,-1.2071881294250488,-0.13804279539036646
COHFACE_s40_session3_natural,0,80,2.6666666666666665,-1.0103598833084106,-0.1169274772405169
COHFACE_s40_session3_natural,0,81,2.7,-0.11102259904146194,-0.08261987329220376
COHFACE_s40_session3_natural,0,82,2.7333333333333334,0.9276714324951172,-0.04354342229103076
COHFACE_s40_session3_natural,0,83,2.7666666666666666,1.4673830270767212,-0.010584057313426013
COHFACE_s40_session3_natural,0,84,2.8,1.5793099403381348,0.00901880408745966
COHFACE_s40_session3_natural,0,85,2.8333333333333335,1.527137279510498,0.014076458229090674
COHFACE_s40_session3_natural,0,86,2.8666666666666667,1.4496828317642212,0.006928240680891094
COHFACE_s40_session3_natural,0,87,2.9,1.30965256690979,-0.01041559293159694
COHFACE_s40_session3_natural,0,88,2.933333333333333,1.0330570936203003,-0.038234828482196906
COHFACE_s40_session3_natural,0,89,2.966666666666667,0.7629430890083313,-0.07716706548966018
COHFACE_s40_session3_natural,0,90,3.0,0.6375969052314758,-0.12401581663251288
COHFACE_s40_session3_natural,0,91,3.033333333333333,0.5866740345954895,-0.1701224783873305
COHFACE_s40_session3_natural,0,92,3.066666666666667,0.48666203022003174,-0.20388043933370414
COHFACE_s40_session3_natural,0,93,3.1,0.301613986492157,-0.21529119844206182
COHFACE_s40_session3_natural,0,94,3.1333333333333333,0.06737195700407028,-0.19944538603890238
COHFACE_s40_session3_natural,0,95,3.1666666666666665,-0.15723034739494324,-0.15560454021783462
COHFACE_s40_session3_natural,0,96,3.2,-0.33357423543930054,-0.08330597508058338
COHFACE_s40_session3_natural,0,97,3.2333333333333334,-0.47177088260650635,0.01875789750950878
COHFACE_s40_session3_natural,0,98,3.2666666666666666,-0.5825003385543823,0.14948466350315476
COHFACE_s40_session3_natural,0,99,3.3,-0.6673343181610107,0.3007540255669803
COHFACE_s40_session3_natural,0,100,3.3333333333333335,-0.7425734400749207,0.4552289289983544
COHFACE_s40_session3_natural,0,101,3.3666666666666667,-0.8190475106239319,0.5900630203735262
COHFACE_s40_session3_natural,0,102,3.4,-0.8963298797607422,0.6846511747367833
COHFACE_s40_session3_natural,0,103,3.433333333333333,-0.9646984934806824,0.7256422500621956
COHFACE_s40_session3_natural,0,104,3.466666666666667,-1.0319819450378418,0.7067554144285788
COHFACE_s40_session3_natural,0,105,3.5,-1.1124824285507202,0.625838840834267
COHFACE_s40_session3_natural,0,106,3.533333333333333,-1.1832984685897827,0.48252371428569596
COHFACE_s40_session3_natural,0,107,3.566666666666667,-0.9642494320869446,0.27979038817010077
COHFACE_s40_session3_natural,0,108,3.6,-0.018629547208547592,0.02837902250890559
COHFACE_s40_session3_natural,0,109,3.6333333333333333,1.0574781894683838,-0.25113400794163737
COHFACE_s40_session3_natural,0,110,3.6666666666666665,1.6359957456588745,-0.530735778974357
COHFACE_s40_session3_natural,0,111,3.7,1.81486177444458,-0.7803692550156718
COHFACE_s40_session3_natural,0,112,3.7333333333333334,1.835024356842041,-0.973397191537065
COHFACE_s40_session3_natural,0,113,3.7666666666666666,1.804653286933899,-1.0884977768845618
COHFACE_s40_session3_natural,0,114,3.8,1.7176413536071777,-1.1088701966415997
COHFACE_s40_session3_natural,0,115,3.8333333333333335,1.475645661354065,-1.0237831969351185
COHFACE_s40_session3_natural,0,116,3.8666666666666667,1.1270966529846191,-0.8334060629598649
COHFACE_s40_session3_natural,0,117,3.9,0.8662556409835815,-0.5533888090656207
COHFACE_s40_session3_natural,0,118,3.933333333333333,0.7213830351829529,-0.21536182653567448
COHFACE_s40_session3_natural,0,119,3.966666666666667,0.5929383635520935,0.13974130602233706
COHFACE_s40_session3_natural,0,120,4.0,0.4104873538017273,0.47291099256776803
COHFACE_s40_session3_natural,0,121,4.033333333333333,0.1809903383255005,0.7550397453228339
COHFACE_s40_session3_natural,0,122,4.066666666666666,-0.049225155264139175,0.9683327722322939
COHFACE_s40_session3_natural,0,123,4.1,-0.24418984353542328,1.1030342341981452
COHFACE_s40_session3_natural,0,124,4.133333333333334,-0.3996751010417938,1.1533037886350506
COHFACE_s40_session3_natural,0,125,4.166666666666667,-0.5305446982383728,1.1169502511673262
COHFACE_s40_session3_natural,0,126,4.2,-0.6362821459770203,0.9986116449747404
COHFACE_s40_session3_natural,0,127,4.233333333333333,-0.7216475009918213,0.8110155836380254
COHFACE_s40_session3_natural,0,128,4.266666666666667,-0.8035850524902344,0.5724466619356633
COHFACE_s40_session3_natural,0,129,4.3,-0.8848340511322021,0.3025921432110325
COHFACE_s40_session3_natural,0,130,4.333333333333333,-0.95306795835495,0.019472128524650252
COHFACE_s40_session3_natural,0,131,4.366666666666666,-1.0183231830596924,-0.2600076204424733
COHFACE_s40_session3_natural,0,132,4.4,-1.0973492860794067,-0.5172910408020022
COHFACE_s40_session3_natural,0,133,4.433333333333334,-1.1979600191116333,-0.7321372738844375
COHFACE_s40_session3_natural,0,134,4.466666666666667,-1.2861095666885376,-0.8864062905267865
COHFACE_s40_session3_natural,0,135,4.5,-1.0565751791000366,-0.9685634525280337
COHFACE_s40_session3_natural,0,136,4.533333333333333,-0.10934612900018692,-0.9760914292103864
COHFACE_s40_session3_natural,0,137,4.566666666666666,0.9282626509666443,-0.9140036577164532
COHFACE_s40_session3_natural,0,138,4.6,1.4808098077774048,-0.7907956002302489
COHFACE_s40_session3_natural,0,139,4.633333333333334,1.6573482751846313,-0.6159491622104224
COHFACE_s40_session3_natural,0,140,4.666666666666667,1.701445460319519,-0.40065754662000247
COHFACE_s40_session3_natural,0,141,4.7,1.7079641819000244,-0.1605566016271658
COHFACE_s40_session3_natural,0,142,4.733333333333333,1.637866735458374,0.08257562346342966
COHFACE_s40_session3_natural,0,143,4.766666666666667,1.3890528678894043,0.3041625970387456
COHFACE_s40_session3_natural,0,144,4.8,1.0489985942840576,0.4839630712925118
COHFACE_s40_session3_natural,0,145,4.833333333333333,0.8084248900413513,0.6107404815757499
COHFACE_s40_session3_natural,0,146,4.866666666666666,0.6742247939109802,0.68185657380938
COHFACE_s40_session3_natural,0,147,4.9,0.545001745223999,0.6994636443502344
COHFACE_s40_session3_natural,0,148,4.933333333333334,0.37290143966674805,0.6665497395498836
COHFACE_s40_session3_natural,0,149,4.966666666666667,0.17199426889419556,0.5867939198122061
COHFACE_s40_session3_natural,0,150,5.0,-0.02397330105304718,0.4675461081306371
COHFACE_s40_session3_natural,0,151,5.033333333333333,-0.19596882164478302,0.3208372642218811
COHFACE_s40_session3_natural,0,152,5.066666666666666,-0.3460504710674286,0.16066880141197215
COHFACE_s40_session3_natural,0,153,5.1,-0.4816276431083679,-0.0013054118666385554
COHFACE_s40_session3_natural,0,154,5.133333333333334,-0.5946547389030457,-0.1586476634935117
COHFACE_s40_session3_natural,0,155,5.166666666666667,-0.6946742534637451,-0.3083597695648215
COHFACE_s40_session3_natural,0,156,5.2,-0.7815514206886292,-0.4458336348506521
COHFACE_s40_session3_natural,0,157,5.233333333333333,-0.8651430010795593,-0.5621169278313981
COHFACE_s40_session3_natural,0,158,5.266666666666667,-0.9407414197921753,-0.6455624338663294
COHFACE_s40_session3_natural,0,159,5.3,-1.0067075490951538,-0.6858748581668759
COHFACE_s40_session3_natural,0,160,5.333333333333333,-1.0699719190597534,-0.6776742376692969
COHFACE_s40_session3_natural,0,161,5.366666666666666,-1.1420003175735474,-0.6205575017312137
COHFACE_s40_session3_natural,0,162,5.4,-1.2264525890350342,-0.5164092334204193
COHFACE_s40_session3_natural,0,163,5.433333333333334,-1.223683476448059,-0.36823379222945063
COHFACE_s40_session3_natural,0,164,5.466666666666667,-0.6815169453620911,-0.18222537836913558
COHFACE_s40_session3_natural,0,165,5.5,0.3682761788368225,0.028277506836131838
COHFACE_s40_session3_natural,0,166,5.533333333333333,1.182854413986206,0.24062903984409226
COHFACE_s40_session3_natural,0,167,5.566666666666666,1.51719069480896,0.4274981066441149
COHFACE_s40_session3_natural,0,168,5.6,1.5879542827606201,0.5664963760099853
COHFACE_s40_session3_natural,0,169,5.633333333333334,1.592340111732483,0.6466297400502746
COHFACE_s40_session3_natural,0,170,5.666666666666667,1.561003565788269,0.6681150802971998
COHFACE_s40_session3_natural,0,171,5.7,1.3859694004058838,0.6376591110349428
COHFACE_s40_session3_natural,0,172,5.733333333333333,1.0571788549423218,0.5631795551288292
COHFACE_s40_session3_natural,0,173,5.766666666666667,0.7748056054115295,0.452759094153841
COHFACE_s40_session3_natural,0,174,5.8,0.6195448637008667,0.317360166227727
COHFACE_s40_session3_natural,0,175,5.833333333333333,0.4925895631313324,0.17177261605152294
COHFACE_s40_session3_natural,0,176,5.866666666666666,0.32141730189323425,0.03181363933085041
COHFACE_s40_session3_natural,0,177,5.9,0.10001076757907867,-0.09005692207430606
COHFACE_s40_session3_natural,0,178,5.933333333333334,-0.12925423681735992,-0.18769421972033995
COHFACE_s40_session3_natural,0,179,5.966666666666667,-0.3249374032020569,-0.25972786032327677
COHFACE_s40_session3_natural,0,180,6.0,-0.4860508441925049,-0.3050538029746873
COHFACE_s40_session3_natural,0,181,6.033333333333333,-0.6160073280334473,-0.3210716459961901
COHFACE_s40_session3_natural,0,182,6.066666666666666,-0.7221115231513977,-0.3062134908297918
COHFACE_s40_session3_natural,0,183,6.1,-0.8144222497940063,-0.2637233720243955
COHFACE_s40_session3_natural,0,184,6.133333333333334,-0.8869970440864563,-0.20324478587471984
COHFACE_s40_session3_natural,0,185,6.166666666666667,-0.9149357080459595,-0.13731798635701306
COHFACE_s40_session3_natural,0,186,6.2,-0.892355740070343,-0.0748186761323048
COHFACE_s40_session3_natural,0,187,6.233333333333333,-0.8706514239311218,-0.01779954432369112
COHFACE_s40_session3_natural,0,188,6.266666666666667,-0.8840107917785645,0.0362217225426375
COHFACE_s40_session3_natural,0,189,6.3,-0.9466689229011536,0.08942411455988371
COHFACE_s40_session3_natural,0,190,6.333333333333333,-1.0624877214431763,0.14005950741931966
COHFACE_s40_session3_natural,0,191,6.366666666666666,-1.1555393934249878,0.18367973094645904
COHFACE_s40_session3_natural,0,192,6.4,-0.8568804264068604,0.21775923772767897
COHFACE_s40_session3_natural,0,193,6.433333333333334,0.04359449818730354,0.24358869789653892
COHFACE_s40_session3_natural,0,194,6.466666666666667,0.885475218296051,0.2636912414617536
COHFACE_s40_session3_natural,0,195,6.5,1.2433719635009766,0.2778734767523396
COHFACE_s40_session3_natural,0,196,6.533333333333333,1.2838094234466553,0.28121559075559494
COHFACE_s40_session3_natural,0,197,6.566666666666666,1.246268391609192,0.2666043582199889
COHFACE_s40_session3_natural,0,198,6.6,1.1792469024658203,0.23004144124606815
COHFACE_s40_session3_natural,0,199,6.633333333333334,0.985517144203186,0.17304704700092105
COHFACE_s40_session3_natural,0,200,6.666666666666667,0.6755420565605164,0.10056499796939232
COHFACE_s40_session3_natural,0,201,6.7,0.4594792425632477,0.017268421968982987
COHFACE_s40_session3_natural,0,202,6.733333333333333,0.38105180859565735,-0.07467796983582106
COHFACE_s40_session3_natural,0,203,6.766666666666667,0.32894647121429443,-0.17401145584329344
COHFACE_s40_session3_natural,0,204,6.8,0.21544033288955688,-0.27643059863980884
COHFACE_s40_session3_natural,0,205,6.833333333333333,0.032981835305690765,-0.37331198737119126
COHFACE_s40_session3_natural,0,206,6.866666666666666,-0.1703277826309204,-0.4543874255652624
COHFACE_s40_session3_natural,0,207,6.9,-0.34911152720451355,-0.5116352420067848
COHFACE_s40_session3_natural,0,208,6.933333333333334,-0.4957728683948517,-0.5416239020665299
COHFACE_s40_session3_natural,0,209,6.966666666666667,-0.6160746812820435,-0.544254273720736
COHFACE_s40_session3_natural,0,210,7.0,-0.7206820249557495,-0.5194613127243656
COHFACE_s40_session3_natural,0,211,7.033333333333333,-0.8144821524620056,-0.4666007164512999
COHFACE_s40_session3_natural,0,212,7.066666666666666,-0.8962774872779846,-0.38720155768699605
COHFACE_s40_session3_natural,0,213,7.1,-0.9651026129722595,-0.2875268568658825
COHFACE_s40_session3_natural,0,214,7.133333333333334,-1.028075098991394,-0.1784552107533494
COHFACE_s40_session3_natural,0,215,7.166666666666667,-1.0812357664108276,-0.07195800767662276
COHFACE_s40_session3_natural,0,216,7.2,-1.1230353116989136,0.023791100275254818
COHFACE_s40_session3_natural,0,217,7.233333333333333,-1.1671923398971558,0.10637642632319941
COHFACE_s40_session3_natural,0,218,7.266666666666667,-1.2184220552444458,0.1769270594503583
COHFACE_s40_session3_natural,0,219,7.3,-1.0945651531219482,0.23586039414284402
COHFACE_s40_session3_natural,0,220,7.333333333333333,-0.3419041931629181,0.2799704417274171
COHFACE_s40_session3_natural,0,221,7.366666666666666,0.7384471297264099,0.3046046941899085
COHFACE_s40_session3_natural,0,222,7.4,1.4480737447738647,0.309232915756348
COHFACE_s40_session3_natural,0,223,7.433333333333334,1.7218101024627686,0.2997212117668616
COHFACE_s40_session3_natural,0,224,7.466666666666667,1.799085021018982,0.2853071762709806
COHFACE_s40_session3_natural,0,225,7.5,1.8222037553787231,0.27349891669276455
COHFACE_s40_session3_natural,0,226,7.533333333333333,1.786698579788208,0.26637820008028384
COHFACE_s40_session3_natural,0,227,7.566666666666666,1.5948548316955566,0.2611483860897747
COHFACE_s40_session3_natural,0,228,7.6,1.24471914768219,0.2541022583226046
COHFACE_s40_session3_natural,0,229,7.633333333333334,0.935020923614502,0.2437624632617778
COHFACE_s40_session3_natural,0,230,7.666666666666667,0.747914731502533,0.23097253040412422
COHFACE_s40_session3_natural,0,231,7.7,0.6007070541381836,0.2163169794089976
COHFACE_s40_session3_natural,0,232,7.733333333333333,0.4234575629234314,0.19742850900635361
COHFACE_s40_session3_natural,0,233,7.766666666666667,0.19508318603038788,0.17020410779018522
COHFACE_s40_session3_natural,0,234,7.8,-0.0428336076438427,0.13320330378294426
COHFACE_s40_session3_natural,0,235,7.833333333333333,-0.23641370236873627,0.08993321912926067
COHFACE_s40_session3_natural,0,236,7.866666666666666,-0.379467636346817,0.046960537612973835
COHFACE_s40_session3_natural,0,237,7.9,-0.5047764182090759,0.009593192069029801
COHFACE_s40_session3_natural,0,238,7.933333333333334,-0.6100348830223083,-0.0216855396223274
COHFACE_s40_session3_natural,0,239,7.966666666666667,-0.6940605640411377,-0.05024315304807716
COHFACE_s40_session3_natural,0,240,8.0,-0.7674959897994995,-0.07871718877254297
COHFACE_s40_session3_natural,0,241,8.033333333333333,-0.8452873229980469,-0.10622174210158093
COHFACE_s40_session3_natural,0,242,8.066666666666666,-0.9341103434562683,-0.12955885739919693
COHFACE_s40_session3_natural,0,243,8.1,-1.0131964683532715,-0.14688282547815798
COHFACE_s40_session3_natural,0,244,8.133333333333333,-1.0701664686203003,-0.16064610556666628
COHFACE_s40_session3_natural,0,245,8.166666666666666,-1.1260290145874023,-0.17589984280922913
COHFACE_s40_session3_natural,0,246,8.2,-1.2026302814483643,-0.1951213127208097
COHFACE_s40_session3_natural,0,247,8.233333333333333,-1.2718520164489746,-0.21553722532507413
COHFACE_s40_session3_natural,0,248,8.266666666666667,-1.0442485809326172,-0.23097186902491035
COHFACE_s40_session3_natural,0,249,8.3,-0.10976524651050568,-0.23577398186386142
COHFACE_s40_session3_natural,0,250,8.333333333333334,0.9414199590682983,-0.22777851889880815
COHFACE_s40_session3_natural,0,251,8.366666666666667,1.506787657737732,-0.20747339285391148
COHFACE_s40_session3_natural,0,252,8.4,1.6945375204086304,-0.17454779764291775
COHFACE_s40_session3_natural,0,253,8.433333333333334,1.750878930091858,-0.1266602666961344
COHFACE_s40_session3_natural,0,254,8.466666666666667,1.7685043811798096,-0.061880371752208826
COHFACE_s40_session3_natural,0,255,8.5,1.7099400758743286,0.01754459007409512
COHFACE_s40_session3_natural,0,256,8.533333333333333,1.4692840576171875,0.10325078922638288
COHFACE_s40_session3_natural,0,257,8.566666666666666,1.0993525981903076,0.18375219067944276
COHFACE_s40_session3_natural,0,258,8.6,0.802804172039032,0.2504324654088577
COHFACE_s40_session3_natural,0,259,8.633333333333333,0.6331587433815002,0.3000514296658672
COHFACE_s40_session3_natural,0,260,8.666666666666666,0.49932539463043213,0.33214828011612746
COHFACE_s40_session3_natural,0,261,8.7,0.32700803875923157,0.34500429407959177
COHFACE_s40_session3_natural,0,262,8.733333333333333,0.1051599308848381,0.333633717515098
COHFACE_s40_session3_natural,0,263,8.766666666666667,-0.11254189908504486,0.29214003641253294
COHFACE_s40_session3_natural,0,264,8.8,-0.2936532497406006,0.21871752020581556
COHFACE_s40_session3_natural,0,265,8.833333333333334,-0.44728243350982666,0.11797439347425784
COHFACE_s40_session3_natural,0,266,8.866666666666667,-0.5796563625335693,-0.0009427215537837963
COHFACE_s40_session3_natural,0,267,8.9,-0.6943000555038452,-0.12775685722294441
COHFACE_s40_session3_natural,0,268,8.933333333333334,-0.7891554236412048,-0.25336628653842547
COHFACE_s40_session3_natural,0,269,8.966666666666667,-0.8734205961227417,-0.3691507373864629
COHFACE_s40_session3_natural,0,270,9.0,-0.958119809627533,-0.46473079574077353
COHFACE_s40_session3_natural,0,271,9.033333333333333,-1.0339428186416626,-0.5285454695730278
COHFACE_s40_session3_natural,0,272,9.066666666666666,-1.101794958114624,-0.5519664086250942
COHFACE_s40_session3_natural,0,273,9.1,-1.1693552732467651,-0.5337603641645046
COHFACE_s40_session3_natural,0,274,9.133333333333333,-1.2297008037567139,-0.4815297612743159
COHFACE_s40_session3_natural,0,275,9.166666666666666,-1.2944245338439941,-0.407473444152347
COHFACE_s40_session3_natural,0,276,9.2,-1.3695440292358398,-0.3209720042764594
COHFACE_s40_session3_natural,0,277,9.233333333333333,-1.3231191635131836,-0.2250512961899489
COHFACE_s40_session3_natural,0,278,9.266666666666667,-0.6533163189888,-0.11888415580070584
COHFACE_s40_session3_natural,0,279,9.3,0.4962119460105896,-0.0030571053314287656
COHFACE_s40_session3_natural,0,280,9.333333333333334,1.295649528503418,0.1165622459419215
COHFACE_s40_session3_natural,0,281,9.366666666666667,1.5942784547805786,0.23030716814944374
COHFACE_s40_session3_natural,0,282,9.4,1.6505076885223389,0.3301286387405862
COHFACE_s40_session3_natural,0,283,9.433333333333334,1.638817310333252,0.41256742597603846
COHFACE_s40_session3_natural,0,284,9.466666666666667,1.590356707572937,0.47707724280236224
COHFACE_s40_session3_natural,0,285,9.5,1.4051440954208374,0.5222537229706872
COHFACE_s40_session3_natural,0,286,9.533333333333333,1.0634806156158447,0.5432975644052079
COHFACE_s40_session3_natural,0,287,9.566666666666666,0.7663933038711548,0.5339066073296226
COHFACE_s40_session3_natural,0,288,9.6,0.6094860434532166,0.4912535936382942
COHFACE_s40_session3_natural,0,289,9.633333333333333,0.4971849024295807,0.41851998672440627
COHFACE_s40_session3_natural,0,290,9.666666666666666,0.3416696786880493,0.3232010976413313
COHFACE_s40_session3_natural,0,291,9.7,0.13238762319087982,0.21360391330657172
COHFACE_s40_session3_natural,0,292,9.733333333333333,-0.09007418900728226,0.09644440784577706
COHFACE_s40_session3_natural,0,293,9.766666666666667,-0.2847694456577301,-0.02185451475958851
COHFACE_s40_session3_natural,0,294,9.8,-0.4461972117424011,-0.13155276694990206
COHFACE_s40_session3_natural,0,295,9.833333333333334,-0.584169328212738,-0.2186645829651297
COHFACE_s40_session3_natural,0,296,9.866666666666667,-0.7053617835044861,-0.26862312486137024
COHFACE_s40_session3_natural,0,297,9.9,-0.7976725101470947,-0.2727898587197967
COHFACE_s40_session3_natural,0,298,9.933333333333334,-0.8732110261917114,-0.23416209192154583
COHFACE_s40_session3_natural,0,299,9.966666666666667,-0.9552084803581238,-0.16761152079498665
COHFACE_s40_session3_natural,1,0,10.0,-1.038276195526123,-0.14007877014974213
COHFACE_s40_session3_natural,1,1,10.033333333333333,-1.1125798225402832,-0.30233059726766387
COHFACE_s40_session3_natural,1,2,10.066666666666666,-1.178897738456726,-0.4467425175336531
COHFACE_s40_session3_natural,1,3,10.1,-1.2378361225128174,-0.5614734510612481
COHFACE_s40_session3_natural,1,4,10.133333333333333,-1.283774495124817,-0.6412093057194288
COHFACE_s40_session3_natural,1,5,10.166666666666666,-1.3392177820205688,-0.6851543517046802
COHFACE_s40_session3_natural,1,6,10.2,-1.409622073173523,-0.691633454994999
COHFACE_s40_session3_natural,1,7,10.233333333333333,-1.4195387363433838,-0.6551520837920086
COHFACE_s40_session3_natural,1,8,10.266666666666667,-0.9278984665870667,-0.5684278400727173
COHFACE_s40_session3_natural,1,9,10.3,0.2311348170042038,-0.42789814816002025
COHFACE_s40_session3_natural,1,10,10.333333333333334,1.1793817281723022,-0.23896344289470287
COHFACE_s40_session3_natural,1,11,10.366666666666667,1.563742756843567,-0.01593877334269614
COHFACE_s40_session3_natural,1,12,10.4,1.6330618858337402,0.22308195788218504
COHFACE_s40_session3_natural,1,13,10.433333333333334,1.604651689529419,0.4610856589256182
COHFACE_s40_session3_natural,1,14,10.466666666666667,1.5371137857437134,0.6836949565355069
COHFACE_s40_session3_natural,1,15,10.5,1.3658517599105835,0.8774926453068833
COHFACE_s40_session3_natural,1,16,10.533333333333333,1.0453912019729614,1.0277901559703717
COHFACE_s40_session3_natural,1,17,10.566666666666666,0.7454000115394592,1.120328204925247
COHFACE_s40_session3_natural,1,18,10.6,0.5770867466926575,1.146263220874213
COHFACE_s40_session3_natural,1,19,10.633333333333333,0.4688495397567749,1.1048004656562032
COHFACE_s40_session3_natural,1,20,10.666666666666666,0.32729992270469666,1.0014414992678615
COHFACE_s40_session3_natural,1,21,10.7,0.1269540637731552,0.8439685848108289
COHFACE_s40_session3_natural,1,22,10.733333333333333,-0.09024632722139359,0.6394475248668566
COHFACE_s40_session3_natural,1,23,10.766666666666667,-0.2851361632347107,0.395804807616482
COHFACE_s40_session3_natural,1,24,10.8,-0.44666871428489685,0.12632943838604124
COHFACE_s40_session3_natural,1,25,10.833333333333334,-0.5802775025367737,-0.14929848925433956
COHFACE_s40_session3_natural,1,26,10.866666666666667,-0.6949511766433716,-0.4093906638491585
COHFACE_s40_session3_natural,1,27,10.9,-0.7994462847709656,-0.636945372204933
COHFACE_s40_session3_natural,1,28,10.933333333333334,-0.8971905708312988,-0.8244344723563302
COHFACE_s40_session3_natural,1,29,10.966666666666667,-0.9903320670127869,-0.9724109511610082
COHFACE_s40_session3_natural,1,30,11.0,-1.0739760398864746,-1.0831730455821968
COHFACE_s40_session3_natural,1,31,11.033333333333333,-1.1503154039382935,-1.1558984453191297
COHFACE_s40_session3_natural,1,32,11.066666666666666,-1.2142832279205322,-1.1862968859147403
COHFACE_s40_session3_natural,1,33,11.1,-1.2597949504852295,-1.169708091788916
COHFACE_s40_session3_natural,1,34,11.133333333333333,-1.3021857738494873,-1.1048341701013733
COHFACE_s40_session3_natural,1,35,11.166666666666666,-1.3568806648254395,-0.99433310231194
COHFACE_s40_session3_natural,1,36,11.2,-1.4294029474258423,-0.8422922277895564
COHFACE_s40_session3_natural,1,37,11.233333333333333,-1.4558223485946655,-0.6523546777478382
COHFACE_s40_session3_natural,1,38,11.266666666666667,-1.001685619354248,-0.4283902747368159
COHFACE_s40_session3_natural,1,39,11.3,0.18375951051712036,-0.17718672860803705
COHFACE_s40_session3_natural,1,40,11.333333333333334,1.1846206188201904,0.08922448047550316
COHFACE_s40_session3_natural,1,41,11.366666666666667,1.5841747522354126,0.3552054104128865
COHFACE_s40_session3_natural,1,42,11.4,1.6372605562210083,0.6063470428213735
COHFACE_s40_session3_natural,1,43,11.433333333333334,1.580949068069458,0.8325519562612042
COHFACE_s40_session3_natural,1,44,11.466666666666667,1.4956061840057373,1.0270451810590464
COHFACE_s40_session3_natural,1,45,11.5,1.3189254999160767,1.18224897842521
COHFACE_s40_session3_natural,1,46,11.533333333333333,0.9988166689872742,1.2861543982437722
COHFACE_s40_session3_natural,1,47,11.566666666666666,0.7051422595977783,1.324537543265695
COHFACE_s40_session3_natural,1,48,11.6,0.5424196720123291,1.2882063188154687
COHFACE_s40_session3_natural,1,49,11.633333333333333,0.44316357374191284,1.178465105363183
COHFACE_s40_session3_natural,1,50,11.666666666666666,0.3079531490802765,1.0070946800622338
COHFACE_s40_session3_natural,1,51,11.7,0.10894696414470673,0.7912039594619736
COHFACE_s40_session3_natural,1,52,11.733333333333333,-0.11817006021738052,0.5465485769867937
COHFACE_s40_session3_natural,1,53,11.766666666666667,-0.331141859292984,0.285215522390424
COHFACE_s40_session3_natural,1,54,11.8,-0.5025086998939514,0.018123122006420623
COHFACE_s40_session3_natural,1,55,11.833333333333334,-0.6438187956809998,-0.24270392069751445
COHFACE_s40_session3_natural,1,56,11.866666666666667,-0.7742842435836792,-0.4845793586177122
COHFACE_s40_session3_natural,1,57,11.9,-0.8759203553199768,-0.6965710992387378
COHFACE_s40_session3_natural,1,58,11.933333333333334,-0.9609339237213135,-0.8716624920021667
COHFACE_s40_session3_natural,1,59,11.966666666666667,-1.050086259841919,-1.0055851891643213
COHFACE_s40_session3_natural,1,60,12.0,-1.1480700969696045,-1.0935120245901846
COHFACE_s40_session3_natural,1,61,12.033333333333333,-1.2537925243377686,-1.1297330481842909
COHFACE_s40_session3_natural,1,62,12.066666666666666,-1.3560348749160767,-1.1113868845439951
COHFACE_s40_session3_natural,1,63,12.1,-1.436812400817871,-1.042928637499662
COHFACE_s40_session3_natural,1,64,12.133333333333333,-1.4938348531723022,-0.9374623383798679
COHFACE_s40_session3_natural,1,65,12.166666666666666,-1.5434629917144775,-0.811564956424714
COHFACE_s40_session3_natural,1,66,12.2,-1.5940489768981934,-0.6762850340503758
COHFACE_s40_session3_natural,1,67,12.233333333333333,-1.6360955238342285,-0.5324271712416826
COHFACE_s40_session3_natural,1,68,12.266666666666667,-1.3104482889175415,-0.3732147614527212
COHFACE_s40_session3_natural,1,69,12.3,-0.07411028444766998,-0.19161750019859478
COHFACE_s40_session3_natural,1,70,12.333333333333334,1.1397151947021484,0.012444354120476682
COHFACE_s40_session3_natural,1,71,12.366666666666667,1.6288856267929077,0.2306719966274623
COHFACE_s40_session3_natural,1,72,12.4,1.7072457075119019,0.4506611808006867
COHFACE_s40_session3_natural,1,73,12.433333333333334,1.654197335243225,0.6601752324171695
COHFACE_s40_session3_natural,1,74,12.466666666666667,1.5567749738693237,0.8484413194333167
COHFACE_s40_session3_natural,1,75,12.5,1.3876309394836426,1.0049908160465504
COHFACE_s40_session3_natural,1,76,12.533333333333333,1.0840697288513184,1.1184894871718658
COHFACE_s40_session3_natural,1,77,12.566666666666666,0.7708913683891296,1.1791816464292357
COHFACE_s40_session3_natural,1,78,12.6,0.6040524840354919,1.1835758399294642
COHFACE_s40_session3_natural,1,79,12.633333333333333,0.5325329899787903,1.13534112063541
COHFACE_s40_session3_natural,1,80,12.666666666666666,0.4330523610115051,1.0413220149795837
COHFACE_s40_session3_natural,1,81,12.7,0.24914191663265228,0.9068414812482044
COHFACE_s40_session3_natural,1,82,12.733333333333333,0.005866400431841612,0.7338303899581701
COHFACE_s40_session3_natural,1,83,12.766666666666667,-0.2201504409313202,0.523757529062647
COHFACE_s40_session3_natural,1,84,12.8,-0.3994954824447632,0.28312208982247256
COHFACE_s40_session3_natural,1,85,12.833333333333334,-0.544989287853241,0.025645135521530568
COHFACE_s40_session3_natural,1,86,12.866666666666667,-0.6662341356277466,-0.23091611897007328
COHFACE_s40_session3_natural,1,87,12.9,-0.7703924179077148,-0.4710510636620687
COHFACE_s40_session3_natural,1,88,12.933333333333334,-0.8545528054237366,-0.6866881217402452
COHFACE_s40_session3_natural,1,89,12.966666666666667,-0.9334442615509033,-0.8762763896703671
COHFACE_s40_session3_natural,1,90,13.0,-1.0175073146820068,-1.038808313200095
COHFACE_s40_session3_natural,1,91,13.033333333333333,-1.1006723642349243,-1.1696123214892198
COHFACE_s40_session3_natural,1,92,13.066666666666666,-1.178059458732605,-1.2606890755748146
COHFACE_s40_session3_natural,1,93,13.1,-1.246390700340271,-1.303612984710575
COHFACE_s40_session3_natural,1,94,13.133333333333333,-1.3031885623931885,-1.2923024265384768
COHFACE_s40_session3_natural,1,95,13.166666666666666,-1.3667972087860107,-1.2229978697844857
COHFACE_s40_session3_natural,1,96,13.2,-1.444962739944458,-1.092378817858553
COHFACE_s40_session3_natural,1,97,13.233333333333333,-1.2515697479248047,-0.8980391924080416
COHFACE_s40_session3_natural,1,98,13.266666666666667,-0.15635469555854797,-0.6423143464634603
COHFACE_s40_session3_natural,1,99,13.3,1.108812689781189,-0.33687159594521937
COHFACE_s40_session3_natural,1,100,13.333333333333334,1.6725937128067017,-0.004453666334287568
COHFACE_s40_session3_natural,1,101,13.366666666666667,1.768085241317749,0.32590284347114806
COHFACE_s40_session3_natural,1,102,13.4,1.7056066989898682,0.6282070485752275
COHFACE_s40_session3_natural,1,103,13.433333333333334,1.5973769426345825,0.8862186834583609
COHFACE_s40_session3_natural,1,104,13.466666666666667,1.4308149814605713,1.0938019356033342
COHFACE_s40_session3_natural,1,105,13.5,1.1240355968475342,1.2495923199579066
COHFACE_s40_session3_natural,1,106,13.533333333333333,0.8098169565200806,1.350282603821127
COHFACE_s40_session3_natural,1,107,13.566666666666666,0.6528647541999817,1.3893343875768587
COHFACE_s40_session3_natural,1,108,13.6,0.5804097652435303,1.361604568770431
COHFACE_s40_session3_natural,1,109,13.633333333333333,0.4799935817718506,1.2679696486012633
COHFACE_s40_session3_natural,1,110,13.666666666666666,0.33369895815849304,1.116314265961876
COHFACE_s40_session3_natural,1,111,13.7,0.13800081610679626,0.9185007488104138
COHFACE_s40_session3_natural,1,112,13.733333333333333,-0.07726114988327026,0.6858856852958622
COHFACE_s40_session3_natural,1,113,13.766666666666667,-0.26263102889060974,0.42819530612403994
COHFACE_s40_session3_natural,1,114,13.8,-0.41408976912498474,0.15590758945578923
COHFACE_s40_session3_natural,1,115,13.833333333333334,-0.5480952262878418,-0.11837426920475988
COHFACE_s40_session3_natural,1,116,13.866666666666667,-0.6712411046028137,-0.3814494483768567
COHFACE_s40_session3_natural,1,117,13.9,-0.778093695640564,-0.6226688937121806
COHFACE_s40_session3_natural,1,118,13.933333333333334,-0.8579581379890442,-0.8361103284121644
COHFACE_s40_session3_natural,1,119,13.966666666666667,-0.9379796981811523,-1.0185759046541063
COHFACE_s40_session3_natural,1,120,14.0,-1.0144761800765991,-1.164769229875229
COHFACE_s40_session3_natural,1,121,14.033333333333333,-1.0710721015930176,-1.2652293979754974
COHFACE_s40_session3_natural,1,122,14.066666666666666,-1.1169281005859375,-1.30903127102294
COHFACE_s40_session3_natural,1,123,14.1,-1.1750134229660034,-1.2891376691621201
COHFACE_s40_session3_natural,1,124,14.133333333333333,-1.2392282485961914,-1.2067919038000579
COHFACE_s40_session3_natural,1,125,14.166666666666666,-1.3092433214187622,-1.0707680315145476
COHFACE_s40_session3_natural,1,126,14.2,-1.196635365486145,-0.8920855803118984
COHFACE_s40_session3_natural,1,127,14.233333333333333,-0.28080278635025024,-0.6794218205827764
COHFACE_s40_session3_natural,1,128,14.266666666666667,1.014630913734436,-0.43831492216724016
COHFACE_s40_session3_natural,1,129,14.3,1.7444274425506592,-0.17431713038906674
COHFACE_s40_session3_natural,1,130,14.333333333333334,1.956733226776123,0.10276500037824174
COHFACE_s40_session3_natural,1,131,14.366666666666667,1.9547349214553833,0.3786474551559074
COHFACE_s40_session3_natural,1,132,14.4,1.886710524559021,0.6385322257976941
COHFACE_s40_session3_natural,1,133,14.433333333333334,1.7777773141860962,0.8704579197598523
COHFACE_s40_session3_natural,1,134,14.466666666666667,1.5454587936401367,1.0655605296292008
COHFACE_s40_session3_natural,1,135,14.5,1.2011607885360718,1.2157510450151205
COHFACE_s40_session3_natural,1,136,14.533333333333333,0.9314135313034058,1.3114567797754175
COHFACE_s40_session3_natural,1,137,14.566666666666666,0.7899911403656006,1.3434628713618049
COHFACE_s40_session3_natural,1,138,14.6,0.674307107925415,1.3079390535544009
COHFACE_s40_session3_natural,1,139,14.633333333333333,0.5052753686904907,1.2090005732743436
COHFACE_s40_session3_natural,1,140,14.666666666666666,0.2794007360935211,1.0565329967310264
COHFACE_s40_session3_natural,1,141,14.7,0.043272677809000015,0.8610163397899593
COHFACE_s40_session3_natural,1,142,14.733333333333333,-0.16145147383213043,0.6290999861468032
COHFACE_s40_session3_natural,1,143,14.766666666666667,-0.3235902488231659,0.36471396249479815
COHFACE_s40_session3_natural,1,144,14.8,-0.465865820646286,0.07469957874777867
COHFACE_s40_session3_natural,1,145,14.833333333333334,-0.5854042172431946,-0.2275871585152384
COHFACE_s40_session3_natural,1,146,14.866666666666667,-0.6820034384727478,-0.5234583668580061
COHFACE_s40_session3_natural,1,147,14.9,-0.7653405666351318,-0.7931165735763961
COHFACE_s40_session3_natural,1,148,14.933333333333334,-0.8415601253509521,-1.0200274343783184
COHFACE_s40_session3_natural,1,149,14.966666666666667,-0.9174653887748718,-1.1921680851833865
COHFACE_s40_session3_natural,1,150,15.0,-0.9893291592597961,-1.3005072208046278
COHFACE_s40_session3_natural,1,151,15.033333333333333,-1.0479233264923096,-1.338533103733002
COHFACE_s40_session3_natural,1,152,15.066666666666666,-1.1042946577072144,-1.3042544489952557
COHFACE_s40_session3_natural,1,153,15.1,-1.1699614524841309,-1.2032646722148568
COHFACE_s40_session3_natural,1,154,15.133333333333333,-1.2568087577819824,-1.0498466805533755
COHFACE_s40_session3_natural,1,155,15.166666666666666,-1.2558058500289917,-0.8623278755826654
COHFACE_s40_session3_natural,1,156,15.2,-0.6331387758255005,-0.654886696501504
COHFACE_s40_session3_natural,1,157,15.233333333333333,0.617576539516449,-0.4335064760570163
COHFACE_s40_session3_natural,1,158,15.266666666666667,1.5351229906082153,-0.19882547695318056
COHFACE_s40_session3_natural,1,159,15.3,1.8756862878799438,0.04702954625919041
COHFACE_s40_session3_natural,1,160,15.333333333333334,1.9098443984985352,0.29465582217411557
COHFACE_s40_session3_natural,1,161,15.366666666666667,1.846819519996643,0.5284715920479477
COHFACE_s40_session3_natural,1,162,15.4,1.7589094638824463,0.7337985427951377
COHFACE_s40_session3_natural,1,163,15.433333333333334,1.5595515966415405,0.9025422559533564
COHFACE_s40_session3_natural,1,164,15.466666666666667,1.2210988998413086,1.0335393948998057
COHFACE_s40_session3_natural,1,165,15.5,0.9330750107765198,1.1281137983722305
COHFACE_s40_session3_natural,1,166,15.533333333333333,0.7866831421852112,1.1845664976467187
COHFACE_s40_session3_natural,1,167,15.566666666666666,0.6846877932548523,1.1975032747109853
COHFACE_s40_session3_natural,1,168,15.6,0.5292848348617554,1.1620960645365785
COHFACE_s40_session3_natural,1,169,15.633333333333333,0.31236135959625244,1.0775741068208629
COHFACE_s40_session3_natural,1,170,15.666666666666666,0.07826153934001923,0.9471703934210907
COHFACE_s40_session3_natural,1,171,15.7,-0.12218161672353745,0.7754221268372825
COHFACE_s40_session3_natural,1,172,15.733333333333333,-0.283796489238739,0.5656727413019746
COHFACE_s40_session3_natural,1,173,15.766666666666667,-0.42414113879203796,0.3217631504520209
COHFACE_s40_session3_natural,1,174,15.8,-0.5453485250473022,0.05275548813665575
COHFACE_s40_session3_natural,1,175,15.833333333333334,-0.6385049819946289,-0.22531970370483323
COHFACE_s40_session3_natural,1,176,15.866666666666667,-0.7154430747032166,-0.4927803682336123
COHFACE_s40_session3_natural,1,177,15.9,-0.7981440424919128,-0.7322447142748669
COHFACE_s40_session3_natural,1,178,15.933333333333334,-0.8789589405059814,-0.9333793913407872
COHFACE_s40_session3_natural,1,179,15.966666666666667,-0.94598788022995,-1.0921751024878474
COHFACE_s40_session3_natural,1,180,16.0,-1.0034743547439575,-1.2058071218357704
COHFACE_s40_session3_natural,1,181,16.033333333333335,-1.0689315795898438,-1.2691610401677083
COHFACE_s40_session3_natural,1,182,16.066666666666666,-1.1472692489624023,-1.2757588192916713
COHFACE_s40_session3_natural,1,183,16.1,-1.2310779094696045,-1.2217530700662351
COHFACE_s40_session3_natural,1,184,16.133333333333333,-1.1757243871688843,-1.109888641080248
COHFACE_s40_session3_natural,1,185,16.166666666666668,-0.4438396692276001,-0.9493874381883787
COHFACE_s40_session3_natural,1,186,16.2,0.7540817260742188,-0.7519271988582975
COHFACE_s40_session3_natural,1,187,16.233333333333334,1.5503534078598022,-0.5280450040947137
COHFACE_s40_session3_natural,1,188,16.266666666666666,1.8044811487197876,-0.286356877876901
COHFACE_s40_session3_natural,1,189,16.3,1.792409062385559,-0.03542964945477821
COHFACE_s40_session3_natural,1,190,16.333333333333332,1.7209793329238892,0.21396727775309976
COHFACE_s40_session3_natural,1,191,16.366666666666667,1.6175919771194458,0.4499605660107086
COHFACE_s40_session3_natural,1,192,16.4,1.3799071311950684,0.6634470105243795
COHFACE_s40_session3_natural,1,193,16.433333333333334,1.0483324527740479,0.8500048853173003
COHFACE_s40_session3_natural,1,194,16.466666666666665,0.8166500329971313,1.007927056402171
COHFACE_s40_session3_natural,1,195,16.5,0.7027098536491394,1.1338285784588833
COHFACE_s40_session3_natural,1,196,16.533333333333335,0.5967777967453003,1.2192713683810816
COHFACE_s40_session3_natural,1,197,16.566666666666666,0.4276188015937805,1.2529273726930374
COHFACE_s40_session3_natural,1,198,16.6,0.2052692472934723,1.2271095628782551
COHFACE_s40_session3_natural,1,199,16.633333333333333,-0.0121706398203969,1.1420893152700766
COHFACE_s40_session3_natural,1,200,16.666666666666668,-0.1916579008102417,1.0053008334656637
COHFACE_s40_session3_natural,1,201,16.7,-0.3386036455631256,0.8269574019322765
COHFACE_s40_session3_natural,1,202,16.733333333333334,-0.46475064754486084,0.6154457496765863
COHFACE_s40_session3_natural,1,203,16.766666666666666,-0.5700764656066895,0.37681267266771457
COHFACE_s40_session3_natural,1,204,16.8,-0.6624171733856201,0.11817255099989551
COHFACE_s40_session3_natural,1,205,16.833333333333332,-0.7421618103981018,-0.1495428583823027
COHFACE_s40_session3_natural,1,206,16.866666666666667,-0.817969799041748,-0.4120235497570054
COHFACE_s40_session3_natural,1,207,16.9,-0.8882244229316711,-0.655003040227005
COHFACE_s40_session3_natural,1,208,16.933333333333334,-0.9459055662155151,-0.8680303680391728
COHFACE_s40_session3_natural,1,209,16.966666666666665,-1.0006753206253052,-1.0442427221705661
COHFACE_s40_session3_natural,1,210,17.0,-1.0589326620101929,-1.1768344406011593
COHFACE_s40_session3_natural,1,211,17.033333333333335,-1.132615089416504,-1.257753082411097
COHFACE_s40_session3_natural,1,212,17.066666666666666,-1.1985738277435303,-1.280308701763747
COHFACE_s40_session3_natural,1,213,17.1,-0.9599385261535645,-1.2430505174557906
COHFACE_s40_session3_natural,1,214,17.133333333333333,-0.002471052808687091,-1.151728277975355
COHFACE_s40_session3_natural,1,215,17.166666666666668,1.0730304718017578,-1.0164788424163131
COHFACE_s40_session3_natural,1,216,17.2,1.6480153799057007,-0.8457871512493718
COHFACE_s40_session3_natural,1,217,17.233333333333334,1.776931643486023,-0.642810401065871
COHFACE_s40_session3_natural,1,218,17.266666666666666,1.7287031412124634,-0.4068859846541974
COHFACE_s40_session3_natural,1,219,17.3,1.6680432558059692,-0.13952481234865916
COHFACE_s40_session3_natural,1,220,17.333333333333332,1.5450620651245117,0.1492139673666938
COHFACE_s40_session3_natural,1,221,17.366666666666667,1.2588568925857544,0.44043040865550365
COHFACE_s40_session3_natural,1,222,17.4,0.9525864720344543,0.7124663288869214
COHFACE_s40_session3_natural,1,223,17.433333333333334,0.7792213559150696,0.947413593854577
COHFACE_s40_session3_natural,1,224,17.466666666666665,0.6765149831771851,1.133995340964078
COHFACE_s40_session3_natural,1,225,17.5,0.5455406308174133,1.265686131538726
COHFACE_s40_session3_natural,1,226,17.533333333333335,0.3560020327568054,1.3366941045488407
COHFACE_s40_session3_natural,1,227,17.566666666666666,0.13723742961883545,1.3414216074910164
COHFACE_s40_session3_natural,1,228,17.6,-0.061559200286865234,1.2779260831498973
COHFACE_s40_session3_natural,1,229,17.633333333333333,-0.22093628346920013,1.1506703106205876
COHFACE_s40_session3_natural,1,230,17.666666666666668,-0.3514091968536377,0.9699456674559472
COHFACE_s40_session3_natural,1,231,17.7,-0.4712769389152527,0.7481746538278556
COHFACE_s40_session3_natural,1,232,17.733333333333334,-0.5717005729675293,0.4958923187612553
COHFACE_s40_session3_natural,1,233,17.766666666666666,-0.6537504196166992,0.22205289041171306
COHFACE_s40_session3_natural,1,234,17.8,-0.7268341183662415,-0.061848221488759014
COHFACE_s40_session3_natural,1,235,17.833333333333332,-0.7997156977653503,-0.3393616749336612
COHFACE_s40_session3_natural,1,236,17.866666666666667,-0.866003692150116,-0.591155673950078
COHFACE_s40_session3_natural,1,237,17.9,-0.9257205128669739,-0.8008122870795655
COHFACE_s40_session3_natural,1,238,17.933333333333334,-0.9862456321716309,-0.9605921089601637
COHFACE_s40_session3_natural,1,239,17.966666666666665,-1.0567172765731812,-1.0713731861934521
COHFACE_s40_session3_natural,1,240,18.0,-1.1406606435775757,-1.1370041114652398
COHFACE_s40_session3_natural,1,241,18.033333333333335,-1.160284399986267,-1.1592750591812064
COHFACE_s40_session3_natural,1,242,18.066666666666666,-0.6937986016273499,-1.137017356999416
COHFACE_s40_session3_natural,1,243,18.1,0.3614056408405304,-1.0692439194893653
COHFACE_s40_session3_natural,1,244,18.133333333333333,1.2589691877365112,-0.9593704675338195
COHFACE_s40_session3_natural,1,245,18.166666666666668,1.6365944147109985,-0.8155038785255533
COHFACE_s40_session3_natural,1,246,18.2,1.678596019744873,-0.6465336736097387
COHFACE_s40_session3_natural,1,247,18.233333333333334,1.63514244556427,-0.45858015850868256
COHFACE_s40_session3_natural,1,248,18.266666666666666,1.5806196928024292,-0.25470184316198413
COHFACE_s40_session3_natural,1,249,18.3,1.3976672887802124,-0.03832740434481241
COHFACE_s40_session3_natural,1,250,18.333333333333332,1.0636377334594727,0.18261759790315488
COHFACE_s40_session3_natural,1,251,18.366666666666667,0.7852012515068054,0.39658876499591483
COHFACE_s40_session3_natural,1,252,18.4,0.6458819508552551,0.5939135660697288
COHFACE_s40_session3_natural,1,253,18.433333333333334,0.5391790270805359,0.7704994198362373
COHFACE_s40_session3_natural,1,254,18.466666666666665,0.38941171765327454,0.9264633289626267
COHFACE_s40_session3_natural,1,255,18.5,0.18405139446258545,1.0603958266495817
COHFACE_s40_session3_natural,1,256,18.533333333333335,-0.036861177533864975,1.163547943873753
COHFACE_s40_session3_natural,1,257,18.566666666666666,-0.22428922355175018,1.2206842077675875
COHFACE_s40_session3_natural,1,258,18.6,-0.3722378611564636,1.2174516376867024
COHFACE_s40_session3_natural,1,259,18.633333333333333,-0.5007050037384033,1.147235099584432
COHFACE_s40_session3_natural,1,260,18.666666666666668,-0.6053872108459473,1.013303869471908
COHFACE_s40_session3_natural,1,261,18.7,-0.6864640712738037,0.8259329408591473
COHFACE_s40_session3_natural,1,262,18.733333333333334,-0.7634769678115845,0.5974741097825523
COHFACE_s40_session3_natural,1,263,18.766666666666666,-0.8373839259147644,0.3408013264527384
COHFACE_s40_session3_natural,1,264,18.8,-0.9103179574012756,0.07124970178467316
COHFACE_s40_session3_natural,1,265,18.833333333333332,-0.9767930507659912,-0.19310428004011262
COHFACE_s40_session3_natural,1,266,18.866666666666667,-1.0359859466552734,-0.4346614951610346
COHFACE_s40_session3_natural,1,267,18.9,-1.1032319068908691,-0.6409603662940859
COHFACE_s40_session3_natural,1,268,18.933333333333334,-1.1858056783676147,-0.8076059385218469
COHFACE_s40_session3_natural,1,269,18.966666666666665,-1.2473336458206177,-0.9360061041984914
COHFACE_s40_session3_natural,1,270,19.0,-1.041756272315979,-1.0275182297452423
COHFACE_s40_session3_natural,1,271,19.033333333333335,-0.18015460669994354,-1.0802657341431277
COHFACE_s40_session3_natural,1,272,19.066666666666666,0.8353607058525085,-1.0908923330359055
COHFACE_s40_session3_natural,1,273,19.1,1.3803337812423706,-1.0589411802380728
COHFACE_s40_session3_natural,1,274,19.133333333333333,1.490801215171814,-0.9902276526821554
COHFACE_s40_session3_natural,1,275,19.166666666666668,1.4443988800048828,-0.8952322044014828
COHFACE_s40_session3_natural,1,276,19.2,1.3796601295471191,-0.7832945686450056
COHFACE_s40_session3_natural,1,277,19.233333333333334,1.2362619638442993,-0.6579646357903005
COHFACE_s40_session3_natural,1,278,19.266666666666666,0.9308671951293945,-0.51654786766212
COHFACE_s40_session3_natural,1,279,19.3,0.6486212015151978,-0.3537955423993635
COHFACE_s40_session3_natural,1,280,19.333333333333332,0.5306844115257263,-0.1672596433777578
COHFACE_s40_session3_natural,1,281,19.366666666666667,0.4638650119304657,0.039964915021960215
COHFACE_s40_session3_natural,1,282,19.4,0.34191665053367615,0.2598683747105142
COHFACE_s40_session3_natural,1,283,19.433333333333334,0.15170447528362274,0.48065609826448163
COHFACE_s40_session3_natural,1,284,19.466666666666665,-0.07016608119010925,0.6871533063726426
COHFACE_s40_session3_natural,1,285,19.5,-0.2656771242618561,0.861256273267202
COHFACE_s40_session3_natural,1,286,19.533333333333335,-0.41200166940689087,0.9838801235244498
COHFACE_s40_session3_natural,1,287,19.566666666666666,-0.5265106558799744,1.040036485696847
COHFACE_s40_session3_natural,1,288,19.6,-0.6245393753051758,1.0249577276356268
COHFACE_s40_session3_natural,1,289,19.633333333333333,-0.7009610533714294,0.9459066678197662
COHFACE_s40_session3_natural,1,290,19.666666666666668,-0.7631551623344421,0.8182951465128765
COHFACE_s40_session3_natural,1,291,19.7,-0.817273736000061,0.6590866495415837
COHFACE_s40_session3_natural,1,292,19.733333333333334,-0.8728069067001343,0.48169788933089464
COHFACE_s40_session3_natural,1,293,19.766666666666666,-0.9245679378509521,0.2967862779875574
COHFACE_s40_session3_natural,1,294,19.8,-0.9757227897644043,0.1172424169347485
COHFACE_s40_session3_natural,1,295,19.833333333333332,-1.0352824926376343,-0.039860329315116357
COHFACE_s40_session3_natural,1,296,19.866666666666667,-1.1083661317825317,-0.15707220781739467
COHFACE_s40_session3_natural,1,297,19.9,-1.1639666557312012,-0.22352344446941275
COHFACE_s40_session3_natural,1,298,19.933333333333334,-0.9006557464599609,-0.2409191279705794
COHFACE_s40_session3_natural,1,299,19.966666666666665,0.04292091727256775,-0.22396769188305785
COHFACE_s40_session3_natural,2,0,20.0,1.080252766609192,0.059158165845555
COHFACE_s40_session3_natural,2,1,20.033333333333335,1.6314078569412231,0.22751817958830878
COHFACE_s40_session3_natural,2,2,20.066666666666666,1.7787652015686035,0.38162899908462594
COHFACE_s40_session3_natural,2,3,20.1,1.8033883571624756,0.5092411683568393
COHFACE_s40_session3_natural,2,4,20.133333333333333,1.8153332471847534,0.5995792188594745
COHFACE_s40_session3_natural,2,5,20.166666666666668,1.7491201162338257,0.644881477299021
COHFACE_s40_session3_natural,2,6,20.2,1.4859066009521484,0.6418797287894004
COHFACE_s40_session3_natural,2,7,20.233333333333334,1.123032808303833,0.5920221748463255
COHFACE_s40_session3_natural,2,8,20.266666666666666,0.8681716322898865,0.5003117430625258
COHFACE_s40_session3_natural,2,9,20.3,0.7213680744171143,0.3737357877841605
COHFACE_s40_session3_natural,2,10,20.333333333333332,0.5748040676116943,0.2202620639911022
COHFACE_s40_session3_natural,2,11,20.366666666666667,0.37585774064064026,0.0491286313599889
COHFACE_s40_session3_natural,2,12,20.4,0.14846380054950714,-0.12825503335776978
COHFACE_s40_session3_natural,2,13,20.433333333333334,-0.05921662971377373,-0.2986864281066962
COHFACE_s40_session3_natural,2,14,20.466666666666665,-0.22485053539276123,-0.44912750842589455
COHFACE_s40_session3_natural,2,15,20.5,-0.3662654161453247,-0.5688431463482424
COHFACE_s40_session3_natural,2,16,20.533333333333335,-0.49279412627220154,-0.6506103543522226
COHFACE_s40_session3_natural,2,17,20.566666666666666,-0.598726212978363,-0.6904465159575804
COHFACE_s40_session3_natural,2,18,20.6,-0.6899442076683044,-0.6865816191203795
COHFACE_s40_session3_natural,2,19,20.633333333333333,-0.7749278545379639,-0.6394570615930226
COHFACE_s40_session3_natural,2,20,20.666666666666668,-0.8474652171134949,-0.5528157236246002
COHFACE_s40_session3_natural,2,21,20.7,-0.9106996059417725,-0.43421037190395084
COHFACE_s40_session3_natural,2,22,20.733333333333334,-0.9758200645446777,-0.29406295845619557
COHFACE_s40_session3_natural,2,23,20.766666666666666,-1.0318098068237305,-0.1434707367328596
COHFACE_s40_session3_natural,2,24,20.8,-1.0820364952087402,0.008066536701585105
COHFACE_s40_session3_natural,2,25,20.833333333333332,-1.1484068632125854,0.15313120126362306
COHFACE_s40_session3_natural,2,26,20.866666666666667,-1.2109602689743042,0.2850258284296572
COHFACE_s40_session3_natural,2,27,20.9,-1.0095142126083374,0.39632069487382154
COHFACE_s40_session3_natural,2,28,20.933333333333334,-0.16389882564544678,0.478840330948987
COHFACE_s40_session3_natural,2,29,20.966666666666665,0.8601410388946533,0.5259686396041355
COHFACE_s40_session3_natural,2,30,21.0,1.4547646045684814,0.5357895734942231
COHFACE_s40_session3_natural,2,31,21.033333333333335,1.6504029035568237,0.5115967970735367
COHFACE_s40_session3_natural,2,32,21.066666666666666,1.7038179636001587,0.4593334444790155
COHFACE_s40_session3_natural,2,33,21.1,1.7338073253631592,0.384671430306527
COHFACE_s40_session3_natural,2,34,21.133333333333333,1.6924793720245361,0.2918186657806642
COHFACE_s40_session3_natural,2,35,21.166666666666668,1.456373691558838,0.1849747411382432
COHFACE_s40_session3_natural,2,36,21.2,1.1046589612960815,0.07098551168771955
COHFACE_s40_session3_natural,2,37,21.233333333333334,0.8559348583221436,-0.040223991120373434
COHFACE_s40_session3_natural,2,38,21.266666666666666,0.7132850885391235,-0.13802730868375981
COHFACE_s40_session3_natural,2,39,21.3,0.5660399794578552,-0.21387872563466667
COHFACE_s40_session3_natural,2,40,21.333333333333332,0.3777063488960266,-0.26266907501254877
COHFACE_s40_session3_natural,2,41,21.366666666666667,0.16318531334400177,-0.28187387054817986
COHFACE_s40_session3_natural,2,42,21.4,-0.04379907622933388,-0.2698149164819836
COHFACE_s40_session3_natural,2,43,21.433333333333334,-0.2128458023071289,-0.22606938294560397
COHFACE_s40_session3_natural,2,44,21.466666666666665,-0.35189566016197205,-0.154125826151802
COHFACE_s40_session3_natural,2,45,21.5,-0.47111976146698,-0.06339679479088482
COHFACE_s40_session3_natural,2,46,21.533333333333335,-0.573998212814331,0.031480491215482555
COHFACE_s40_session3_natural,2,47,21.566666666666666,-0.6642957329750061,0.11472592721482064
COHFACE_s40_session3_natural,2,48,21.6,-0.7429776191711426,0.1747131313588075
COHFACE_s40_session3_natural,2,49,21.633333333333333,-0.8204321265220642,0.2059957577313273
COHFACE_s40_session3_natural,2,50,21.666666666666668,-0.8946160078048706,0.20743360666690194
COHFACE_s40_session3_natural,2,51,21.7,-0.9596915245056152,0.17975890368641725
COHFACE_s40_session3_natural,2,52,21.733333333333334,-1.010711669921875,0.1247420472334841
COHFACE_s40_session3_natural,2,53,21.766666666666666,-1.0526459217071533,0.04634855674157614
COHFACE_s40_session3_natural,2,54,21.8,-1.1026033163070679,-0.0475973844969755
COHFACE_s40_session3_natural,2,55,21.833333333333332,-1.1668181419372559,-0.14617157509058193
COHFACE_s40_session3_natural,2,56,21.866666666666667,-1.2073901891708374,-0.2385561673310537
COHFACE_s40_session3_natural,2,57,21.9,-0.9903170466423035,-0.31677603026460577
COHFACE_s40_session3_natural,2,58,21.933333333333334,-0.1577318012714386,-0.3763455544514709
COHFACE_s40_session3_natural,2,59,21.966666666666665,0.832217276096344,-0.4149106062460884
COHFACE_s40_session3_natural,2,60,22.0,1.3927950859069824,-0.430250800358593
COHFACE_s40_session3_natural,2,61,22.033333333333335,1.5653070211410522,-0.4199118887913819
COHFACE_s40_session3_natural,2,62,22.066666666666666,1.6070765256881714,-0.3827359255410523
COHFACE_s40_session3_natural,2,63,22.1,1.623923659324646,-0.3204890368535962
COHFACE_s40_session3_natural,2,64,22.133333333333333,1.5587881803512573,-0.23803927080454432
COHFACE_s40_session3_natural,2,65,22.166666666666668,1.3043686151504517,-0.14122081862263192
COHFACE_s40_session3_natural,2,66,22.2,0.963880181312561,-0.033684518439529965
COHFACE_s40_session3_natural,2,67,22.233333333333334,0.7338742613792419,0.08412356764062838
COHFACE_s40_session3_natural,2,68,22.266666666666666,0.6053172945976257,0.21297139796873635
COHFACE_s40_session3_natural,2,69,22.3,0.47090768814086914,0.3514544173359324
COHFACE_s40_session3_natural,2,70,22.333333333333332,0.28123438358306885,0.49333736099922326
COHFACE_s40_session3_natural,2,71,22.366666666666667,0.06974446773529053,0.6277302892415697
COHFACE_s40_session3_natural,2,72,22.4,-0.12215916067361832,0.7415625519288858
COHFACE_s40_session3_natural,2,73,22.433333333333334,-0.2789541780948639,0.8213553360452069
COHFACE_s40_session3_natural,2,74,22.466666666666665,-0.4050862193107605,0.8537968089049128
COHFACE_s40_session3_natural,2,75,22.5,-0.5197299718856812,0.8272128764473448
COHFACE_s40_session3_natural,2,76,22.533333333333335,-0.6143084168434143,0.7344309959113232
COHFACE_s40_session3_natural,2,77,22.566666666666666,-0.695377767086029,0.5757084175962668
COHFACE_s40_session3_natural,2,78,22.6,-0.7746809124946594,0.36014596597278925
COHFACE_s40_session3_natural,2,79,22.633333333333333,-0.8506160974502563,0.10413662063438264
COHFACE_s40_session3_natural,2,80,22.666666666666668,-0.9215218424797058,-0.17237958506925818
COHFACE_s40_session3_natural,2,81,22.7,-0.9842773079872131,-0.4490428967285983
COHFACE_s40_session3_natural,2,82,22.733333333333334,-1.0357763767242432,-0.706275042275541
COHFACE_s40_session3_natural,2,83,22.766666666666666,-1.0728907585144043,-0.9250393265580806
COHFACE_s40_session3_natural,2,84,22.8,-1.1117864847183228,-1.0866787740838506
COHFACE_s40_session3_natural,2,85,22.833333333333332,-1.166406512260437,-1.1749154546703249
COHFACE_s40_session3_natural,2,86,22.866666666666667,-1.2251802682876587,-1.179692565450759
COHFACE_s40_session3_natural,2,87,22.9,-1.166032314300537,-1.1001597567989159
COHFACE_s40_session3_natural,2,88,22.933333333333334,-0.5813028812408447,-0.9450876290017837
COHFACE_s40_session3_natural,2,89,22.966666666666665,0.43457165360450745,-0.730404816703346
COHFACE_s40_session3_natural,2,90,23.0,1.180167555809021,-0.4750741544904165
COHFACE_s40_session3_natural,2,91,23.033333333333335,1.4552885293960571,-0.19776563594230476
COHFACE_s40_session3_natural,2,92,23.066666666666666,1.5107169151306152,0.08456590898540763
COHFACE_s40_session3_natural,2,93,23.1,1.5249069929122925,0.3566503153928044
COHFACE_s40_session3_natural,2,94,23.133333333333333,1.4972602128982544,0.6045461147101269
COHFACE_s40_session3_natural,2,95,23.166666666666668,1.3059029579162598,0.8164062998110823
COHFACE_s40_session3_natural,2,96,23.2,0.975780189037323,0.9840498632717143
COHFACE_s40_session3_natural,2,97,23.233333333333334,0.7143403887748718,1.1033402320795147
COHFACE_s40_session3_natural,2,98,23.266666666666666,0.5759192109107971,1.1727327910184695
COHFACE_s40_session3_natural,2,99,23.3,0.4575483202934265,1.190917236808581
COHFACE_s40_session3_natural,2,100,23.333333333333332,0.29631513357162476,1.155109606631706
COHFACE_s40_session3_natural,2,101,23.366666666666667,0.09956171363592148,1.061788900603497
COHFACE_s40_session3_natural,2,102,23.4,-0.09672020375728607,0.9094373060820391
COHFACE_s40_session3_natural,2,103,23.433333333333334,-0.2602734863758087,0.7007182354009593
COHFACE_s40_session3_natural,2,104,23.466666666666665,-0.39260998368263245,0.44285978996599007
COHFACE_s40_session3_natural,2,105,23.5,-0.5125450491905212,0.14664064553439332
COHFACE_s40_session3_natural,2,106,23.533333333333335,-0.6174817085266113,-0.17479146707313686
COHFACE_s40_session3_natural,2,107,23.566666666666666,-0.7010807991027832,-0.5055689238887758
COHFACE_s40_session3_natural,2,108,23.6,-0.7787672877311707,-0.8258069686743982
COHFACE_s40_session3_natural,2,109,23.633333333333333,-0.8618649244308472,-1.1120696261655718
COHFACE_s40_session3_natural,2,110,23.666666666666668,-0.9441991448402405,-1.3402814197359343
COHFACE_s40_session3_natural,2,111,23.7,-1.016497015953064,-1.4895104583551322
COHFACE_s40_session3_natural,2,112,23.733333333333334,-1.07208251953125,-1.5450791859162922
COHFACE_s40_session3_natural,2,113,23.766666666666666,-1.1142936944961548,-1.499828722719841
COHFACE_s40_session3_natural,2,114,23.8,-1.151033878326416,-1.3540571315647951
COHFACE_s40_session3_natural,2,115,23.833333333333332,-1.2019566297531128,-1.116120267990493
COHFACE_s40_session3_natural,2,116,23.866666666666667,-1.2641507387161255,-0.8035806114319886
COHFACE_s40_session3_natural,2,117,23.9,-1.2591887712478638,-0.44269064624936927
COHFACE_s40_session3_natural,2,118,23.933333333333334,-0.8031060695648193,-0.06507942321497504
COHFACE_s40_session3_natural,2,119,23.966666666666665,0.20631703734397888,0.2980205481596374
COHFACE_s40_session3_natural,2,120,24.0,1.0551056861877441,0.6218642502820255
COHFACE_s40_session3_natural,2,121,24.033333333333335,1.3977196216583252,0.891093034605567
COHFACE_s40_session3_natural,2,122,24.066666666666666,1.4655793905258179,1.0985853963036416
COHFACE_s40_session3_natural,2,123,24.1,1.4792829751968384,1.2422137310986117
COHFACE_s40_session3_natural,2,124,24.133333333333333,1.4609391689300537,1.3217106657398527
COHFACE_s40_session3_natural,2,125,24.166666666666668,1.3040318489074707,1.3375473040689358
COHFACE_s40_session3_natural,2,126,24.2,0.9876351952552795,1.2917393395362067
COHFACE_s40_session3_natural,2,127,24.233333333333334,0.7061825394630432,1.1886000788135056
COHFACE_s40_session3_natural,2,128,24.266666666666666,0.5621331930160522,1.0345240585606659
COHFACE_s40_session3_natural,2,129,24.3,0.4651598036289215,0.8372103720054795
COHFACE_s40_session3_natural,2,130,24.333333333333332,0.3187304735183716,0.6051364666392753
COHFACE_s40_session3_natural,2,131,24.366666666666667,0.11576510965824127,0.3482563871615945
COHFACE_s40_session3_natural,2,132,24.4,-0.0929705947637558,0.07921560968925268
COHFACE_s40_session3_natural,2,133,24.433333333333334,-0.27794378995895386,-0.18711855272452907
COHFACE_s40_session3_natural,2,134,24.466666666666665,-0.42564547061920166,-0.43609419025566
COHFACE_s40_session3_natural,2,135,24.5,-0.5468977689743042,-0.6559374222023406
COHFACE_s40_session3_natural,2,136,24.533333333333335,-0.6601494550704956,-0.839044219958585
COHFACE_s40_session3_natural,2,137,24.566666666666666,-0.7594354748725891,-0.9808546896849163
COHFACE_s40_session3_natural,2,138,24.6,-0.8425106406211853,-1.0774780170708478
COHFACE_s40_session3_natural,2,139,24.633333333333333,-0.9218961000442505,-1.125128803879749
COHFACE_s40_session3_natural,2,140,24.666666666666668,-1.0035492181777954,-1.121810811875842
COHFACE_s40_session3_natural,2,141,24.7,-1.0801730155944824,-1.0689472461542673
COHFACE_s40_session3_natural,2,142,24.733333333333334,-1.1406681537628174,-0.9715213965481891
COHFACE_s40_session3_natural,2,143,24.766666666666666,-1.1898995637893677,-0.8365485582114023
COHFACE_s40_session3_natural,2,144,24.8,-1.2412265539169312,-0.6710089588379572
COHFACE_s40_session3_natural,2,145,24.833333333333332,-1.3007861375808716,-0.4813792526093948
COHFACE_s40_session3_natural,2,146,24.866666666666667,-1.3709584474563599,-0.27496827648799654
COHFACE_s40_session3_natural,2,147,24.9,-1.3879327774047852,-0.06127962263797772
COHFACE_s40_session3_natural,2,148,24.933333333333334,-0.9549689888954163,0.148086720924956
COHFACE_s40_session3_natural,2,149,24.966666666666665,0.11032406240701675,0.3417757133129028
COHFACE_s40_session3_natural,2,150,25.0,1.0218756198883057,0.511957473742093
COHFACE_s40_session3_natural,2,151,25.033333333333335,1.3988498449325562,0.6554750849939026
COHFACE_s40_session3_natural,2,152,25.066666666666666,1.456396222114563,0.7721515683270894
COHFACE_s40_session3_natural,2,153,25.1,1.4173808097839355,0.862091003709678
COHFACE_s40_session3_natural,2,154,25.133333333333333,1.3600739240646362,0.9237683497960328
COHFACE_s40_session3_natural,2,155,25.166666666666668,1.2116013765335083,0.9542078791688545
COHFACE_s40_session3_natural,2,156,25.2,0.9074564576148987,0.9507684831162111
COHFACE_s40_session3_natural,2,157,25.233333333333334,0.6190434098243713,0.9124245705944283
COHFACE_s40_session3_natural,2,158,25.266666666666666,0.45938944816589355,0.839690433656387
COHFACE_s40_session3_natural,2,159,25.3,0.35767850279808044,0.7338123714604502
COHFACE_s40_session3_natural,2,160,25.333333333333332,0.22016289830207825,0.5963201853253257
COHFACE_s40_session3_natural,2,161,25.366666666666667,0.019495217129588127,0.4301752976765837
COHFACE_s40_session3_natural,2,162,25.4,-0.21100468933582306,0.24173192093873824
COHFACE_s40_session3_natural,2,163,25.433333333333334,-0.41712090373039246,0.04090575617679591
COHFACE_s40_session3_natural,2,164,25.466666666666665,-0.5833685398101807,-0.16082726537570938
COHFACE_s40_session3_natural,2,165,25.5,-0.7151811122894287,-0.35264016654822217
COHFACE_s40_session3_natural,2,166,25.533333333333335,-0.8171989321708679,-0.5256287647636142
COHFACE_s40_session3_natural,2,167,25.566666666666666,-0.9055729508399963,-0.6730982736979705
COHFACE_s40_session3_natural,2,168,25.6,-0.9910355806350708,-0.7904281378421392
COHFACE_s40_session3_natural,2,169,25.633333333333333,-1.0845811367034912,-0.8754999796029761
COHFACE_s40_session3_natural,2,170,25.666666666666668,-1.1756869554519653,-0.9293229089474864
COHFACE_s40_session3_natural,2,171,25.7,-1.2574598789215088,-0.9552419558787011
COHFACE_s40_session3_natural,2,172,25.733333333333334,-1.3332453966140747,-0.9566113790164522
COHFACE_s40_session3_natural,2,173,25.766666666666666,-1.4043008089065552,-0.9343918090993221
COHFACE_s40_session3_natural,2,174,25.8,-1.4595345258712769,-0.88598736553536
COHFACE_s40_session3_natural,2,175,25.833333333333332,-1.5071643590927124,-0.8061840842370014
COHFACE_s40_session3_natural,2,176,25.866666666666667,-1.568220853805542,-0.6896835383435437
COHFACE_s40_session3_natural,2,177,25.9,-1.4793379306793213,-0.5334806981208465
COHFACE_s40_session3_natural,2,178,25.933333333333334,-0.7275675535202026,-0.33799363298190294
COHFACE_s40_session3_natural,2,179,25.966666666666665,0.3573417067527771,-0.10675561821932635
COHFACE_s40_session3_natural,2,180,26.0,0.9701220989227295,0.15427091238110271
COHFACE_s40_session3_natural,2,181,26.033333333333335,1.1070538759231567,0.4357851841773336
COHFACE_s40_session3_natural,2,182,26.066666666666666,1.056909441947937,0.7230006184741967
COHFACE_s40_session3_natural,2,183,26.1,0.9645537734031677,0.9948821950384712
COHFACE_s40_session3_natural,2,184,26.133333333333333,0.8220387101173401,1.2264029626816018
COHFACE_s40_session3_natural,2,185,26.166666666666668,0.5628666877746582,1.393976198567339
COHFACE_s40_session3_natural,2,186,26.2,0.3288491666316986,1.481591883125752
COHFACE_s40_session3_natural,2,187,26.233333333333334,0.25643157958984375,1.483116413427103
COHFACE_s40_session3_natural,2,188,26.266666666666666,0.25212812423706055,1.400102084788696
COHFACE_s40_session3_natural,2,189,26.3,0.1909443885087967,1.2384531626932702
COHFACE_s40_session3_natural,2,190,26.333333333333332,0.032944414764642715,1.0064315444864216
COHFACE_s40_session3_natural,2,191,26.366666666666667,-0.17222878336906433,0.7149739129483315
COHFACE_s40_session3_natural,2,192,26.4,-0.35860905051231384,0.37913652719457724
COHFACE_s40_session3_natural,2,193,26.433333333333334,-0.5023515224456787,0.017699893033086715
COHFACE_s40_session3_natural,2,194,26.466666666666665,-0.6112024188041687,-0.3494660449473297
COHFACE_s40_session3_natural,2,195,26.5,-0.687451958656311,-0.7039683050506279
COHFACE_s40_session3_natural,2,196,26.533333333333335,-0.7468918561935425,-1.0298303533484414
COHFACE_s40_session3_natural,2,197,26.566666666666666,-0.800905704498291,-1.3123992032630685
COHFACE_s40_session3_natural,2,198,26.6,-0.8512672185897827,-1.536559086833349
COHFACE_s40_session3_natural,2,199,26.633333333333333,-0.9032453298568726,-1.686965333184933
COHFACE_s40_session3_natural,2,200,26.666666666666668,-0.9494006633758545,-1.7505555047839407
COHFACE_s40_session3_natural,2,201,26.7,-0.9985572099685669,-1.7190579205366683
COHFACE_s40_session3_natural,2,202,26.733333333333334,-1.0749040842056274,-1.5899746421019971
COHFACE_s40_session3_natural,2,203,26.766666666666666,-1.1357060670852661,-1.3656624761352787
COHFACE_s40_session3_natural,2,204,26.8,-0.9029534459114075,-1.0520986532118661
COHFACE_s40_session3_natural,2,205,26.833333333333332,-0.024197828024625778,-0.6604043198372298
COHFACE_s40_session3_natural,2,206,26.866666666666667,0.9463894963264465,-0.2106015322227152
COHFACE_s40_session3_natural,2,207,26.9,1.4586938619613647,0.2664340798048741
COHFACE_s40_session3_natural,2,208,26.933333333333334,1.6049660444259644,0.7314860212431911
COHFACE_s40_session3_natural,2,209,26.966666666666665,1.6202638149261475,1.1444994555886752
COHFACE_s40_session3_natural,2,210,27.0,1.6036263704299927,1.4738331594437808
COHFACE_s40_session3_natural,2,211,27.033333333333335,1.5170559883117676,1.7009735653047686
COHFACE_s40_session3_natural,2,212,27.066666666666666,1.2682870626449585,1.819125347759605
COHFACE_s40_session3_natural,2,213,27.1,0.9642170071601868,1.829103433184922
COHFACE_s40_session3_natural,2,214,27.133333333333333,0.7788770794868469,1.7358572748014702
COHFACE_s40_session3_natural,2,215,27.166666666666668,0.6799951791763306,1.5479836582167845
COHFACE_s40_session3_natural,2,216,27.2,0.5611003637313843,1.2793818264959522
COHFACE_s40_session3_natural,2,217,27.233333333333334,0.37055888772010803,0.9493070093289614
COHFACE_s40_session3_natural,2,218,27.266666666666666,0.13914591073989868,0.5797876045747664
COHFACE_s40_session3_natural,2,219,27.3,-0.07725366950035095,0.19240593539842865
COHFACE_s40_session3_natural,2,220,27.333333333333332,-0.25235515832901,-0.19376320490938798
COHFACE_s40_session3_natural,2,221,27.366666666666667,-0.389623761177063,-0.5619187132518039
COHFACE_s40_session3_natural,2,222,27.4,-0.5000389218330383,-0.8959364778703809
COHFACE_s40_session3_natural,2,223,27.433333333333334,-0.5880536437034607,-1.1801345731540882
COHFACE_s40_session3_natural,2,224,27.466666666666665,-0.6607257127761841,-1.4009163345623714
COHFACE_s40_session3_natural,2,225,27.5,-0.7372970581054688,-1.5484565899790292
COHFACE_s40_session3_natural,2,226,27.533333333333335,-0.8078809976577759,-1.6171426616713798
COHFACE_s40_session3_natural,2,227,27.566666666666666,-0.8689150810241699,-1.6043821151176072
COHFACE_s40_session3_natural,2,228,27.6,-0.9378225803375244,-1.5090425178067968
COHFACE_s40_session3_natural,2,229,27.633333333333333,-1.0205309391021729,-1.3320892491452534
COHFACE_s40_session3_natural,2,230,27.666666666666668,-1.1142412424087524,-1.0794422159222283
COHFACE_s40_session3_natural,2,231,27.7,-1.1053649187088013,-0.7644850931039892
COHFACE_s40_session3_natural,2,232,27.733333333333334,-0.556268036365509,-0.40810735220898114
COHFACE_s40_session3_natural,2,233,27.766666666666666,0.4878295958042145,-0.035170546486456344
COHFACE_s40_session3_natural,2,234,27.8,1.3164557218551636,0.3308632030940318
COHFACE_s40_session3_natural,2,235,27.833333333333332,1.6902564764022827,0.6709673406494032
COHFACE_s40_session3_natural,2,236,27.866666666666667,1.8061425685882568,0.9700734856905519
COHFACE_s40_session3_natural,2,237,27.9,1.8556584119796753,1.2151514462953488
COHFACE_s40_session3_natural,2,238,27.933333333333334,1.8683067560195923,1.394021802906644
COHFACE_s40_session3_natural,2,239,27.966666666666665,1.757068395614624,1.496574896584014
COHFACE_s40_session3_natural,2,240,28.0,1.4589183330535889,1.5175097000437223
COHFACE_s40_session3_natural,2,241,28.033333333333335,1.1107810735702515,1.4573898417410216
COHFACE_s40_session3_natural,2,242,28.066666666666666,0.8751619458198547,1.3212475176210174
COHFACE_s40_session3_natural,2,243,28.1,0.7283958196640015,1.1166047058196782
COHFACE_s40_session3_natural,2,244,28.133333333333333,0.5763233304023743,0.8525940607627638
COHFACE_s40_session3_natural,2,245,28.166666666666668,0.37366485595703125,0.5412133969685895
COHFACE_s40_session3_natural,2,246,28.2,0.14125646650791168,0.19953790041242095
COHFACE_s40_session3_natural,2,247,28.233333333333334,-0.07338431477546692,-0.1501823990210383
COHFACE_s40_session3_natural,2,248,28.266666666666666,-0.24022318422794342,-0.48326576241405905
COHFACE_s40_session3_natural,2,249,28.3,-0.37542614340782166,-0.7763451368513361
COHFACE_s40_session3_natural,2,250,28.333333333333332,-0.5020671486854553,-1.010454827164057
COHFACE_s40_session3_natural,2,251,28.366666666666667,-0.6137470602989197,-1.1723488312912071
COHFACE_s40_session3_natural,2,252,28.4,-0.71439528465271,-1.2544407549386893
COHFACE_s40_session3_natural,2,253,28.433333333333334,-0.8206266760826111,-1.2550716888570124
COHFACE_s40_session3_natural,2,254,28.466666666666665,-0.9256457090377808,-1.1794177195033058
COHFACE_s40_session3_natural,2,255,28.5,-1.0075159072875977,-1.0398417749625735
COHFACE_s40_session3_natural,2,256,28.533333333333335,-1.0760266780853271,-0.8546026633270655
COHFACE_s40_session3_natural,2,257,28.566666666666666,-1.1405110359191895,-0.6442786662160388
COHFACE_s40_session3_natural,2,258,28.6,-1.2122175693511963,-0.427155467971247
COHFACE_s40_session3_natural,2,259,28.633333333333333,-1.2695918083190918,-0.21647542012108864
COHFACE_s40_session3_natural,2,260,28.666666666666668,-1.0630115270614624,-0.020579998731583355
COHFACE_s40_session3_natural,2,261,28.7,-0.2515767812728882,0.15510515594485433
COHFACE_s40_session3_natural,2,262,28.733333333333334,0.6944248080253601,0.305983725136372
COHFACE_s40_session3_natural,2,263,28.766666666666666,1.234795093536377,0.42806886150875095
COHFACE_s40_session3_natural,2,264,28.8,1.4143946170806885,0.5194178469953693
COHFACE_s40_session3_natural,2,265,28.833333333333332,1.4694337844848633,0.5809161470144115
COHFACE_s40_session3_natural,2,266,28.866666666666667,1.5020500421524048,0.6154530173726108
COHFACE_s40_session3_natural,2,267,28.9,1.4642845392227173,0.6261551015377429
COHFACE_s40_session3_natural,2,268,28.933333333333334,1.2496213912963867,0.6149912392856909
COHFACE_s40_session3_natural,2,269,28.966666666666665,0.9236149191856384,0.5833588628478404
COHFACE_s40_session3_natural,2,270,29.0,0.6830636858940125,0.5340940060081962
COHFACE_s40_session3_natural,2,271,29.033333333333335,0.5527928471565247,0.472328049091762
COHFACE_s40_session3_natural,2,272,29.066666666666666,0.42876389622688293,0.4043064468011177
COHFACE_s40_session3_natural,2,273,29.1,0.25893130898475647,0.33522105391906165
COHFACE_s40_session3_natural,2,274,29.133333333333333,0.05750023573637009,0.26754795212926524
COHFACE_s40_session3_natural,2,275,29.166666666666668,-0.1336175501346588,0.20143483488489483
COHFACE_s40_session3_natural,2,276,29.2,-0.29529228806495667,0.1366094018737505
COHFACE_s40_session3_natural,2,277,29.233333333333334,-0.4321417808532715,0.07336152890701153
COHFACE_s40_session3_natural,2,278,29.266666666666666,-0.5500037670135498,0.011866914298110334
COHFACE_s40_session3_natural,2,279,29.3,-0.6571407914161682,-0.048971562590144124
COHFACE_s40_session3_natural,2,280,29.333333333333332,-0.7576168179512024,-0.11185699369254147
COHFACE_s40_session3_natural,2,281,29.366666666666667,-0.8431392908096313,-0.17953896940904066
COHFACE_s40_session3_natural,2,282,29.4,-0.9189847111701965,-0.25216066085172556
COHFACE_s40_session3_natural,2,283,29.433333333333334,-0.9879221320152283,-0.3259909167751094
COHFACE_s40_session3_natural,2,284,29.466666666666665,-1.0485070943832397,-0.3943409113014011
COHFACE_s40_session3_natural,2,285,29.5,-1.09294855594635,-0.44958682202781425
COHFACE_s40_session3_natural,2,286,29.533333333333335,-1.1313952207565308,-0.48492909525353445
COHFACE_s40_session3_natural,2,287,29.566666666666666,-1.1815396547317505,-0.49458359585471373
COHFACE_s40_session3_natural,2,288,29.6,-1.2421470880508423,-0.4732407318332792
COHFACE_s40_session3_natural,2,289,29.633333333333333,-1.188185691833496,-0.4174869236847483
COHFACE_s40_session3_natural,2,290,29.666666666666668,-0.6125346422195435,-0.3290581900867507
COHFACE_s40_session3_natural,2,291,29.7,0.3290736973285675,-0.21694180239032515
COHFACE_s40_session3_natural,2,292,29.733333333333334,0.9879196286201477,-0.09644859643375694
COHFACE_s40_session3_natural,2,293,29.766666666666666,1.2157775163650513,0.015004392727202866
COHFACE_s40_session3_natural,2,294,29.8,1.2514774799346924,0.10350474786342007
COHFACE_s40_session3_natural,2,295,29.833333333333332,1.2692301273345947,0.16201714355222135
COHFACE_s40_session3_natural,2,296,29.866666666666667,1.2642605304718018,0.19027708729900883
COHFACE_s40_session3_natural,2,297,29.9,1.1144707202911377,0.19260265832378465
COHFACE_s40_session3_natural,2,298,29.933333333333334,0.8398961424827576,0.17528985856678367
COHFACE_s40_session3_natural,2,299,29.966666666666665,0.6308610439300537,0.1450892666382075
COHFACE_s40_session3_natural,3,0,30.0,0.5246595740318298,0.11023146594864974
COHFACE_s40_session3_natural,3,1,30.033333333333335,0.42004474997520447,0.3999211984672514
COHFACE_s40_session3_natural,3,2,30.066666666666666,0.27059924602508545,0.668694454575747
COHFACE_s40_session3_natural,3,3,30.1,0.08597780019044876,0.8986505844202997
COHFACE_s40_session3_natural,3,4,30.133333333333333,-0.09981867671012878,1.073358361021191
COHFACE_s40_session3_natural,3,5,30.166666666666668,-0.2505215108394623,1.1798089750472185
COHFACE_s40_session3_natural,3,6,30.2,-0.371025413274765,1.2100634177049163
COHFACE_s40_session3_natural,3,7,30.233333333333334,-0.4784393608570099,1.1623100727945688
COHFACE_s40_session3_natural,3,8,30.266666666666666,-0.5741254687309265,1.0410063705123076
COHFACE_s40_session3_natural,3,9,30.3,-0.6560181379318237,0.8557968406597634
COHFACE_s40_session3_natural,3,10,30.333333333333332,-0.7310103178024292,0.619668048125066
COHFACE_s40_session3_natural,3,11,30.366666666666667,-0.8045280575752258,0.34746954778974004
COHFACE_s40_session3_natural,3,12,30.4,-0.872934103012085,0.055103860962146256
COHFACE_s40_session3_natural,3,13,30.433333333333334,-0.9363182187080383,-0.24117277714326527
COHFACE_s40_session3_natural,3,14,30.466666666666665,-0.9914247393608093,-0.5256060298287136
COHFACE_s40_session3_natural,3,15,30.5,-1.0469204187393188,-0.7838221298471675
COHFACE_s40_session3_natural,3,16,30.533333333333335,-1.1170927286148071,-1.0034141575572268
COHFACE_s40_session3_natural,3,17,30.566666666666666,-1.176255702972412,-1.173814612074257
COHFACE_s40_session3_natural,3,18,30.6,-1.0498842000961304,-1.2856658120575961
COHFACE_s40_session3_natural,3,19,30.633333333333333,-0.3998846709728241,-1.3304842496146343
COHFACE_s40_session3_natural,3,20,30.666666666666668,0.49127981066703796,-1.301223231242894
COHFACE_s40_session3_natural,3,21,30.7,1.054185152053833,-1.1939743984335494
COHFACE_s40_session3_natural,3,22,30.733333333333334,1.2234488725662231,-1.0102222513701158
COHFACE_s40_session3_natural,3,23,30.766666666666666,1.2378710508346558,-0.7583503351768455
COHFACE_s40_session3_natural,3,24,30.8,1.2366137504577637,-0.45363852329205756
COHFACE_s40_session3_natural,3,25,30.833333333333332,1.1772487163543701,-0.11670144659452214
COHFACE_s40_session3_natural,3,26,30.866666666666667,0.9688946604728699,0.22907572390261258
COHFACE_s40_session3_natural,3,27,30.9,0.7070881128311157,0.5600599826243442
COHFACE_s40_session3_natural,3,28,30.933333333333334,0.5507271885871887,0.8544046004004872
COHFACE_s40_session3_natural,3,29,30.966666666666665,0.4742157459259033,1.0937826627207143
COHFACE_s40_session3_natural,3,30,31.0,0.37231767177581787,1.2648356130324236
COHFACE_s40_session3_natural,3,31,31.033333333333335,0.21270111203193665,1.3601048690597963
COHFACE_s40_session3_natural,3,32,31.066666666666666,0.021560870110988617,1.3781551586020553
COHFACE_s40_session3_natural,3,33,31.1,-0.1544237583875656,1.322600992764504
COHFACE_s40_session3_natural,3,34,31.133333333333333,-0.29076433181762695,1.200420838942694
COHFACE_s40_session3_natural,3,35,31.166666666666668,-0.409748911857605,1.0205431237960445
COHFACE_s40_session3_natural,3,36,31.2,-0.5137799978256226,0.793126379011451
COHFACE_s40_session3_natural,3,37,31.233333333333334,-0.5961740612983704,0.5293220185572994
COHFACE_s40_session3_natural,3,38,31.266666666666666,-0.6721990704536438,0.24119666173353618
COHFACE_s40_session3_natural,3,39,31.3,-0.7538896203041077,-0.058511315324105785
COHFACE_s40_session3_natural,3,40,31.333333333333332,-0.8322347402572632,-0.35677417294958363
COHFACE_s40_session3_natural,3,41,31.366666666666667,-0.9009701013565063,-0.6404266423446818
COHFACE_s40_session3_natural,3,42,31.4,-0.9623858332633972,-0.8960613738874725
COHFACE_s40_session3_natural,3,43,31.433333333333334,-1.0134508609771729,-1.1100009455914548
COHFACE_s40_session3_natural,3,44,31.466666666666665,-1.0523838996887207,-1.2687302785769634
COHFACE_s40_session3_natural,3,45,31.5,-1.0975513458251953,-1.3601125753975338
COHFACE_s40_session3_natural,3,46,31.533333333333335,-1.162132978439331,-1.375305973492009
COHFACE_s40_session3_natural,3,47,31.566666666666666,-1.1891361474990845,-1.3108681245077698
COHFACE_s40_session3_natural,3,48,31.6,-0.8826786279678345,-1.1700753590292288
COHFACE_s40_session3_natural,3,49,31.633333333333333,-0.026525428518652916,-0.962242878808146
COHFACE_s40_session3_natural,3,50,31.666666666666668,0.8357049822807312,-0.7006127203547432
COHFACE_s40_session3_natural,3,51,31.7,1.2730770111083984,-0.4010003775897098
COHFACE_s40_session3_natural,3,52,31.733333333333334,1.3926154375076294,-0.08160286672430807
COHFACE_s40_session3_natural,3,53,31.766666666666666,1.4233531951904297,0.23749311156123537
COHFACE_s40_session3_natural,3,54,31.8,1.435836911201477,0.5359394904168963
COHFACE_s40_session3_natural,3,55,31.833333333333332,1.3552615642547607,0.7958171048525019
COHFACE_s40_session3_natural,3,56,31.866666666666667,1.1142985820770264,1.0041138839532464
COHFACE_s40_session3_natural,3,57,31.9,0.842500627040863,1.152820183010567
COHFACE_s40_session3_natural,3,58,31.933333333333334,0.6706997156143188,1.2371444434019854
COHFACE_s40_session3_natural,3,59,31.966666666666665,0.5663617849349976,1.2548670410421836
COHFACE_s40_session3_natural,3,60,32.0,0.4478711783885956,1.207359457182689
COHFACE_s40_session3_natural,3,61,32.03333333333333,0.2677851915359497,1.1001687132165159
COHFACE_s40_session3_natural,3,62,32.06666666666667,0.06230512261390686,0.9422176833718617
COHFACE_s40_session3_natural,3,63,32.1,-0.11670314520597458,0.7441060319768296
COHFACE_s40_session3_natural,3,64,32.13333333333333,-0.2632971405982971,0.5164336851785557
COHFACE_s40_session3_natural,3,65,32.166666666666664,-0.3926474153995514,0.26927935713199147
COHFACE_s40_session3_natural,3,66,32.2,-0.507830023765564,0.012839571127851737
COHFACE_s40_session3_natural,3,67,32.233333333333334,-0.6063302159309387,-0.24187880906952536
COHFACE_s40_session3_natural,3,68,32.266666666666666,-0.6935142278671265,-0.4830498994150223
COHFACE_s40_session3_natural,3,69,32.3,-0.7764097452163696,-0.6988742389051608
COHFACE_s40_session3_natural,3,70,32.333333333333336,-0.8564463257789612,-0.8788689634348028
COHFACE_s40_session3_natural,3,71,32.36666666666667,-0.937807559967041,-1.014716901773928
COHFACE_s40_session3_natural,3,72,32.4,-1.010277509689331,-1.1004627909545492
COHFACE_s40_session3_natural,3,73,32.43333333333333,-1.0568594932556152,-1.132553550654094
COHFACE_s40_session3_natural,3,74,32.46666666666667,-1.0898950099945068,-1.109912659861494
COHFACE_s40_session3_natural,3,75,32.5,-1.1312304735183716,-1.03387195468958
COHFACE_s40_session3_natural,3,76,32.53333333333333,-1.1923394203186035,-0.9078987735738006
COHFACE_s40_session3_natural,3,77,32.56666666666667,-1.2142008543014526,-0.7371970636810343
COHFACE_s40_session3_natural,3,78,32.6,-0.8248627781867981,-0.528422835701902
COHFACE_s40_session3_natural,3,79,32.63333333333333,0.10236082226037979,-0.28985408444997207
COHFACE_s40_session3_natural,3,80,32.666666666666664,0.9244307279586792,-0.031927436307375386
COHFACE_s40_session3_natural,3,81,32.7,1.2861220836639404,0.232361491294978
COHFACE_s40_session3_natural,3,82,32.733333333333334,1.3565188646316528,0.48774836251183906
COHFACE_s40_session3_natural,3,83,32.766666666666666,1.3495285511016846,0.7181348462483452
COHFACE_s40_session3_natural,3,84,32.8,1.3281086683273315,0.9088205870021776
COHFACE_s40_session3_natural,3,85,32.833333333333336,1.1901215314865112,1.0484384223882433
COHFACE_s40_session3_natural,3,86,32.86666666666667,0.9051064252853394,1.129878684755944
COHFACE_s40_session3_natural,3,87,32.9,0.6666283011436462,1.1500174606985532
COHFACE_s40_session3_natural,3,88,32.93333333333333,0.5675892233848572,1.1089268669554453
COHFACE_s40_session3_natural,3,89,32.96666666666667,0.4965187907218933,1.0099041559538176
COHFACE_s40_session3_natural,3,90,33.0,0.35985639691352844,0.8601625880414535
COHFACE_s40_session3_natural,3,91,33.03333333333333,0.15585823357105255,0.6705836124815798
COHFACE_s40_session3_natural,3,92,33.06666666666667,-0.05971807241439819,0.4539568608474267
COHFACE_s40_session3_natural,3,93,33.1,-0.25168904662132263,0.22235927604340827
COHFACE_s40_session3_natural,3,94,33.13333333333333,-0.4018380641937256,-0.014949434530530152
COHFACE_s40_session3_natural,3,95,33.166666666666664,-0.5171478986740112,-0.2513428726860981
COHFACE_s40_session3_natural,3,96,33.2,-0.6050728559494019,-0.4806811239852265
COHFACE_s40_session3_natural,3,97,33.233333333333334,-0.6706872582435608,-0.6955348780873544
COHFACE_s40_session3_natural,3,98,33.266666666666666,-0.7374392747879028,-0.8868098097007976
COHFACE_s40_session3_natural,3,99,33.3,-0.813434362411499,-1.0442555248842569
COHFACE_s40_session3_natural,3,100,33.333333333333336,-0.8834644556045532,-1.1573482983007324
COHFACE_s40_session3_natural,3,101,33.36666666666667,-0.9459354877471924,-1.2161952226911972
COHFACE_s40_session3_natural,3,102,33.4,-1.0046194791793823,-1.2124548874438614
COHFACE_s40_session3_natural,3,103,33.43333333333333,-1.07216477394104,-1.1405812082824778
COHFACE_s40_session3_natural,3,104,33.46666666666667,-1.1519619226455688,-0.9993194046209102
COHFACE_s40_session3_natural,3,105,33.5,-1.2118358612060547,-0.7929713250958442
COHFACE_s40_session3_natural,3,106,33.53333333333333,-1.0157485008239746,-0.5319252590357219
COHFACE_s40_session3_natural,3,107,33.56666666666667,-0.2553039491176605,-0.2320252589193136
COHFACE_s40_session3_natural,3,108,33.6,0.6037830710411072,0.08715539670228457
COHFACE_s40_session3_natural,3,109,33.63333333333333,1.0483399629592896,0.4045804196867145
COHFACE_s40_session3_natural,3,110,33.666666666666664,1.1150171756744385,0.6998571587651662
COHFACE_s40_session3_natural,3,111,33.7,1.037996768951416,0.9544734557504084
COHFACE_s40_session3_natural,3,112,33.733333333333334,0.9194012880325317,1.1524436608678321
COHFACE_s40_session3_natural,3,113,33.766666666666666,0.6983540058135986,1.2814944862940654
COHFACE_s40_session3_natural,3,114,33.8,0.4382389485836029,1.3347650408932945
COHFACE_s40_session3_natural,3,115,33.833333333333336,0.320376992225647,1.3118010638597004
COHFACE_s40_session3_natural,3,116,33.86666666666667,0.323565274477005,1.2180992901639809
COHFACE_s40_session3_natural,3,117,33.9,0.3056779205799103,1.063136431025739
COHFACE_s40_session3_natural,3,118,33.93333333333333,0.18954484164714813,0.857771626639591
COHFACE_s40_session3_natural,3,119,33.96666666666667,0.0014656620332971215,0.6126703199520649
COHFACE_s40_session3_natural,3,120,34.0,-0.1961858719587326,0.3382578047996433
COHFACE_s40_session3_natural,3,121,34.03333333333333,-0.3577333688735962,0.045475396037205296
COHFACE_s40_session3_natural,3,122,34.06666666666667,-0.4877273142337799,-0.2534895742883851
COHFACE_s40_session3_natural,3,123,34.1,-0.5832712054252625,-0.5452063805845302
COHFACE_s40_session3_natural,3,124,34.13333333333333,-0.6495367884635925,-0.8156267302511682
COHFACE_s40_session3_natural,3,125,34.166666666666664,-0.7071355581283569,-1.0504593326805596
COHFACE_s40_session3_natural,3,126,34.2,-0.7617481350898743,-1.235256267404795
COHFACE_s40_session3_natural,3,127,34.233333333333334,-0.8128056526184082,-1.3560199566087503
COHFACE_s40_session3_natural,3,128,34.266666666666666,-0.8684510588645935,-1.400718610004811
COHFACE_s40_session3_natural,3,129,34.3,-0.9266186356544495,-1.3615307483243257
COHFACE_s40_session3_natural,3,130,34.333333333333336,-0.9989464282989502,-1.2371125802400114
COHFACE_s40_session3_natural,3,131,34.36666666666667,-1.0898950099945068,-1.0337822854878176
COHFACE_s40_session3_natural,3,132,34.4,-1.0488064289093018,-0.7650798117135926
COHFACE_s40_session3_natural,3,133,34.43333333333333,-0.4460175931453705,-0.44984322138588834
COHFACE_s40_session3_natural,3,134,34.46666666666667,0.5510415434837341,-0.10961793127824974
COHFACE_s40_session3_natural,3,135,34.5,1.2574049234390259,0.2332927287268669
COHFACE_s40_session3_natural,3,136,34.53333333333333,1.509519338607788,0.5569586082255336
COHFACE_s40_session3_natural,3,137,34.56666666666667,1.5227290391921997,0.8410673214800837
COHFACE_s40_session3_natural,3,138,34.6,1.4728165864944458,1.0686817949246508
COHFACE_s40_session3_natural,3,139,34.63333333333333,1.3846372365951538,1.2282013367824574
COHFACE_s40_session3_natural,3,140,34.666666666666664,1.153336524963379,1.3145822448826192
COHFACE_s40_session3_natural,3,141,34.7,0.844229519367218,1.328467636872989
COHFACE_s40_session3_natural,3,142,34.733333333333334,0.6642932295799255,1.2737750119643851
COHFACE_s40_session3_natural,3,143,34.766666666666666,0.5983943939208984,1.1560586079434385
COHFACE_s40_session3_natural,3,144,34.8,0.5192933678627014,0.9824534501510932
COHFACE_s40_session3_natural,3,145,34.833333333333336,0.36363595724105835,0.7623122854368034
COHFACE_s40_session3_natural,3,146,34.86666666666667,0.146764874458313,0.5075712981628406
COHFACE_s40_session3_natural,3,147,34.9,-0.06679068505764008,0.2320838473890517
COHFACE_s40_session3_natural,3,148,34.93333333333333,-0.2347821444272995,-0.04990860450936533
COHFACE_s40_session3_natural,3,149,34.96666666666667,-0.36176738142967224,-0.3251035321060422
COHFACE_s40_session3_natural,3,150,35.0,-0.47650840878486633,-0.5817106158400551
COHFACE_s40_session3_natural,3,151,35.03333333333333,-0.5820213556289673,-0.8093598680030483
COHFACE_s40_session3_natural,3,152,35.06666666666667,-0.6708145141601562,-0.998835349314408
COHFACE_s40_session3_natural,3,153,35.1,-0.748972475528717,-1.142379965747744
COHFACE_s40_session3_natural,3,154,35.13333333333333,-0.8189502358436584,-1.2342736557447656
COHFACE_s40_session3_natural,3,155,35.166666666666664,-0.8860465288162231,-1.2704371131141912
COHFACE_s40_session3_natural,3,156,35.2,-0.9478140473365784,-1.2473064354132668
COHFACE_s40_session3_natural,3,157,35.233333333333334,-1.0152171850204468,-1.1616639135108462
COHFACE_s40_session3_natural,3,158,35.266666666666666,-1.105926275253296,-1.0120317892299464
COHFACE_s40_session3_natural,3,159,35.3,-1.147239327430725,-0.800967870129019
COHFACE_s40_session3_natural,3,160,35.333333333333336,-0.7321703433990479,-0.5370745646670273
COHFACE_s40_session3_natural,3,161,35.36666666666667,0.31539249420166016,-0.2352791622084301
COHFACE_s40_session3_natural,3,162,35.4,1.2831807136535645,0.08491768232510827
COHFACE_s40_session3_natural,3,163,35.43333333333333,1.7721940279006958,0.40231259416780973
COHFACE_s40_session3_natural,3,164,35.46666666666667,1.9242665767669678,0.6967989955282757
COHFACE_s40_session3_natural,3,165,35.5,1.967136263847351,0.9508900566117882
COHFACE_s40_session3_natural,3,166,35.53333333333333,1.9802711009979248,1.15013533131584
COHFACE_s40_session3_natural,3,167,35.56666666666667,1.8999651670455933,1.2838587379080295
COHFACE_s40_session3_natural,3,168,35.6,1.6301430463790894,1.346321076210688
COHFACE_s40_session3_natural,3,169,35.63333333333333,1.2496737241744995,1.3370274027630968
COHFACE_s40_session3_natural,3,170,35.666666666666664,0.9557523131370544,1.259805093272976
COHFACE_s40_session3_natural,3,171,35.7,0.7821027636528015,1.1212992920105773
COHFACE_s40_session3_natural,3,172,35.733333333333334,0.6371179223060608,0.9296039570007414
COHFACE_s40_session3_natural,3,173,35.766666666666666,0.4484773874282837,0.693656118386001
COHFACE_s40_session3_natural,3,174,35.8,0.21020884811878204,0.42339008655036603
COHFACE_s40_session3_natural,3,175,35.833333333333336,-0.018472377210855484,0.1300429821402542
COHFACE_s40_session3_natural,3,176,35.86666666666667,-0.2092234343290329,-0.17382805640432808
COHFACE_s40_session3_natural,3,177,35.9,-0.36132583022117615,-0.47476805580521386
COHFACE_s40_session3_natural,3,178,35.93333333333333,-0.49114760756492615,-0.7589975357615226
COHFACE_s40_session3_natural,3,179,35.96666666666667,-0.611224889755249,-1.0124966860966484
COHFACE_s40_session3_natural,3,180,36.0,-0.719110369682312,-1.2208766998832419
COHFACE_s40_session3_natural,3,181,36.03333333333333,-0.8150584101676941,-1.3701493787633852
COHFACE_s40_session3_natural,3,182,36.06666666666667,-0.9054831266403198,-1.4484632760842873
COHFACE_s40_session3_natural,3,183,36.1,-0.9864103198051453,-1.4477832471915906
COHFACE_s40_session3_natural,3,184,36.13333333333333,-1.0472946166992188,-1.364917424546899
COHFACE_s40_session3_natural,3,185,36.166666666666664,-1.1038756370544434,-1.201844495702369
COHFACE_s40_session3_natural,3,186,36.2,-1.1769442558288574,-0.9655998232368057
COHFACE_s40_session3_natural,3,187,36.233333333333334,-1.2525352239608765,-0.6681845024331622
COHFACE_s40_session3_natural,3,188,36.266666666666666,-1.175073266029358,-0.3265264247852265
COHFACE_s40_session3_natural,3,189,36.3,-0.4997694492340088,0.037925306702860706
COHFACE_s40_session3_natural,3,190,36.333333333333336,0.5623801946640015,0.40050596415122497
COHFACE_s40_session3_natural,3,191,36.36666666666667,1.3056858777999878,0.7360078315378946
COHFACE_s40_session3_natural,3,192,36.4,1.596441388130188,1.0222455221981552
COHFACE_s40_session3_natural,3,193,36.43333333333333,1.6765602827072144,1.2431381258838567
COHFACE_s40_session3_natural,3,194,36.46666666666667,1.710927963256836,1.3900974392639829
COHFACE_s40_session3_natural,3,195,36.5,1.6965806484222412,1.460937851136643
COHFACE_s40_session3_natural,3,196,36.53333333333333,1.543984293937683,1.4572031281295243
COHFACE_s40_session3_natural,3,197,36.56666666666667,1.2087124586105347,1.38225531242921
COHFACE_s40_session3_natural,3,198,36.6,0.8575888872146606,1.2410441151398128
COHFACE_s40_session3_natural,3,199,36.63333333333333,0.6423194408416748,1.0408440146262643
COHFACE_s40_session3_natural,3,200,36.666666666666664,0.5106266140937805,0.791857619699295
COHFACE_s40_session3_natural,3,201,36.7,0.3652450740337372,0.5065174165379543
COHFACE_s40_session3_natural,3,202,36.733333333333334,0.17222627997398376,0.19778970030176835
COHFACE_s40_session3_natural,3,203,36.766666666666666,-0.04257166013121605,-0.12181890293655206
COHFACE_s40_session3_natural,3,204,36.8,-0.23936250805854797,-0.44002197570648705
COHFACE_s40_session3_natural,3,205,36.833333333333336,-0.3963521122932434,-0.7440572279516604
COHFACE_s40_session3_natural,3,206,36.86666666666667,-0.5271468162536621,-1.0202212622918263
COHFACE_s40_session3_natural,3,207,36.9,-0.6402787566184998,-1.2540548222368004
COHFACE_s40_session3_natural,3,208,36.93333333333333,-0.7435988187789917,-1.431106682606722
COHFACE_s40_session3_natural,3,209,36.96666666666667,-0.8389182090759277,-1.537742905629464
COHFACE_s40_session3_natural,3,210,37.0,-0.9342076778411865,-1.562052351959793
COHFACE_s40_session3_natural,3,211,37.03333333333333,-1.0183680057525635,-1.4954395409291796
COHFACE_s40_session3_natural,3,212,37.06666666666667,-1.0936371088027954,-1.3349503899340056
COHFACE_s40_session3_natural,3,213,37.1,-1.1627991199493408,-1.0857420281464574
COHFACE_s40_session3_natural,3,214,37.13333333333333,-1.223683476448059,-0.7626505301083967
COHFACE_s40_session3_natural,3,215,37.166666666666664,-1.2812522649765015,-0.389570380936811
COHFACE_s40_session3_natural,3,216,37.2,-1.3395695686340332,0.0037878026572090093
COHFACE_s40_session3_natural,3,217,37.233333333333334,-1.402541995048523,0.38717964654795206
COHFACE_s40_session3_natural,3,218,37.266666666666666,-1.287973165512085,0.7350963064784921
COHFACE_s40_session3_natural,3,219,37.3,-0.5346161127090454,1.0289268816812187
COHFACE_s40_session3_natural,3,220,37.333333333333336,0.5154913663864136,1.255923349267643
COHFACE_s40_session3_natural,3,221,37.36666666666667,1.1578270196914673,1.4078217595064544
COHFACE_s40_session3_natural,3,222,37.4,1.3689053058624268,1.4804706960576297
COHFACE_s40_session3_natural,3,223,37.43333333333333,1.4190198183059692,1.473954067252962
COHFACE_s40_session3_natural,3,224,37.46666666666667,1.453814148902893,1.3925897753723382
COHFACE_s40_session3_natural,3,225,37.5,1.445559024810791,1.2442851912184556
COHFACE_s40_session3_natural,3,226,37.53333333333333,1.2899913787841797,1.039316974034919
COHFACE_s40_session3_natural,3,227,37.56666666666667,0.9793276786804199,0.7891955524523281
COHFACE_s40_session3_natural,3,228,37.6,0.6966251730918884,0.50606446153153
COHFACE_s40_session3_natural,3,229,37.63333333333333,0.5423747897148132,0.20277338331985134
COHFACE_s40_session3_natural,3,230,37.666666666666664,0.4340253174304962,-0.10686473408791135
COHFACE_s40_session3_natural,3,231,37.7,0.28576233983039856,-0.408604440333929
COHFACE_s40_session3_natural,3,232,37.733333333333334,0.09393355995416641,-0.6890000470387462
COHFACE_s40_session3_natural,3,233,37.766666666666666,-0.10641229897737503,-0.9362092793489525
COHFACE_s40_session3_natural,3,234,37.8,-0.2844026982784271,-1.1399961421579483
COHFACE_s40_session3_natural,3,235,37.833333333333336,-0.43324944376945496,-1.2914133402538002
COHFACE_s40_session3_natural,3,236,37.86666666666667,-0.5600401163101196,-1.3826549011070086
COHFACE_s40_session3_natural,3,237,37.9,-0.6711288094520569,-1.407443926327012
COHFACE_s40_session3_natural,3,238,37.93333333333333,-0.761688232421875,-1.3618786079777272
COHFACE_s40_session3_natural,3,239,37.96666666666667,-0.8377132415771484,-1.2452313181729069
COHFACE_s40_session3_natural,3,240,38.0,-0.9110813140869141,-1.0604819506675134
COHFACE_s40_session3_natural,3,241,38.03333333333333,-0.9857441782951355,-0.8146872342000413
COHFACE_s40_session3_natural,3,242,38.06666666666667,-1.0599430799484253,-0.5192462379870559
COHFACE_s40_session3_natural,3,243,38.1,-1.1273910999298096,-0.1900369925669576
COHFACE_s40_session3_natural,3,244,38.13333333333333,-1.1816743612289429,0.15290501899850634
COHFACE_s40_session3_natural,3,245,38.166666666666664,-1.2367584705352783,0.48671054612010406
COHFACE_s40_session3_natural,3,246,38.2,-1.3023204803466797,0.7882464195479192
COHFACE_s40_session3_natural,3,247,38.233333333333334,-1.3728969097137451,1.0377433806094805
COHFACE_s40_session3_natural,3,248,38.266666666666666,-1.2684242725372314,1.2220671395734002
COHFACE_s40_session3_natural,3,249,38.3,-0.5267576575279236,1.3352914182527762
COHFACE_s40_session3_natural,3,250,38.333333333333336,0.5257447957992554,1.3767596933537345
COHFACE_s40_session3_natural,3,251,38.36666666666667,1.1540625095367432,1.349270667296597
COHFACE_s40_session3_natural,3,252,38.4,1.3303314447402954,1.2584347815090524
COHFACE_s40_session3_natural,3,253,38.43333333333333,1.3363114595413208,1.112410473139116
COHFACE_s40_session3_natural,3,254,38.46666666666667,1.3257585763931274,0.921333612541072
COHFACE_s40_session3_natural,3,255,38.5,1.2876038551330566,0.696095771191123
COHFACE_s40_session3_natural,3,256,38.53333333333333,1.1113423109054565,0.4469802269990727
COHFACE_s40_session3_natural,3,257,38.56666666666667,0.8190599679946899,0.18340207549885984
COHFACE_s40_session3_natural,3,258,38.6,0.5933425426483154,-0.08527406154814268
COHFACE_s40_session3_natural,3,259,38.63333333333333,0.4799037575721741,-0.34912627124907997
COHFACE_s40_session3_natural,3,260,38.666666666666664,0.37901607155799866,-0.5979462166634184
COHFACE_s40_session3_natural,3,261,38.7,0.22996726632118225,-0.8222566143804344
COHFACE_s40_session3_natural,3,262,38.733333333333334,0.03631981089711189,-1.0143464506070525
COHFACE_s40_session3_natural,3,263,38.766666666666666,-0.1668476164340973,-1.1681955701746556
COHFACE_s40_session3_natural,3,264,38.8,-0.34630492329597473,-1.2783280926034526
COHFACE_s40_session3_natural,3,265,38.833333333333336,-0.4896058440208435,-1.3387999753414643
COHFACE_s40_session3_natural,3,266,38.86666666666667,-0.6121379733085632,-1.3430708286710182
COHFACE_s40_session3_natural,3,267,38.9,-0.7124643325805664,-1.2848659017351929
COHFACE_s40_session3_natural,3,268,38.93333333333333,-0.7908468842506409,-1.159764548490848
COHFACE_s40_session3_natural,3,269,38.96666666666667,-0.8571797609329224,-0.9669317997885675
COHFACE_s40_session3_natural,3,270,39.0,-0.9192765951156616,-0.7106070969962583
COHFACE_s40_session3_natural,3,271,39.03333333333333,-0.9899428486824036,-0.40120188592050354
COHFACE_s40_session3_natural,3,272,39.06666666666667,-1.0545543432235718,-0.05577944813072514
COHFACE_s40_session3_natural,3,273,39.1,-1.1067345142364502,0.30237720701423026
COHFACE_s40_session3_natural,3,274,39.13333333333333,-1.1610103845596313,0.6457126588701689
COHFACE_s40_session3_natural,3,275,39.166666666666664,-1.2223886251449585,0.9465673844569609
COHFACE_s40_session3_natural,3,276,39.2,-1.2949559688568115,1.182430569182281
COHFACE_s40_session3_natural,3,277,39.233333333333334,-1.3597620725631714,1.339480795712814
COHFACE_s40_session3_natural,3,278,39.266666666666666,-1.0743203163146973,1.4131749806099043
COHFACE_s40_session3_natural,3,279,39.3,-0.0676438957452774,1.4064488838399134
COHFACE_s40_session3_natural,3,280,39.333333333333336,0.9156741499900818,1.3268561682015383
COHFACE_s40_session3_natural,3,281,39.36666666666667,1.3297851085662842,1.1843966125300451
COHFACE_s40_session3_natural,3,282,39.4,1.3809624910354614,0.9905937416975046
COHFACE_s40_session3_natural,3,283,39.43333333333333,1.337276816368103,0.7581146727560782
COHFACE_s40_session3_natural,3,284,39.46666666666667,1.2850443124771118,0.5003296214065627
COHFACE_s40_session3_natural,3,285,39.5,1.1723090410232544,0.2305211007621245
COHFACE_s40_session3_natural,3,286,39.53333333333333,0.9213846325874329,-0.03899976151919114
COHFACE_s40_session3_natural,3,287,39.56666666666667,0.6579166054725647,-0.29712440454761063
COHFACE_s40_session3_natural,3,288,39.6,0.5178114771842957,-0.5335007875628652
COHFACE_s40_session3_natural,3,289,39.63333333333333,0.44558846950531006,-0.738115804272262
COHFACE_s40_session3_natural,3,290,39.666666666666664,0.33800241351127625,-0.9014567630724801
COHFACE_s40_session3_natural,3,291,39.7,0.16550542414188385,-1.0154967975012175
COHFACE_s40_session3_natural,3,292,39.733333333333334,-0.04534083232283592,-1.0750887424449087
COHFACE_s40_session3_natural,3,293,39.766666666666666,-0.23785816133022308,-1.0787857491052302
COHFACE_s40_session3_natural,3,294,39.8,-0.39055928587913513,-1.0287153595150151
COHFACE_s40_session3_natural,3,295,39.833333333333336,-0.5208151936531067,-0.929826182273945
COHFACE_s40_session3_natural,3,296,39.86666666666667,-0.6265376806259155,-0.7890918386523104
COHFACE_s40_session3_natural,3,297,39.9,-0.7179877161979675,-0.6153639435558935
COHFACE_s40_session3_natural,3,298,39.93333333333333,-0.7996633052825928,-0.4195483963036526
COHFACE_s40_session3_natural,3,299,39.96666666666667,-0.8726497292518616,-0.21387002152161022
COHFACE_s40_session3_natural,4,0,40.0,-0.9393717646598816,-0.12067881178561689
COHFACE_s40_session3_natural,4,1,40.03333333333333,-1.0133610963821411,-0.3216271713901082
COHFACE_s40_session3_natural,4,2,40.06666666666667,-1.0772167444229126,-0.5118461403457074
COHFACE_s40_session3_natural,4,3,40.1,-1.131567358970642,-0.6816703359387651
COHFACE_s40_session3_natural,4,4,40.13333333333333,-1.1813899278640747,-0.8207249783705581
COHFACE_s40_session3_natural,4,5,40.166666666666664,-1.2390785217285156,-0.9186353569483438
COHFACE_s40_session3_natural,4,6,40.2,-1.3138611316680908,-0.9658814899414472
COHFACE_s40_session3_natural,4,7,40.233333333333334,-1.263791561126709,-0.9552721756225745
COHFACE_s40_session3_natural,4,8,40.266666666666666,-0.5465909242630005,-0.8837909423482789
COHFACE_s40_session3_natural,4,9,40.3,0.6296710968017578,-0.7538575401212535
COHFACE_s40_session3_natural,4,10,40.333333333333336,1.338309645652771,-0.5733723875471637
COHFACE_s40_session3_natural,4,11,40.36666666666667,1.5235673189163208,-0.3543818165296214
COHFACE_s40_session3_natural,4,12,40.4,1.492013692855835,-0.11100480453038293
COHFACE_s40_session3_natural,4,13,40.43333333333333,1.4194912910461426,0.14208476129377692
COHFACE_s40_session3_natural,4,14,40.46666666666667,1.3274351358413696,0.3902826020267502
COHFACE_s40_session3_natural,4,15,40.5,1.1135951280593872,0.619449578483057
COHFACE_s40_session3_natural,4,16,40.53333333333333,0.8271055817604065,0.8164564678681516
COHFACE_s40_session3_natural,4,17,40.56666666666667,0.6420275568962097,0.969839301861957
COHFACE_s40_session3_natural,4,18,40.6,0.565792977809906,1.0704910609991047
COHFACE_s40_session3_natural,4,19,40.63333333333333,0.47897571325302124,1.1122849419615546
COHFACE_s40_session3_natural,4,20,40.666666666666664,0.32464301586151123,1.092563588203012
COHFACE_s40_session3_natural,4,21,40.7,0.11175355315208435,1.0124662553090014
COHFACE_s40_session3_natural,4,22,40.733333333333334,-0.11579754948616028,0.8770059573962846
COHFACE_s40_session3_natural,4,23,40.766666666666666,-0.3092504143714905,0.6947630656196798
COHFACE_s40_session3_natural,4,24,40.8,-0.4552456736564636,0.4771745559302477
COHFACE_s40_session3_natural,4,25,40.833333333333336,-0.5828595757484436,0.23752863521538586
COHFACE_s40_session3_natural,4,26,40.86666666666667,-0.697623074054718,-0.0101774895107146
COHFACE_s40_session3_natural,4,27,40.9,-0.7859521508216858,-0.25232166316966703
COHFACE_s40_session3_natural,4,28,40.93333333333333,-0.8598740696907043,-0.47648413515298893
COHFACE_s40_session3_natural,4,29,40.96666666666667,-0.9359290599822998,-0.6718392018112018
COHFACE_s40_session3_natural,4,30,41.0,-1.0129045248031616,-0.8293868972403602
COHFACE_s40_session3_natural,4,31,41.03333333333333,-1.090995192527771,-0.942654952753913
COHFACE_s40_session3_natural,4,32,41.06666666666667,-1.154873251914978,-1.008565672321571
COHFACE_s40_session3_natural,4,33,41.1,-1.2026976346969604,-1.0272996973767072
COHFACE_s40_session3_natural,4,34,41.13333333333333,-1.2607529163360596,-1.0010607338518809
COHFACE_s40_session3_natural,4,35,41.166666666666664,-1.3349891901016235,-0.9327597831121892
COHFACE_s40_session3_natural,4,36,41.2,-1.31181800365448,-0.8253592510398664
COHFACE_s40_session3_natural,4,37,41.233333333333334,-0.6615714430809021,-0.6821605893686334
COHFACE_s40_session3_natural,4,38,41.266666666666666,0.48494815826416016,-0.5076352565581183
COHFACE_s40_session3_natural,4,39,41.3,1.1710517406463623,-0.30783009930034094
COHFACE_s40_session3_natural,4,40,41.333333333333336,1.3077365159988403,-0.09009447182752085
COHFACE_s40_session3_natural,4,41,41.36666666666667,1.2250056266784668,0.13734922705836866
COHFACE_s40_session3_natural,4,42,41.4,1.1045690774917603,0.3655086676209057
COHFACE_s40_session3_natural,4,43,41.43333333333333,0.961590051651001,0.5840997121325149
COHFACE_s40_session3_natural,4,44,41.46666666666667,0.719130277633667,0.78093200588063
COHFACE_s40_session3_natural,4,45,41.5,0.4956955313682556,0.9424256953845224
COHFACE_s40_session3_natural,4,46,41.53333333333333,0.4262416958808899,1.0555191419488292
COHFACE_s40_session3_natural,4,47,41.56666666666667,0.4315854609012604,1.1101619002407526
COHFACE_s40_session3_natural,4,48,41.6,0.37395673990249634,1.1013618992471839
COHFACE_s40_session3_natural,4,49,41.63333333333333,0.22398735582828522,1.0297533941664065
COHFACE_s40_session3_natural,4,50,41.666666666666664,0.021568354219198227,0.9006539082700374
COHFACE_s40_session3_natural,4,51,41.7,-0.17177973687648773,0.7225655873341448
COHFACE_s40_session3_natural,4,52,41.733333333333334,-0.3281930387020111,0.505776799241095
COHFACE_s40_session3_natural,4,53,41.766666666666666,-0.44681841135025024,0.26127848562215683
COHFACE_s40_session3_natural,4,54,41.8,-0.5383657217025757,8.250006263561989e-05
COHFACE_s40_session3_natural,4,55,41.833333333333336,-0.6077073216438293,-0.26707785470527523
COHFACE_s40_session3_natural,4,56,41.86666666666667,-0.6647896766662598,-0.5295400876263209
COHFACE_s40_session3_natural,4,57,41.9,-0.719626784324646,-0.7757657556905113
COHFACE_s40_session3_natural,4,58,41.93333333333333,-0.7718817591667175,-0.9922418078336771
COHFACE_s40_session3_natural,4,59,41.96666666666667,-0.8317557573318481,-1.1635049663022754
COHFACE_s40_session3_natural,4,60,42.0,-0.8959257006645203,-1.2737513871236439
COHFACE_s40_session3_natural,4,61,42.03333333333333,-0.9819347262382507,-1.309541757491631
COHFACE_s40_session3_natural,4,62,42.06666666666667,-1.0484098196029663,-1.262705231284274
COHFACE_s40_session3_natural,4,63,42.1,-0.7900609970092773,-1.1323092099739536
COHFACE_s40_session3_natural,4,64,42.13333333333333,0.16861139237880707,-0.9251801194561127
COHFACE_s40_session3_natural,4,65,42.166666666666664,1.1402390003204346,-0.655152291541172
COHFACE_s40_session3_natural,4,66,42.2,1.5714739561080933,-0.3414692558146783
COHFACE_s40_session3_natural,4,67,42.233333333333334,1.6418184041976929,-0.006900474644422566
COHFACE_s40_session3_natural,4,68,42.266666666666666,1.596321702003479,0.3242934818014944
COHFACE_s40_session3_natural,4,69,42.3,1.5295097827911377,0.6288077571069322
COHFACE_s40_session3_natural,4,70,42.333333333333336,1.3901755809783936,0.8869088568102098
COHFACE_s40_session3_natural,4,71,42.36666666666667,1.1195825338363647,1.0844477684147014
COHFACE_s40_session3_natural,4,72,42.4,0.8725873231887817,1.2136974900845074
COHFACE_s40_session3_natural,4,73,42.43333333333333,0.7603984475135803,1.2727447275273436
COHFACE_s40_session3_natural,4,74,42.46666666666667,0.6936613917350769,1.263861780117019
COHFACE_s40_session3_natural,4,75,42.5,0.5760763883590698,1.1918808380816708
COHFACE_s40_session3_natural,4,76,42.53333333333333,0.3846966326236725,1.0631669516994984
COHFACE_s40_session3_natural,4,77,42.56666666666667,0.151749387383461,0.8852468338146815
COHFACE_s40_session3_natural,4,78,42.6,-0.050085846334695816,0.666749855680565
COHFACE_s40_session3_natural,4,79,42.63333333333333,-0.19986063241958618,0.41704464641199335
COHFACE_s40_session3_natural,4,80,42.666666666666664,-0.31548479199409485,0.14579925205465272
COHFACE_s40_session3_natural,4,81,42.7,-0.41114845871925354,-0.13652947566918247
COHFACE_s40_session3_natural,4,82,42.733333333333334,-0.4984297752380371,-0.41747241845007693
COHFACE_s40_session3_natural,4,83,42.766666666666666,-0.5801652669906616,-0.6819597956820829
COHFACE_s40_session3_natural,4,84,42.8,-0.65235835313797,-0.9131507641615048
COHFACE_s40_session3_natural,4,85,42.833333333333336,-0.7201581597328186,-1.0946620594221343
COHFACE_s40_session3_natural,4,86,42.86666666666667,-0.7874415516853333,-1.2133645506914672
COHFACE_s40_session3_natural,4,87,42.9,-0.8569028377532959,-1.2612790138542174
COHFACE_s40_session3_natural,4,88,42.93333333333333,-0.9494605660438538,-1.235968992381038
COHFACE_s40_session3_natural,4,89,42.96666666666667,-1.0068422555923462,-1.1398074385200607
COHFACE_s40_session3_natural,4,90,43.0,-0.623573899269104,-0.978939180656738
COHFACE_s40_session3_natural,4,91,43.03333333333333,0.41242578625679016,-0.762974629685299
COHFACE_s40_session3_natural,4,92,43.06666666666667,1.3564515113830566,-0.5052446033096432
COHFACE_s40_session3_natural,4,93,43.1,1.8069134950637817,-0.22230730120154307
COHFACE_s40_session3_natural,4,94,43.13333333333333,1.9509254693984985,0.06769704318638217
COHFACE_s40_session3_natural,4,95,43.166666666666664,1.9962126016616821,0.347197024022505
COHFACE_s40_session3_natural,4,96,43.2,2.008090019226074,0.6010124351483817
COHFACE_s40_session3_natural,4,97,43.233333333333334,1.933898687362671,0.8170092565664367
COHFACE_s40_session3_natural,4,98,43.266666666666666,1.6679010391235352,0.9857772026573203
COHFACE_s40_session3_natural,4,99,43.3,1.3030738830566406,1.100466190944285
COHFACE_s40_session3_natural,4,100,43.333333333333336,1.0453013181686401,1.1572011188749556
COHFACE_s40_session3_natural,4,101,43.36666666666667,0.9014540910720825,1.1556559111980382
COHFACE_s40_session3_natural,4,102,43.4,0.7640283107757568,1.099132689310099
COHFACE_s40_session3_natural,4,103,43.43333333333333,0.5735017657279968,0.993447963671513
COHFACE_s40_session3_natural,4,104,43.46666666666667,0.34281477332115173,0.8451403523273924
COHFACE_s40_session3_natural,4,105,43.5,0.11994880437850952,0.660611457420049
COHFACE_s40_session3_natural,4,106,43.53333333333333,-0.05861040577292442,0.44661070301458705
COHFACE_s40_session3_natural,4,107,43.56666666666667,-0.20464307069778442,0.21117617552390766
COHFACE_s40_session3_natural,4,108,43.6,-0.3302063047885895,-0.03580682822003054
COHFACE_s40_session3_natural,4,109,43.63333333333333,-0.43839114904403687,-0.28299643126265217
COHFACE_s40_session3_natural,4,110,43.666666666666664,-0.5251185894012451,-0.5187399686224525
COHFACE_s40_session3_natural,4,111,43.7,-0.6026479601860046,-0.7320738582370591
COHFACE_s40_session3_natural,4,112,43.733333333333334,-0.6740177273750305,-0.9131178148516943
COHFACE_s40_session3_natural,4,113,43.766666666666666,-0.7329112887382507,-1.0529560890564444
COHFACE_s40_session3_natural,4,114,43.8,-0.7882423400878906,-1.1435029882506749
COHFACE_s40_session3_natural,4,115,43.833333333333336,-0.8555856347084045,-1.1781051295275051
COHFACE_s40_session3_natural,4,116,43.86666666666667,-0.9412727952003479,-1.1527710519533982
COHFACE_s40_session3_natural,4,117,43.9,-1.027633547782898,-1.0670698423548917
COHFACE_s40_session3_natural,4,118,43.93333333333333,-0.8927149772644043,-0.9242517120233603
COHFACE_s40_session3_natural,4,119,43.96666666666667,-0.10561896860599518,-0.730760196697103
COHFACE_s40_session3_natural,4,120,44.0,0.9391372799873352,-0.49563957845187495
COHFACE_s40_session3_natural,4,121,44.03333333333333,1.5933953523635864,-0.2305299074495642
COHFACE_s40_session3_natural,4,122,44.06666666666667,1.8353910446166992,0.050043925156344746
COHFACE_s40_session3_natural,4,123,44.1,1.8933789730072021,0.32927995781857694
COHFACE_s40_session3_natural,4,124,44.13333333333333,1.9077337980270386,0.5898509155924178
COHFACE_s40_session3_natural,4,125,44.166666666666664,1.8610844612121582,0.8160035107068816
COHFACE_s40_session3_natural,4,126,44.2,1.6335558891296387,0.9952473083941737
COHFACE_s40_session3_natural,4,127,44.233333333333334,1.2705398797988892,1.119071556362429
COHFACE_s40_session3_natural,4,128,44.266666666666666,0.9808844327926636,1.1827400009955176
COHFACE_s40_session3_natural,4,129,44.3,0.8234158158302307,1.1847831351885676
COHFACE_s40_session3_natural,4,130,44.333333333333336,0.6903234124183655,1.126591308094363
COHFACE_s40_session3_natural,4,131,44.36666666666667,0.5053876042366028,1.0121944049467213
COHFACE_s40_session3_natural,4,132,44.4,0.2774997353553772,0.8481289460146556
COHFACE_s40_session3_natural,4,133,44.43333333333333,0.05500797927379608,0.6431521930191444
COHFACE_s40_session3_natural,4,134,44.46666666666667,-0.13671602308750153,0.4076226442253379
COHFACE_s40_session3_natural,4,135,44.5,-0.3033977448940277,0.15249509100362338
COHFACE_s40_session3_natural,4,136,44.53333333333333,-0.4499468207359314,-0.11169717690212608
COHFACE_s40_session3_natural,4,137,44.56666666666667,-0.5826650261878967,-0.3751562471365419
COHFACE_s40_session3_natural,4,138,44.6,-0.697959840297699,-0.6284327212481603
COHFACE_s40_session3_natural,4,139,44.63333333333333,-0.7963103652000427,-0.8620532637013215
COHFACE_s40_session3_natural,4,140,44.666666666666664,-0.884100615978241,-1.0662178101343431
COHFACE_s40_session3_natural,4,141,44.7,-0.9627001881599426,-1.2299743058081223
COHFACE_s40_session3_natural,4,142,44.733333333333334,-1.0252610445022583,-1.340300437132719
COHFACE_s40_session3_natural,4,143,44.766666666666666,-1.0750612020492554,-1.3824581372963307
COHFACE_s40_session3_natural,4,144,44.8,-1.137113094329834,-1.3423539833568425
COHFACE_s40_session3_natural,4,145,44.833333333333336,-1.2296109199523926,-1.2107575903669718
COHFACE_s40_session3_natural,4,146,44.86666666666667,-1.32722806930542,-0.9880214439872381
COHFACE_s40_session3_natural,4,147,44.9,-1.2425063848495483,-0.6869751839411439
COHFACE_s40_session3_natural,4,148,44.93333333333333,-0.5410226583480835,-0.33234678171104237
COHFACE_s40_session3_natural,4,149,44.96666666666667,0.5049759745597839,0.04386582270618314
COHFACE_s40_session3_natural,4,150,45.0,1.1994768381118774,0.40944580120107577
COHFACE_s40_session3_natural,4,151,45.03333333333333,1.4414501190185547,0.7379185494475138
COHFACE_s40_session3_natural,4,152,45.06666666666667,1.4772323369979858,1.0113514399572592
COHFACE_s40_session3_natural,4,153,45.1,1.4754436016082764,1.2197641720535033
COHFACE_s40_session3_natural,4,154,45.13333333333333,1.4254786968231201,1.3583784643921943
COHFACE_s40_session3_natural,4,155,45.166666666666664,1.1968200206756592,1.4250358379228591
COHFACE_s40_session3_natural,4,156,45.2,0.8467217683792114,1.419068759172954
COHFACE_s40_session3_natural,4,157,45.233333333333334,0.6032816171646118,1.3415859820373048
COHFACE_s40_session3_natural,4,158,45.266666666666666,0.4916166067123413,1.1964888597098575
COHFACE_s40_session3_natural,4,159,45.3,0.3802659511566162,0.9911046260671329
COHFACE_s40_session3_natural,4,160,45.333333333333336,0.20714031159877777,0.7359846964725941
COHFACE_s40_session3_natural,4,161,45.36666666666667,-0.01325585599988699,0.44418849134534194
COHFACE_s40_session3_natural,4,162,45.4,-0.22458858788013458,0.130380185078755
COHFACE_s40_session3_natural,4,163,45.43333333333333,-0.40067800879478455,-0.19000988099810925
COHFACE_s40_session3_natural,4,164,45.46666666666667,-0.549187958240509,-0.5014056315595437
COHFACE_s40_session3_natural,4,165,45.5,-0.6645501852035522,-0.7884537472735431
COHFACE_s40_session3_natural,4,166,45.53333333333333,-0.7567785978317261,-1.0362255368931355
COHFACE_s40_session3_natural,4,167,45.56666666666667,-0.8391501903533936,-1.2304258248118503
COHFACE_s40_session3_natural,4,168,45.6,-0.9105648994445801,-1.3580257757173035
COHFACE_s40_session3_natural,4,169,45.63333333333333,-0.9840153455734253,-1.4088461202987195
COHFACE_s40_session3_natural,4,170,45.666666666666664,-1.0618140697479248,-1.3776993203720547
COHFACE_s40_session3_natural,4,171,45.7,-1.1326899528503418,-1.2658398855535231
COHFACE_s40_session3_natural,4,172,45.733333333333334,-1.1929081678390503,-1.0810834950066246
COHFACE_s40_session3_natural,4,173,45.766666666666666,-1.2629233598709106,-0.8367067203719382
COHFACE_s40_session3_natural,4,174,45.8,-1.3444867134094238,-0.5496253514558374
COHFACE_s40_session3_natural,4,175,45.833333333333336,-1.4275693893432617,-0.23861981722901973
COHFACE_s40_session3_natural,4,176,45.86666666666667,-1.3165929317474365,0.07710992747183024
COHFACE_s40_session3_natural,4,177,45.9,-0.5432604551315308,0.37928035290548257
COHFACE_s40_session3_natural,4,178,45.93333333333333,0.5160452127456665,0.6517925570990292
COHFACE_s40_session3_natural,4,179,45.96666666666667,1.1309211254119873,0.8817301341932717
COHFACE_s40_session3_natural,4,180,46.0,1.273795485496521,1.0598514045983023
COHFACE_s40_session3_natural,4,181,46.03333333333333,1.221869707107544,1.1803504430504994
COHFACE_s40_session3_natural,4,182,46.06666666666667,1.1472667455673218,1.2401677943863156
COHFACE_s40_session3_natural,4,183,46.1,1.006854772567749,1.23856726389883
COHFACE_s40_session3_natural,4,184,46.13333333333333,0.7165557146072388,1.1771605980821727
COHFACE_s40_session3_natural,4,185,46.166666666666664,0.4544573128223419,1.059992152607586
COHFACE_s40_session3_natural,4,186,46.2,0.3655593991279602,0.8934041821506506
COHFACE_s40_session3_natural,4,187,46.233333333333334,0.3403823971748352,0.6855981481006951
COHFACE_s40_session3_natural,4,188,46.266666666666666,0.24567671120166779,0.44602103788306624
COHFACE_s40_session3_natural,4,189,46.3,0.05858545005321503,0.18489287591194536
COHFACE_s40_session3_natural,4,190,46.333333333333336,-0.16486428678035736,-0.08692722969230557
COHFACE_s40_session3_natural,4,191,46.36666666666667,-0.357666015625,-0.357708368674052
COHFACE_s40_session3_natural,4,192,46.4,-0.499006062746048,-0.6146269598374225
COHFACE_s40_session3_natural,4,193,46.43333333333333,-0.5985316038131714,-0.8442406284013875
COHFACE_s40_session3_natural,4,194,46.46666666666667,-0.6750655174255371,-1.0335981884234717
COHFACE_s40_session3_natural,4,195,46.5,-0.7359499335289001,-1.1711934300545603
COHFACE_s40_session3_natural,4,196,46.53333333333333,-0.797844648361206,-1.2476594385700308
COHFACE_s40_session3_natural,4,197,46.56666666666667,-0.8677475452423096,-1.256785754631228
COHFACE_s40_session3_natural,4,198,46.6,-0.9378225803375244,-1.1968031299551427
COHFACE_s40_session3_natural,4,199,46.63333333333333,-1.0080771446228027,-1.071215748722246
COHFACE_s40_session3_natural,4,200,46.666666666666664,-1.0832939147949219,-0.888620261515671
COHFACE_s40_session3_natural,4,201,46.7,-1.1741377115249634,-0.6612546161779521
COHFACE_s40_session3_natural,4,202,46.733333333333334,-1.2805038690567017,-0.4029037798860333
COHFACE_s40_session3_natural,4,203,46.766666666666666,-1.3506238460540771,-0.1275338650611531
COHFACE_s40_session3_natural,4,204,46.8,-1.0356491804122925,0.15102374611491057
COHFACE_s40_session3_natural,4,205,46.833333333333336,-0.025395307689905167,0.4191146309129081
COHFACE_s40_session3_natural,4,206,46.86666666666667,0.9529008269309998,0.6635109655347751
COHFACE_s40_session3_natural,4,207,46.9,1.375573754310608,0.8719068475522199
COHFACE_s40_session3_natural,4,208,46.93333333333333,1.4243711233139038,1.0337159381362793
COHFACE_s40_session3_natural,4,209,46.96666666666667,1.3629777431488037,1.1412149232168258
COHFACE_s40_session3_natural,4,210,47.0,1.2862567901611328,1.1905495899886451
COHFACE_s40_session3_natural,4,211,47.03333333333333,1.116805911064148,1.1817034728292906
COHFACE_s40_session3_natural,4,212,47.06666666666667,0.8009480834007263,1.117498319902436
COHFACE_s40_session3_natural,4,213,47.1,0.5363799333572388,1.0026469737421355
COHFACE_s40_session3_natural,4,214,47.13333333333333,0.4318324327468872,0.8432652016217599
COHFACE_s40_session3_natural,4,215,47.166666666666664,0.36988529562950134,0.6465475947082479
COHFACE_s40_session3_natural,4,216,47.2,0.24204684793949127,0.4204476472592637
COHFACE_s40_session3_natural,4,217,47.233333333333334,0.0306692011654377,0.17340233259080218
COHFACE_s40_session3_natural,4,218,47.266666666666666,-0.21890804171562195,-0.08570900554985203
COHFACE_s40_session3_natural,4,219,47.3,-0.42933520674705505,-0.3470888707767555
COHFACE_s40_session3_natural,4,220,47.333333333333336,-0.5784064531326294,-0.5993625307625476
COHFACE_s40_session3_natural,4,221,47.36666666666667,-0.6946892142295837,-0.8296090792834565
COHFACE_s40_session3_natural,4,222,47.4,-0.7829434871673584,-1.024397655383601
COHFACE_s40_session3_natural,4,223,47.43333333333333,-0.8530634045600891,-1.171490062242946
COHFACE_s40_session3_natural,4,224,47.46666666666667,-0.9272173643112183,-1.261390157861745
COHFACE_s40_session3_natural,4,225,47.5,-1.0104347467422485,-1.2876355666447585
COHFACE_s40_session3_natural,4,226,47.53333333333333,-1.0949543714523315,-1.2460607324574433
COHFACE_s40_session3_natural,4,227,47.56666666666667,-1.1725435256958008,-1.1345131727941633
COHFACE_s40_session3_natural,4,228,47.6,-1.2374993562698364,-0.9537586203640256
COHFACE_s40_session3_natural,4,229,47.63333333333333,-1.2984435558319092,-0.709339931533204
COHFACE_s40_session3_natural,4,230,47.666666666666664,-1.3797075748443604,-0.41338492433821633
COHFACE_s40_session3_natural,4,231,47.7,-1.4527313709259033,-0.08482209817500772
COHFACE_s40_session3_natural,4,232,47.733333333333334,-1.126051425933838,0.25253026204326356
COHFACE_s40_session3_natural,4,233,47.766666666666666,0.04583229124546051,0.5733769302356664
COHFACE_s40_session3_natural,4,234,47.8,1.1865665912628174,0.8547304927271578
COHFACE_s40_session3_natural,4,235,47.833333333333336,1.7006970643997192,1.0786506532478053
COHFACE_s40_session3_natural,4,236,47.86666666666667,1.8396196365356445,1.23339659163374
COHFACE_s40_session3_natural,4,237,47.9,1.8538172245025635,1.313383729555981
COHFACE_s40_session3_natural,4,238,47.93333333333333,1.8288049697875977,1.318450976411422
COHFACE_s40_session3_natural,4,239,47.96666666666667,1.7444274425506592,1.2529060590934227
COHFACE_s40_session3_natural,4,240,48.0,1.4956285953521729,1.1245059118637093
COHFACE_s40_session3_natural,4,241,48.03333333333333,1.1146129369735718,0.9432188735918483
COHFACE_s40_session3_natural,4,242,48.06666666666667,0.812159538269043,0.7200355751803186
COHFACE_s40_session3_natural,4,243,48.1,0.6491600275039673,0.46648447695248396
COHFACE_s40_session3_natural,4,244,48.13333333333333,0.5291650891304016,0.19483985380633706
COHFACE_s40_session3_natural,4,245,48.166666666666664,0.34616023302078247,-0.08164136666211143
COHFACE_s40_session3_natural,4,246,48.2,0.09228702634572983,-0.3490641975067795
COHFACE_s40_session3_natural,4,247,48.233333333333334,-0.17088910937309265,-0.5942014165674974
COHFACE_s40_session3_natural,4,248,48.266666666666666,-0.39201125502586365,-0.8061985429945733
COHFACE_s40_session3_natural,4,249,48.3,-0.5595836043357849,-0.977305229983385
COHFACE_s40_session3_natural,4,250,48.333333333333336,-0.6968821287155151,-1.1022643977654585
COHFACE_s40_session3_natural,4,251,48.36666666666667,-0.8240170478820801,-1.1770889898732462
COHFACE_s40_session3_natural,4,252,48.4,-0.932793140411377,-1.1980929949391992
COHFACE_s40_session3_natural,4,253,48.43333333333333,-1.0315852165222168,-1.1619629051652696
COHFACE_s40_session3_natural,4,254,48.46666666666667,-1.126971960067749,-1.06684775814453
COHFACE_s40_session3_natural,4,255,48.5,-1.2317065000534058,-0.9136458547110522
COHFACE_s40_session3_natural,4,256,48.53333333333333,-1.3301094770431519,-0.7069715319991787
COHFACE_s40_session3_natural,4,257,48.56666666666667,-1.4019956588745117,-0.4556950010631814
COHFACE_s40_session3_natural,4,258,48.6,-1.453629493713379,-0.17305592848649376
COHFACE_s40_session3_natural,4,259,48.63333333333333,-1.5197079181671143,0.12357664416474122
COHFACE_s40_session3_natural,4,260,48.666666666666664,-1.5834288597106934,0.4136755892808618
COHFACE_s40_session3_natural,4,261,48.7,-1.3554211854934692,0.6759614937592267
COHFACE_s40_session3_natural,4,262,48.733333333333334,-0.24086683988571167,0.8918452561092355
COHFACE_s40_session3_natural,4,263,48.766666666666666,1.000253677368164,1.0484324399897804
COHFACE_s40_session3_natural,4,264,48.8,1.569790005683899,1.1399621066465644
COHFACE_s40_session3_natural,4,265,48.833333333333336,1.7285383939743042,1.167133441850397
COHFACE_s40_session3_natural,4,266,48.86666666666667,1.763078212738037,1.134802291020928
COHFACE_s40_session3_natural,4,267,48.9,1.752869725227356,1.0494407761112796
COHFACE_s40_session3_natural,4,268,48.93333333333333,1.697905421257019,0.9175305067734646
COHFACE_s40_session3_natural,4,269,48.96666666666667,1.4974397420883179,0.7455794725261852
COHFACE_s40_session3_natural,4,270,49.0,1.1329045295715332,0.5411752622651276
COHFACE_s40_session3_natural,4,271,49.03333333333333,0.8043160438537598,0.31339757391082956
COHFACE_s40_session3_natural,4,272,49.06666666666667,0.6190733909606934,0.07215617731641868
COHFACE_s40_session3_natural,4,273,49.1,0.4956281781196594,-0.1726227685730973
COHFACE_s40_session3_natural,4,274,49.13333333333333,0.3272700011730194,-0.41139396466610034
COHFACE_s40_session3_natural,4,275,49.166666666666664,0.10292214155197144,-0.6349164830966256
COHFACE_s40_session3_natural,4,276,49.2,-0.14117664098739624,-0.8339416079895599
COHFACE_s40_session3_natural,4,277,49.233333333333334,-0.3583321273326874,-0.9991323082584469
COHFACE_s40_session3_natural,4,278,49.266666666666666,-0.5341296195983887,-1.121288958023877
COHFACE_s40_session3_natural,4,279,49.3,-0.6816366910934448,-1.1915531487511595
COHFACE_s40_session3_natural,4,280,49.333333333333336,-0.8083600401878357,-1.2017054413894364
COHFACE_s40_session3_natural,4,281,49.36666666666667,-0.9111860990524292,-1.1450784409527832
COHFACE_s40_session3_natural,4,282,49.4,-1.001745581626892,-1.0183593108044753
COHFACE_s40_session3_natural,4,283,49.43333333333333,-1.092469573020935,-0.8241762052819457
COHFACE_s40_session3_natural,4,284,49.46666666666667,-1.1782466173171997,-0.5734017372028681
COHFACE_s40_session3_natural,4,285,49.5,-1.252812147140503,-0.2853629624914506
COHFACE_s40_session3_natural,4,286,49.53333333333333,-1.3204174041748047,0.01491705474552922
COHFACE_s40_session3_natural,4,287,49.56666666666667,-1.3787271976470947,0.3021164333599349
COHFACE_s40_session3_natural,4,288,49.6,-1.4285722970962524,0.5563227226994263
COHFACE_s40_session3_natural,4,289,49.63333333333333,-1.4840679168701172,0.7652371285725759
COHFACE_s40_session3_natural,4,290,49.666666666666664,-1.5420783758163452,0.9224771361893787
COHFACE_s40_session3_natural,4,291,49.7,-1.2990199327468872,1.0250321924891923
COHFACE_s40_session3_natural,4,292,49.733333333333334,-0.18025939166545868,1.071759572211295
COHFACE_s40_session3_natural,4,293,49.766666666666666,1.0120264291763306,1.0631560682971422
COHFACE_s40_session3_natural,4,294,49.8,1.5174751281738281,1.0019357923918315
COHFACE_s40_session3_natural,4,295,49.833333333333336,1.622336983680725,0.8934099208200719
COHFACE_s40_session3_natural,4,296,49.86666666666667,1.6199569702148438,0.7453065200659924
COHFACE_s40_session3_natural,4,297,49.9,1.5794222354888916,0.5674053256053841
COHFACE_s40_session3_natural,4,298,49.93333333333333,1.4978514909744263,0.37101232547174895
COHFACE_s40_session3_natural,4,299,49.96666666666667,1.278009057044983,0.16795000651280853
