recording_id,measurement_id,sample_index,time_seconds,gt_signal,predicted_signal
COHFACE_s28_session0_lamp,0,0,0.0,0.11361729802216947,-0.00242706117833158
COHFACE_s28_session0_lamp,0,1,0.03333333333333333,6.702599445513565,-1.0720011737979047
COHFACE_s28_session0_lamp,0,2,0.06666666666666667,12.348349233911332,-2.0886804655752487
COHFACE_s28_session0_lamp,0,3,0.1,15.846085916106848,-2.810174349820205
COHFACE_s28_session0_lamp,0,4,0.13333333333333333,17.018682815968535,-3.1267303193625993
COHFACE_s28_session0_lamp,0,5,0.16666666666666666,16.5708985389096,-3.0590974758669174
COHFACE_s28_session0_lamp,0,6,0.2,15.081570047735141,-2.703599486043942
COHFACE_s28_session0_lamp,0,7,0.23333333333333334,12.94441406604569,-2.2297758752754793
COHFACE_s28_session0_lamp,0,8,0.26666666666666666,10.509745250343112,-1.7424893156403276
COHFACE_s28_session0_lamp,0,9,0.3,8.043272617466148,-1.2822200077522947
COHFACE_s28_session0_lamp,0,10,0.3333333333333333,5.72146722928666,-0.852561538408592
COHFACE_s28_session0_lamp,0,11,0.36666666666666664,3.6600510906491,-0.42334124418624436
COHFACE_s28_session0_lamp,0,12,0.4,1.9267538404531592,-0.015255364172151412
COHFACE_s28_session0_lamp,0,13,0.43333333333333335,0.5514213667646678,0.29771313064856453
COHFACE_s28_session0_lamp,0,14,0.4666666666666667,-0.465357935758961,0.4815540153003937
COHFACE_s28_session0_lamp,0,15,0.5,-1.1430819083130834,0.5410156237882693
COHFACE_s28_session0_lamp,0,16,0.5333333333333333,-1.5101288828995374,0.5083386111098918
COHFACE_s28_session0_lamp,0,17,0.5666666666666667,-1.6047448209475141,0.4419393549600052
COHFACE_s28_session0_lamp,0,18,0.6,-1.492219274501514,0.3602475447935893
COHFACE_s28_session0_lamp,0,19,0.6333333333333333,-1.2639857191737596,0.24168168976568727
COHFACE_s28_session0_lamp,0,20,0.6666666666666666,-1.0016360413372094,0.09239285325373052
COHFACE_s28_session0_lamp,0,21,0.7,-0.7519780530057933,-0.05303845301712538
COHFACE_s28_session0_lamp,0,22,0.7333333333333333,-0.5360151402420498,-0.156938480299052
COHFACE_s28_session0_lamp,0,23,0.7666666666666667,-0.3642118483317649,-0.17856510169249787
COHFACE_s28_session0_lamp,0,24,0.8,-0.23924663742589697,-0.12727521740956477
COHFACE_s28_session0_lamp,0,25,0.8333333333333334,-0.15325491113173956,-0.06208901247046205
COHFACE_s28_session0_lamp,0,26,0.8666666666666667,-0.09345028675936418,-0.014720457131117911
COHFACE_s28_session0_lamp,0,27,0.9,-0.052624543208417696,0.010871896274031744
COHFACE_s28_session0_lamp,0,28,0.9333333333333333,-0.031587710985213555,0.02491994852640678
COHFACE_s28_session0_lamp,0,29,0.9666666666666667,-0.032269887612184904,0.05136067121332541
COHFACE_s28_session0_lamp,0,30,1.0,-0.05151346801946251,0.0791209609538788
COHFACE_s28_session0_lamp,0,31,1.0333333333333334,-0.08195325215370097,0.0622288867088092
COHFACE_s28_session0_lamp,0,32,1.0666666666666667,-0.11804589490071818,-0.008926072528282897
COHFACE_s28_session0_lamp,0,33,1.1,-0.15856521010848856,-0.10722545923021551
COHFACE_s28_session0_lamp,0,34,1.1333333333333333,-0.20262579407209919,-0.21601268468654564
COHFACE_s28_session0_lamp,0,35,1.1666666666666667,-0.24827415998821245,-0.3289117378278122
COHFACE_s28_session0_lamp,0,36,1.2,-0.29459545506383317,-0.4383863751087942
COHFACE_s28_session0_lamp,0,37,1.2333333333333334,-0.34211818858658005,-0.5352046603078107
COHFACE_s28_session0_lamp,0,38,1.2666666666666666,-0.39007074834614774,-0.5985039104874377
COHFACE_s28_session0_lamp,0,39,1.3,-0.43301865553051766,-0.5957666369262715
COHFACE_s28_session0_lamp,0,40,1.3333333333333333,-0.4618668411551165,-0.5163471726328812
COHFACE_s28_session0_lamp,0,41,1.3666666666666667,-0.4667260135107678,-0.3718761694886324
COHFACE_s28_session0_lamp,0,42,1.4,-0.436774384032547,-0.18312221648076843
COHFACE_s28_session0_lamp,0,43,1.4333333333333333,-0.35965193975481224,0.019488360849857903
COHFACE_s28_session0_lamp,0,44,1.4666666666666666,-0.22436681091560837,0.21871445376574133
COHFACE_s28_session0_lamp,0,45,1.5,-0.03398714180202297,0.4094640291624593
COHFACE_s28_session0_lamp,0,46,1.5333333333333334,0.17846999268000488,0.578801644326318
COHFACE_s28_session0_lamp,0,47,1.5666666666666667,0.36241522224566125,0.7048825145645123
COHFACE_s28_session0_lamp,0,48,1.6,0.48585671413388776,0.7886636189573168
COHFACE_s28_session0_lamp,0,49,1.6333333333333333,0.5463478896561744,0.8529170080429693
COHFACE_s28_session0_lamp,0,50,1.6666666666666667,0.5523281536555595,0.8830405845233703
COHFACE_s28_session0_lamp,0,51,1.7,0.5130921376739301,0.826983391136571
COHFACE_s28_session0_lamp,0,52,1.7333333333333334,0.4436523937837933,0.6798703247262432
COHFACE_s28_session0_lamp,0,53,1.7666666666666666,0.36368968225762655,0.48453138862260686
COHFACE_s28_session0_lamp,0,54,1.8,0.2871277372874827,0.26771419909017424
COHFACE_s28_session0_lamp,0,55,1.8333333333333333,0.2166803093681882,0.040720200340847126
COHFACE_s28_session0_lamp,0,56,1.8666666666666667,0.14934033525642368,-0.17785392037889333
COHFACE_s28_session0_lamp,0,57,1.9,0.08410236213549556,-0.3610035092769233
COHFACE_s28_session0_lamp,0,58,1.9333333333333333,0.023109014882442682,-0.4872244412920882
COHFACE_s28_session0_lamp,0,59,1.9666666666666666,-0.03262630986526892,-0.5397901447068164
COHFACE_s28_session0_lamp,0,60,2.0,-0.08477195203320578,-0.5314497951215632
COHFACE_s28_session0_lamp,0,61,2.033333333333333,-0.13479321932313837,-0.5036529840762846
COHFACE_s28_session0_lamp,0,62,2.066666666666667,-0.18256312021372598,-0.4752417586072249
COHFACE_s28_session0_lamp,0,63,2.1,-0.22805392268199126,-0.44208005112646287
COHFACE_s28_session0_lamp,0,64,2.1333333333333333,-0.2718104734382758,-0.38986908711028634
COHFACE_s28_session0_lamp,0,65,2.1666666666666665,-0.3140620280354905,-0.2947780484179066
COHFACE_s28_session0_lamp,0,66,2.2,-0.35414579730238105,-0.17357577007622482
COHFACE_s28_session0_lamp,0,67,2.2333333333333334,-0.3890731963982032,-0.0838195144893547
COHFACE_s28_session0_lamp,0,68,2.2666666666666666,-0.41330459215715004,-0.04875621853427341
COHFACE_s28_session0_lamp,0,69,2.3,-0.41946871655788104,-0.05729512440522396
COHFACE_s28_session0_lamp,0,70,2.3333333333333335,-0.39720827885050863,-0.07442301984239588
COHFACE_s28_session0_lamp,0,71,2.3666666666666667,-0.33260437393381287,-0.04215748242366825
COHFACE_s28_session0_lamp,0,72,2.4,-0.21318417927351138,0.03955172608911089
COHFACE_s28_session0_lamp,0,73,2.433333333333333,-0.039199866088615865,0.1125807233067927
COHFACE_s28_session0_lamp,0,74,2.466666666666667,0.16229632392114535,0.14532190039269102
COHFACE_s28_session0_lamp,0,75,2.5,0.34360291906069096,0.13306168924046946
COHFACE_s28_session0_lamp,0,76,2.533333333333333,0.47033304783640334,0.10617585036086835
COHFACE_s28_session0_lamp,0,77,2.566666666666667,0.5360000018268123,0.12933572378933372
COHFACE_s28_session0_lamp,0,78,2.6,0.5455184495807198,0.20679928396155872
COHFACE_s28_session0_lamp,0,79,2.6333333333333333,0.5067696534061722,0.2821217605643703
COHFACE_s28_session0_lamp,0,80,2.6666666666666665,0.43565687377848733,0.3242693409739041
COHFACE_s28_session0_lamp,0,81,2.7,0.35313531082837785,0.3279804611799056
COHFACE_s28_session0_lamp,0,82,2.7333333333333334,0.27233214713320697,0.3055454394707193
COHFACE_s28_session0_lamp,0,83,2.7666666666666666,0.19547180930119207,0.28644134319197895
COHFACE_s28_session0_lamp,0,84,2.8,0.1220039792369033,0.27000397614844873
COHFACE_s28_session0_lamp,0,85,2.8333333333333335,0.052046155043399454,0.2256074090041201
COHFACE_s28_session0_lamp,0,86,2.8666666666666667,-0.013263935690562882,0.14707746327442392
COHFACE_s28_session0_lamp,0,87,2.9,-0.07247538024478896,0.053217293020356625
COHFACE_s28_session0_lamp,0,88,2.933333333333333,-0.12650458961337777,-0.04292466119522941
COHFACE_s28_session0_lamp,0,89,2.966666666666667,-0.17651228406791514,-0.13372544303015796
COHFACE_s28_session0_lamp,0,90,3.0,-0.2225247123722574,-0.22028769934410028
COHFACE_s28_session0_lamp,0,91,3.033333333333333,-0.26574360416116344,-0.3117254894269055
COHFACE_s28_session0_lamp,0,92,3.066666666666667,-0.3075528489357006,-0.3941337940662254
COHFACE_s28_session0_lamp,0,93,3.1,-0.3466920204618571,-0.4303065500675334
COHFACE_s28_session0_lamp,0,94,3.1333333333333333,-0.3789036608625983,-0.40781603457425897
COHFACE_s28_session0_lamp,0,95,3.1666666666666665,-0.3993139185686493,-0.3390916140200831
COHFACE_s28_session0_lamp,0,96,3.2,-0.4028803850574873,-0.24485993492128116
COHFACE_s28_session0_lamp,0,97,3.2333333333333334,-0.3815489210451179,-0.1540289666887225
COHFACE_s28_session0_lamp,0,98,3.2666666666666666,-0.3232514527464258,-0.08873263622339185
COHFACE_s28_session0_lamp,0,99,3.3,-0.2155395321884108,-0.06434156006413373
COHFACE_s28_session0_lamp,0,100,3.3333333333333335,-0.05553371366283498,-0.060955616738089594
COHFACE_s28_session0_lamp,0,101,3.3666666666666667,0.13365436457349453,-0.02415700927651001
COHFACE_s28_session0_lamp,0,102,3.4,0.3057222734134848,0.056639516529313934
COHFACE_s28_session0_lamp,0,103,3.433333333333333,0.4246325166960382,0.14760795086988296
COHFACE_s28_session0_lamp,0,104,3.466666666666667,0.4833451907593298,0.2173291567611671
COHFACE_s28_session0_lamp,0,105,3.5,0.49023741556943823,0.2370316550356072
COHFACE_s28_session0_lamp,0,106,3.533333333333333,0.45657621667961673,0.22219301224383395
COHFACE_s28_session0_lamp,0,107,3.566666666666667,0.397545834170843,0.23194027063985892
COHFACE_s28_session0_lamp,0,108,3.6,0.3303236823859079,0.2713536354214932
COHFACE_s28_session0_lamp,0,109,3.6333333333333333,0.2655274521388484,0.29123947688521845
COHFACE_s28_session0_lamp,0,110,3.6666666666666665,0.20437913360865667,0.2702517191093242
COHFACE_s28_session0_lamp,0,111,3.7,0.1434495157695608,0.21535585445651115
COHFACE_s28_session0_lamp,0,112,3.7333333333333334,0.08012028680965896,0.13387023953520938
COHFACE_s28_session0_lamp,0,113,3.7666666666666666,0.014550950440917757,0.03364196223302709
COHFACE_s28_session0_lamp,0,114,3.8,-0.05254664988550876,-0.08389059397524597
COHFACE_s28_session0_lamp,0,115,3.8333333333333335,-0.12259186480189059,-0.22302748187301827
COHFACE_s28_session0_lamp,0,116,3.8666666666666667,-0.19716266557376577,-0.3637539809008926
COHFACE_s28_session0_lamp,0,117,3.9,-0.2740599352392709,-0.4613284362800458
COHFACE_s28_session0_lamp,0,118,3.933333333333333,-0.34714780922675,-0.48737415089614056
COHFACE_s28_session0_lamp,0,119,3.966666666666667,-0.41063822376061976,-0.430009207987282
COHFACE_s28_session0_lamp,0,120,4.0,-0.46185331554676134,-0.30333677743351717
COHFACE_s28_session0_lamp,0,121,4.033333333333333,-0.4977786885012943,-0.14746513468011768
COHFACE_s28_session0_lamp,0,122,4.066666666666666,-0.5121165829733701,-0.0008529031878827774
COHFACE_s28_session0_lamp,0,123,4.1,-0.49528749686389467,0.09966373394698555
COHFACE_s28_session0_lamp,0,124,4.133333333333334,-0.4336779472270474,0.15296289574931712
COHFACE_s28_session0_lamp,0,125,4.166666666666667,-0.3116853582885335,0.19292975064733497
COHFACE_s28_session0_lamp,0,126,4.2,-0.12460489378830979,0.22273700419574666
COHFACE_s28_session0_lamp,0,127,4.233333333333333,0.10110417480351862,0.21444929003672503
COHFACE_s28_session0_lamp,0,128,4.266666666666667,0.3142642427963141,0.1656834902150866
COHFACE_s28_session0_lamp,0,129,4.3,0.47456118819094156,0.09972301567248601
COHFACE_s28_session0_lamp,0,130,4.333333333333333,0.5701798836199528,0.0523824194665603
COHFACE_s28_session0_lamp,0,131,4.366666666666666,0.6057055695683505,0.07144066787450258
COHFACE_s28_session0_lamp,0,132,4.4,0.5881132444011746,0.15793152505425445
COHFACE_s28_session0_lamp,0,133,4.433333333333334,0.5284745230911588,0.2659770044328894
COHFACE_s28_session0_lamp,0,134,4.466666666666667,0.4449819284926766,0.369267291404274
COHFACE_s28_session0_lamp,0,135,4.5,0.35544909501004274,0.461051867310155
COHFACE_s28_session0_lamp,0,136,4.533333333333333,0.27005750906228065,0.5079737172772553
COHFACE_s28_session0_lamp,0,137,4.566666666666666,0.18929720025836913,0.45038629669101626
COHFACE_s28_session0_lamp,0,138,4.6,0.1087880408490319,0.3042282293794457
COHFACE_s28_session0_lamp,0,139,4.633333333333334,0.027598075627906248,0.16099399701344563
COHFACE_s28_session0_lamp,0,140,4.666666666666667,-0.05213674822808154,0.05064998345707207
COHFACE_s28_session0_lamp,0,141,4.7,-0.1290841538717224,-0.058185966259717364
COHFACE_s28_session0_lamp,0,142,4.733333333333333,-0.20220872527615757,-0.18744927972064776
COHFACE_s28_session0_lamp,0,143,4.766666666666667,-0.27172099621722356,-0.3482065741210331
COHFACE_s28_session0_lamp,0,144,4.8,-0.339327114413056,-0.5311561640900904
COHFACE_s28_session0_lamp,0,145,4.833333333333333,-0.4052106512057624,-0.7057459192100591
COHFACE_s28_session0_lamp,0,146,4.866666666666666,-0.46766763980273085,-0.8528886271347077
COHFACE_s28_session0_lamp,0,147,4.9,-0.5236790476129863,-0.9642796750927738
COHFACE_s28_session0_lamp,0,148,4.933333333333334,-0.5660189994839793,-1.0158969371290352
COHFACE_s28_session0_lamp,0,149,4.966666666666667,-0.5821889936157498,-0.9679328775926013
COHFACE_s28_session0_lamp,0,150,5.0,-0.5569959448929791,-0.8424350117545502
COHFACE_s28_session0_lamp,0,151,5.033333333333333,-0.47373644348827953,-0.72307090010469
COHFACE_s28_session0_lamp,0,152,5.066666666666666,-0.3180465432585111,-0.628606979415224
COHFACE_s28_session0_lamp,0,153,5.1,-0.09453003816665882,-0.5132925669436642
COHFACE_s28_session0_lamp,0,154,5.133333333333334,0.15845022410029724,-0.3265967567668865
COHFACE_s28_session0_lamp,0,155,5.166666666666667,0.38644025092960727,-0.015563040394388342
COHFACE_s28_session0_lamp,0,156,5.2,0.5536336074986008,0.41689438835347276
COHFACE_s28_session0_lamp,0,157,5.233333333333333,0.6507295419129614,0.9097825997202937
COHFACE_s28_session0_lamp,0,158,5.266666666666667,0.6791364121075877,1.4357269209911143
COHFACE_s28_session0_lamp,0,159,5.3,0.6451000247141649,1.9981870903837526
COHFACE_s28_session0_lamp,0,160,5.333333333333333,0.5656561994852769,2.4021975034179097
COHFACE_s28_session0_lamp,0,161,5.366666666666666,0.4657917482270941,2.25594546943275
COHFACE_s28_session0_lamp,0,162,5.4,0.3655588560918228,1.5933829916568631
COHFACE_s28_session0_lamp,0,163,5.433333333333334,0.27226822178901094,0.8743257013653694
COHFACE_s28_session0_lamp,0,164,5.466666666666667,0.1846106679728992,0.31773014360649454
COHFACE_s28_session0_lamp,0,165,5.5,0.10140015041959444,-0.09939716461363891
COHFACE_s28_session0_lamp,0,166,5.533333333333333,0.02377388105631239,-0.39541849477297264
COHFACE_s28_session0_lamp,0,167,5.566666666666666,-0.04756310923986762,-0.5804549220162183
COHFACE_s28_session0_lamp,0,168,5.6,-0.11208523516183692,-0.674489273245106
COHFACE_s28_session0_lamp,0,169,5.633333333333334,-0.16962564149278062,-0.7053568673904338
COHFACE_s28_session0_lamp,0,170,5.666666666666667,-0.2225269747800503,-0.6996295153251153
COHFACE_s28_session0_lamp,0,171,5.7,-0.27445194646782967,-0.6815191086180079
COHFACE_s28_session0_lamp,0,172,5.733333333333333,-0.3277536523985123,-0.653486425395607
COHFACE_s28_session0_lamp,0,173,5.766666666666667,-0.3830422030529924,-0.596200091587672
COHFACE_s28_session0_lamp,0,174,5.8,-0.43897850109867476,-0.5199924511055322
COHFACE_s28_session0_lamp,0,175,5.833333333333333,-0.49103627029097346,-0.46489105440490097
COHFACE_s28_session0_lamp,0,176,5.866666666666666,-0.5298060256085171,-0.44084654999336015
COHFACE_s28_session0_lamp,0,177,5.9,-0.5427810671936801,-0.42778344834943377
COHFACE_s28_session0_lamp,0,178,5.933333333333334,-0.5177352057038664,-0.40895881793144534
COHFACE_s28_session0_lamp,0,179,5.966666666666667,-0.439976724584738,-0.3715069218373893
COHFACE_s28_session0_lamp,0,180,6.0,-0.2945176573171069,-0.30746715632560506
COHFACE_s28_session0_lamp,0,181,6.033333333333333,-0.08396191085879182,-0.2142759346641193
COHFACE_s28_session0_lamp,0,182,6.066666666666666,0.15592127816518525,-0.10124506465559886
COHFACE_s28_session0_lamp,0,183,6.1,0.37105225465764463,0.01002184194726529
COHFACE_s28_session0_lamp,0,184,6.133333333333334,0.5244615315094374,0.10136828338379954
COHFACE_s28_session0_lamp,0,185,6.166666666666667,0.6081697992961692,0.15777521890968177
COHFACE_s28_session0_lamp,0,186,6.2,0.6274948917722885,0.18192712832051272
COHFACE_s28_session0_lamp,0,187,6.233333333333333,0.5916253835689721,0.19368151644356119
COHFACE_s28_session0_lamp,0,188,6.266666666666667,0.516976358644812,0.20275123725044725
COHFACE_s28_session0_lamp,0,189,6.3,0.4250438947942756,0.20828301927170362
COHFACE_s28_session0_lamp,0,190,6.333333333333333,0.3324606894680435,0.22025067788849903
COHFACE_s28_session0_lamp,0,191,6.366666666666666,0.2454926979332789,0.25906686308711024
COHFACE_s28_session0_lamp,0,192,6.4,0.1622390548312934,0.29090580348058276
COHFACE_s28_session0_lamp,0,193,6.433333333333334,0.07953549209744787,0.22833803889836307
COHFACE_s28_session0_lamp,0,194,6.466666666666667,-0.0010765882984182726,0.061661134727847816
COHFACE_s28_session0_lamp,0,195,6.5,-0.075791031977551,-0.1404319567784561
COHFACE_s28_session0_lamp,0,196,6.533333333333333,-0.14281233165545482,-0.3067002703830146
COHFACE_s28_session0_lamp,0,197,6.566666666666666,-0.20103567245612414,-0.3640145594401971
COHFACE_s28_session0_lamp,0,198,6.6,-0.250136667726426,-0.30581866142325903
COHFACE_s28_session0_lamp,0,199,6.633333333333334,-0.29339025325959583,-0.19195737171561103
COHFACE_s28_session0_lamp,0,200,6.666666666666667,-0.3358230920454655,-0.07137052361608617
COHFACE_s28_session0_lamp,0,201,6.7,-0.3786803679536298,0.018459191862097997
COHFACE_s28_session0_lamp,0,202,6.733333333333333,-0.4186989044760774,0.08686276841889896
COHFACE_s28_session0_lamp,0,203,6.766666666666667,-0.45093216846619666,0.1890409119421212
COHFACE_s28_session0_lamp,0,204,6.8,-0.4677439984119556,0.3231426041534495
COHFACE_s28_session0_lamp,0,205,6.833333333333333,-0.4554733595930564,0.42956792976379443
COHFACE_s28_session0_lamp,0,206,6.866666666666666,-0.3971195923666466,0.482557947106052
COHFACE_s28_session0_lamp,0,207,6.9,-0.27842288651296637,0.49017148979812497
COHFACE_s28_session0_lamp,0,208,6.933333333333334,-0.09624735942967659,0.4745822223424576
COHFACE_s28_session0_lamp,0,209,6.966666666666667,0.12414891463748037,0.4713995842911553
COHFACE_s28_session0_lamp,0,210,7.0,0.33101481235836383,0.4666322040892166
COHFACE_s28_session0_lamp,0,211,7.033333333333333,0.48198313387332326,0.397144381671731
COHFACE_s28_session0_lamp,0,212,7.066666666666666,0.5652377165222903,0.2567850082235812
COHFACE_s28_session0_lamp,0,213,7.1,0.5861981991179328,0.09710682241309967
COHFACE_s28_session0_lamp,0,214,7.133333333333334,0.555219803700031,-0.04752039717291958
COHFACE_s28_session0_lamp,0,215,7.166666666666667,0.48863000461519,-0.1597028478296181
COHFACE_s28_session0_lamp,0,216,7.2,0.4059019851317131,-0.240848886705554
COHFACE_s28_session0_lamp,0,217,7.233333333333333,0.32043975712953354,-0.31026879729299905
COHFACE_s28_session0_lamp,0,218,7.266666666666667,0.2365230007986827,-0.37959361556915794
COHFACE_s28_session0_lamp,0,219,7.3,0.15295420434974336,-0.4518901801671711
COHFACE_s28_session0_lamp,0,220,7.333333333333333,0.06769130306901211,-0.5082364781140458
COHFACE_s28_session0_lamp,0,221,7.366666666666666,-0.019205348052511326,-0.5077051510335657
COHFACE_s28_session0_lamp,0,222,7.4,-0.10561533980539951,-0.4408573442772016
COHFACE_s28_session0_lamp,0,223,7.433333333333334,-0.1887757712165392,-0.32998764048643414
COHFACE_s28_session0_lamp,0,224,7.466666666666667,-0.26738337506544513,-0.2066531713750243
COHFACE_s28_session0_lamp,0,225,7.5,-0.34158108836389134,-0.11154289289461963
COHFACE_s28_session0_lamp,0,226,7.533333333333333,-0.4096746092682132,-0.06412053787993086
COHFACE_s28_session0_lamp,0,227,7.566666666666666,-0.46762248718886734,-0.06274427103648611
COHFACE_s28_session0_lamp,0,228,7.6,-0.51163064484732,-0.08985605995558801
COHFACE_s28_session0_lamp,0,229,7.633333333333334,-0.53665148644635,-0.11250973033759724
COHFACE_s28_session0_lamp,0,230,7.666666666666667,-0.5329084981704111,-0.1103645797882486
COHFACE_s28_session0_lamp,0,231,7.7,-0.48585019117555417,-0.07613228679414613
COHFACE_s28_session0_lamp,0,232,7.733333333333333,-0.37954110524680984,-0.015518124320551052
COHFACE_s28_session0_lamp,0,233,7.766666666666667,-0.206045176187045,0.05266732169478802
COHFACE_s28_session0_lamp,0,234,7.8,0.017478061217411377,0.10228666246128154
COHFACE_s28_session0_lamp,0,235,7.833333333333333,0.24486476702383086,0.1001053301589524
COHFACE_s28_session0_lamp,0,236,7.866666666666666,0.42913682904140005,0.04991441199923522
COHFACE_s28_session0_lamp,0,237,7.9,0.5492788034837407,-0.0075980576641651795
COHFACE_s28_session0_lamp,0,238,7.933333333333334,0.6052232785154102,-0.02562109863188875
COHFACE_s28_session0_lamp,0,239,7.966666666666667,0.6031981335814331,0.04781102843121784
COHFACE_s28_session0_lamp,0,240,8.0,0.5550411337765665,0.19893623970691016
COHFACE_s28_session0_lamp,0,241,8.033333333333333,0.48029674196633176,0.3481100299674167
COHFACE_s28_session0_lamp,0,242,8.066666666666666,0.3967755369078384,0.4449563781440573
COHFACE_s28_session0_lamp,0,243,8.1,0.3117964459702223,0.468734727185093
COHFACE_s28_session0_lamp,0,244,8.133333333333333,0.22571782415007802,0.43066840422734715
COHFACE_s28_session0_lamp,0,245,8.166666666666666,0.13842672874554346,0.37344650452091877
COHFACE_s28_session0_lamp,0,246,8.2,0.04896517483458453,0.3132641407732153
COHFACE_s28_session0_lamp,0,247,8.233333333333333,-0.04391750603779515,0.23977248669778864
COHFACE_s28_session0_lamp,0,248,8.266666666666667,-0.13764145661485028,0.13863581733155073
COHFACE_s28_session0_lamp,0,249,8.3,-0.22793060724674777,-0.007512904531546936
COHFACE_s28_session0_lamp,0,250,8.333333333333334,-0.3138129179232707,-0.1753064140963046
COHFACE_s28_session0_lamp,0,251,8.366666666666667,-0.3967415921655154,-0.30024660972525863
COHFACE_s28_session0_lamp,0,252,8.4,-0.47599763818375507,-0.3643259780397142
COHFACE_s28_session0_lamp,0,253,8.433333333333334,-0.546520676369547,-0.39562569962981364
COHFACE_s28_session0_lamp,0,254,8.466666666666667,-0.6004400086957387,-0.4045849523489391
COHFACE_s28_session0_lamp,0,255,8.5,-0.6285494663099691,-0.38345080947651716
COHFACE_s28_session0_lamp,0,256,8.533333333333333,-0.6196803129602418,-0.3176195185996036
COHFACE_s28_session0_lamp,0,257,8.566666666666666,-0.5579178600219341,-0.1861860460118575
COHFACE_s28_session0_lamp,0,258,8.6,-0.4240085834353444,-0.012432390463767679
COHFACE_s28_session0_lamp,0,259,8.633333333333333,-0.2116596036580936,0.13592058449272765
COHFACE_s28_session0_lamp,0,260,8.666666666666666,0.05115828394535225,0.22155583376252463
COHFACE_s28_session0_lamp,0,261,8.7,0.30956135825755554,0.2375882094404195
COHFACE_s28_session0_lamp,0,262,8.733333333333333,0.5170469514939595,0.20418453919880722
COHFACE_s28_session0_lamp,0,263,8.766666666666667,0.6538046781907793,0.16788136464550799
COHFACE_s28_session0_lamp,0,264,8.8,0.7171825841246902,0.15104754845893056
COHFACE_s28_session0_lamp,0,265,8.833333333333334,0.7108451775763295,0.15151178708448101
COHFACE_s28_session0_lamp,0,266,8.866666666666667,0.6462879366490341,0.15979801619653916
COHFACE_s28_session0_lamp,0,267,8.9,0.5468854708078738,0.15940512147550695
COHFACE_s28_session0_lamp,0,268,8.933333333333334,0.4390020526853843,0.12419877135659607
COHFACE_s28_session0_lamp,0,269,8.966666666666667,0.33818925449211423,0.019174468598060157
COHFACE_s28_session0_lamp,0,270,9.0,0.24725943130395606,-0.12676766766728875
COHFACE_s28_session0_lamp,0,271,9.033333333333333,0.16256965975553908,-0.22089988444825387
COHFACE_s28_session0_lamp,0,272,9.066666666666666,0.07996937256943504,-0.2449552153854411
COHFACE_s28_session0_lamp,0,273,9.1,-0.002243592472454127,-0.25498228151241037
COHFACE_s28_session0_lamp,0,274,9.133333333333333,-0.0837626365618595,-0.2735236769154685
COHFACE_s28_session0_lamp,0,275,9.166666666666666,-0.16320281090611977,-0.2889053394587769
COHFACE_s28_session0_lamp,0,276,9.2,-0.23876933617060817,-0.2845726473326484
COHFACE_s28_session0_lamp,0,277,9.233333333333333,-0.3102534802692415,-0.23947603020963387
COHFACE_s28_session0_lamp,0,278,9.266666666666667,-0.3794387843966923,-0.1720468969305482
COHFACE_s28_session0_lamp,0,279,9.3,-0.44718291164780066,-0.14001663983985468
COHFACE_s28_session0_lamp,0,280,9.333333333333334,-0.5116646595648391,-0.14172679340646488
COHFACE_s28_session0_lamp,0,281,9.366666666666667,-0.5687589837010384,-0.1164394217984537
COHFACE_s28_session0_lamp,0,282,9.4,-0.610655585854687,-0.05136430548547194
COHFACE_s28_session0_lamp,0,283,9.433333333333334,-0.6246854554070806,0.017754799474835027
COHFACE_s28_session0_lamp,0,284,9.466666666666667,-0.5953131080295354,0.06526227883000692
COHFACE_s28_session0_lamp,0,285,9.5,-0.5044842423768641,0.07579788038741901
COHFACE_s28_session0_lamp,0,286,9.533333333333333,-0.33697356459954825,0.07215782594457443
COHFACE_s28_session0_lamp,0,287,9.566666666666666,-0.1000193772745217,0.11452989462671498
COHFACE_s28_session0_lamp,0,288,9.6,0.16419098538724647,0.21026819218485357
COHFACE_s28_session0_lamp,0,289,9.633333333333333,0.4006095007504302,0.31335268056764315
COHFACE_s28_session0_lamp,0,290,9.666666666666666,0.5742832199094652,0.378465360266789
COHFACE_s28_session0_lamp,0,291,9.7,0.6743323017473312,0.3615430394195137
COHFACE_s28_session0_lamp,0,292,9.733333333333333,0.7020780425055219,0.28669185019065674
COHFACE_s28_session0_lamp,0,293,9.766666666666667,0.6656840032738901,0.24561294491865474
COHFACE_s28_session0_lamp,0,294,9.8,0.5812988580226041,0.26222819572992045
COHFACE_s28_session0_lamp,0,295,9.833333333333334,0.47477267092626174,0.2922981404200189
COHFACE_s28_session0_lamp,0,296,9.866666666666667,0.37013311867438586,0.31054682104757486
COHFACE_s28_session0_lamp,0,297,9.9,0.27544035744791345,0.31120038283008333
COHFACE_s28_session0_lamp,0,298,9.933333333333334,0.1890421379021089,0.29726696907462047
COHFACE_s28_session0_lamp,0,299,9.966666666666667,0.11089253830351878,0.280482023768576
COHFACE_s28_session0_lamp,0,300,10.0,0.04175503687667352,0.2453443629060857
COHFACE_s28_session0_lamp,0,301,10.033333333333333,-0.019258221283081488,0.1497262623563192
COHFACE_s28_session0_lamp,0,302,10.066666666666666,-0.07497837955097494,-0.0024447556674049714
COHFACE_s28_session0_lamp,0,303,10.1,-0.1286638563829492,-0.160569456481709
COHFACE_s28_session0_lamp,0,304,10.133333333333333,-0.1811464098884057,-0.2884746079427528
COHFACE_s28_session0_lamp,0,305,10.166666666666666,-0.2326926484592397,-0.3642824879633623
COHFACE_s28_session0_lamp,0,306,10.2,-0.2844624118006149,-0.40119476762628714
COHFACE_s28_session0_lamp,0,307,10.233333333333333,-0.3376975801183841,-0.44654052994492477
COHFACE_s28_session0_lamp,0,308,10.266666666666667,-0.39333918743708945,-0.5290668202660016
COHFACE_s28_session0_lamp,0,309,10.3,-0.44907156614603183,-0.657773519983669
COHFACE_s28_session0_lamp,0,310,10.333333333333334,-0.49842029522655806,-0.8077463595015786
COHFACE_s28_session0_lamp,0,311,10.366666666666667,-0.5328952799711798,-0.9199601462660628
COHFACE_s28_session0_lamp,0,312,10.4,-0.5412934293359095,-0.9689566451953439
COHFACE_s28_session0_lamp,0,313,10.433333333333334,-0.508789118669921,-0.9628016396884297
COHFACE_s28_session0_lamp,0,314,10.466666666666667,-0.4196503125762954,-0.8877967980696146
COHFACE_s28_session0_lamp,0,315,10.5,-0.2620430694949648,-0.7089623376099727
COHFACE_s28_session0_lamp,0,316,10.533333333333333,-0.043010266993673,-0.39520322623724696
COHFACE_s28_session0_lamp,0,317,10.566666666666666,0.1963216993628061,0.07846123878022458
COHFACE_s28_session0_lamp,0,318,10.6,0.40157496572156676,0.727098795502667
COHFACE_s28_session0_lamp,0,319,10.633333333333333,0.5421850622482889,1.55198605707214
COHFACE_s28_session0_lamp,0,320,10.666666666666666,0.6146787243594792,2.2795976038070007
COHFACE_s28_session0_lamp,0,321,10.7,0.6243537433764498,2.3635375400045047
COHFACE_s28_session0_lamp,0,322,10.733333333333333,0.5800291004640936,1.7989811105631128
COHFACE_s28_session0_lamp,0,323,10.766666666666667,0.49996013230074715,1.1221942398720637
COHFACE_s28_session0_lamp,0,324,10.8,0.40761748255886165,0.5878812747432867
COHFACE_s28_session0_lamp,0,325,10.833333333333334,0.31871279862128316,0.16670070143292295
COHFACE_s28_session0_lamp,0,326,10.866666666666667,0.2371112701761472,-0.17452951218185186
COHFACE_s28_session0_lamp,0,327,10.9,0.16090678057914942,-0.46883554246505016
COHFACE_s28_session0_lamp,0,328,10.933333333333334,0.08906929833347235,-0.70939540152764
COHFACE_s28_session0_lamp,0,329,10.966666666666667,0.023057121582771935,-0.8475931174964313
COHFACE_s28_session0_lamp,0,330,11.0,-0.0354711671117479,-0.878296859542506
COHFACE_s28_session0_lamp,0,331,11.033333333333333,-0.08765771494608093,-0.8389818522458126
COHFACE_s28_session0_lamp,0,332,11.066666666666666,-0.13645569840556232,-0.7609896701119042
COHFACE_s28_session0_lamp,0,333,11.1,-0.18276460330377636,-0.6688796120222607
COHFACE_s28_session0_lamp,0,334,11.133333333333333,-0.2262262780813289,-0.5614981504470039
COHFACE_s28_session0_lamp,0,335,11.166666666666666,-0.2678565238909835,-0.41265723267439736
COHFACE_s28_session0_lamp,0,336,11.2,-0.30965233524186564,-0.23402527267127932
COHFACE_s28_session0_lamp,0,337,11.233333333333333,-0.35271737015138827,-0.07585685406803054
COHFACE_s28_session0_lamp,0,338,11.266666666666667,-0.39499421094065545,0.028756147069406074
COHFACE_s28_session0_lamp,0,339,11.3,-0.43147753305677505,0.06369207547760994
COHFACE_s28_session0_lamp,0,340,11.333333333333334,-0.45593807799950287,0.05320543136531279
COHFACE_s28_session0_lamp,0,341,11.366666666666667,-0.4596190547102862,0.06095536839636301
COHFACE_s28_session0_lamp,0,342,11.4,-0.4294115294487253,0.10241595080194037
COHFACE_s28_session0_lamp,0,343,11.433333333333334,-0.34898884928060125,0.14434653718371984
COHFACE_s28_session0_lamp,0,344,11.466666666666667,-0.2060762679112974,0.1631213968166743
COHFACE_s28_session0_lamp,0,345,11.5,-0.009628639931180207,0.1450799380885621
COHFACE_s28_session0_lamp,0,346,11.533333333333333,0.20078800116008977,0.10622696096492094
COHFACE_s28_session0_lamp,0,347,11.566666666666666,0.37814366510502934,0.09187309928040627
COHFACE_s28_session0_lamp,0,348,11.6,0.4970540756216738,0.12183010948352421
COHFACE_s28_session0_lamp,0,349,11.633333333333333,0.5532666382047976,0.1899205973514101
COHFACE_s28_session0_lamp,0,350,11.666666666666666,0.5521915801237107,0.25633045672111365
COHFACE_s28_session0_lamp,0,351,11.7,0.5056586207259857,0.248253336982407
COHFACE_s28_session0_lamp,0,352,11.733333333333333,0.43164676027090515,0.16945167229306
COHFACE_s28_session0_lamp,0,353,11.766666666666667,0.3489038377156901,0.10020081244913487
COHFACE_s28_session0_lamp,0,354,11.8,0.2680967683709038,0.06771369958429428
COHFACE_s28_session0_lamp,0,355,11.833333333333334,0.1921869073782046,0.045857659043641474
COHFACE_s28_session0_lamp,0,356,11.866666666666667,0.12160459420183323,0.02799022335373929
COHFACE_s28_session0_lamp,0,357,11.9,0.05591655347862315,0.027321474588182917
COHFACE_s28_session0_lamp,0,358,11.933333333333334,-0.005003781650372317,0.05412032124032339
COHFACE_s28_session0_lamp,0,359,11.966666666666667,-0.06088349349251445,0.11544697792627673
COHFACE_s28_session0_lamp,0,360,12.0,-0.1110375065709868,0.18998300729685455
COHFACE_s28_session0_lamp,0,361,12.033333333333333,-0.15575621878857523,0.22823729355430059
COHFACE_s28_session0_lamp,0,362,12.066666666666666,-0.19713586519299994,0.20394290916178734
COHFACE_s28_session0_lamp,0,363,12.1,-0.2373435717862599,0.11457668500620069
COHFACE_s28_session0_lamp,0,364,12.133333333333333,-0.27852440382455756,-0.010942052326939147
COHFACE_s28_session0_lamp,0,365,12.166666666666666,-0.3205508575838512,-0.11240409462828985
COHFACE_s28_session0_lamp,0,366,12.2,-0.35844638173419424,-0.16597267437476673
COHFACE_s28_session0_lamp,0,367,12.233333333333333,-0.38598369680108824,-0.18410263131467275
COHFACE_s28_session0_lamp,0,368,12.266666666666667,-0.39864259336578306,-0.19313134534703358
COHFACE_s28_session0_lamp,0,369,12.3,-0.3911278717143116,-0.23235213611830982
COHFACE_s28_session0_lamp,0,370,12.333333333333334,-0.3552334020849547,-0.28871704878247023
COHFACE_s28_session0_lamp,0,371,12.366666666666667,-0.28020162759073763,-0.29689885921182774
COHFACE_s28_session0_lamp,0,372,12.4,-0.15572813206927116,-0.245730350529955
COHFACE_s28_session0_lamp,0,373,12.433333333333334,0.015106146365053433,-0.17844135915884918
COHFACE_s28_session0_lamp,0,374,12.466666666666667,0.20062508008451446,-0.1201516687074143
COHFACE_s28_session0_lamp,0,375,12.5,0.35493303532491755,-0.07761087492570658
COHFACE_s28_session0_lamp,0,376,12.533333333333333,0.4517326116957937,-0.04411153277592391
COHFACE_s28_session0_lamp,0,377,12.566666666666666,0.49105040553082324,2.4468359320573008e-05
COHFACE_s28_session0_lamp,0,378,12.6,0.4839342910070231,0.06135150407571801
COHFACE_s28_session0_lamp,0,379,12.633333333333333,0.442993763979661,0.13280107901810775
COHFACE_s28_session0_lamp,0,380,12.666666666666666,0.38114267045664796,0.20231327884591413
COHFACE_s28_session0_lamp,0,381,12.7,0.3116718977746105,0.2526739756550699
COHFACE_s28_session0_lamp,0,382,12.733333333333333,0.24302489626668222,0.26820515807832745
COHFACE_s28_session0_lamp,0,383,12.766666666666667,0.17524582088909152,0.23485453685894636
COHFACE_s28_session0_lamp,0,384,12.8,0.1052234029434719,0.16439893543065143
COHFACE_s28_session0_lamp,0,385,12.833333333333334,0.032890328008392734,0.09434046056727399
COHFACE_s28_session0_lamp,0,386,12.866666666666667,-0.03942879265874656,0.045542854319480554
COHFACE_s28_session0_lamp,0,387,12.9,-0.11047691400253813,0.02212642871741764
COHFACE_s28_session0_lamp,0,388,12.933333333333334,-0.17884528562499516,0.009715594805794817
COHFACE_s28_session0_lamp,0,389,12.966666666666667,-0.2429140586558517,-0.023988650215378205
COHFACE_s28_session0_lamp,0,390,13.0,-0.3028658405672505,-0.08626539869952554
COHFACE_s28_session0_lamp,0,391,13.033333333333333,-0.35819403547130874,-0.1589369829178044
COHFACE_s28_session0_lamp,0,392,13.066666666666666,-0.40430744479524,-0.23098888966504547
COHFACE_s28_session0_lamp,0,393,13.1,-0.4346834288220023,-0.2983871666331312
COHFACE_s28_session0_lamp,0,394,13.133333333333333,-0.44519299613687824,-0.33864201889468853
COHFACE_s28_session0_lamp,0,395,13.166666666666666,-0.43077588682405343,-0.3110010060821072
COHFACE_s28_session0_lamp,0,396,13.2,-0.38075116870350795,-0.2210901954836529
COHFACE_s28_session0_lamp,0,397,13.233333333333333,-0.2822409308540432,-0.12098586273663514
COHFACE_s28_session0_lamp,0,398,13.266666666666667,-0.12821749204883232,-0.054868639490753685
COHFACE_s28_session0_lamp,0,399,13.3,0.0676452915807293,-0.058510345796647725
COHFACE_s28_session0_lamp,0,400,13.333333333333334,0.26289653896085663,-0.10966371876610209
COHFACE_s28_session0_lamp,0,401,13.366666666666667,0.41250740969501304,-0.12872416214105184
COHFACE_s28_session0_lamp,0,402,13.4,0.4999523192292299,-0.08806151278733994
COHFACE_s28_session0_lamp,0,403,13.433333333333334,0.5304734076240158,-0.012728051719168784
COHFACE_s28_session0_lamp,0,404,13.466666666666667,0.5122522037311796,0.0713149158991569
COHFACE_s28_session0_lamp,0,405,13.5,0.45566440473508374,0.13735845299794167
COHFACE_s28_session0_lamp,0,406,13.533333333333333,0.3778805864590715,0.1710809468690872
COHFACE_s28_session0_lamp,0,407,13.566666666666666,0.29628328468774234,0.17044628985665541
COHFACE_s28_session0_lamp,0,408,13.6,0.21736494736020423,0.1606963139013135
COHFACE_s28_session0_lamp,0,409,13.633333333333333,0.13823323551388228,0.1935959869841874
COHFACE_s28_session0_lamp,0,410,13.666666666666666,0.05722971283064754,0.27370595013579807
COHFACE_s28_session0_lamp,0,411,13.7,-0.023520872363026978,0.3579951504832616
COHFACE_s28_session0_lamp,0,412,13.733333333333333,-0.10232248116166998,0.4113477675532813
COHFACE_s28_session0_lamp,0,413,13.766666666666667,-0.1780524345777923,0.40696439300208187
COHFACE_s28_session0_lamp,0,414,13.8,-0.24932887383560537,0.34181875571778264
COHFACE_s28_session0_lamp,0,415,13.833333333333334,-0.315713366718558,0.23678393253832036
COHFACE_s28_session0_lamp,0,416,13.866666666666667,-0.37640593860424265,0.12121659975842017
COHFACE_s28_session0_lamp,0,417,13.9,-0.4294533986995962,0.032884533233229554
COHFACE_s28_session0_lamp,0,418,13.933333333333334,-0.47130049977773564,-0.009451546561886945
COHFACE_s28_session0_lamp,0,419,13.966666666666667,-0.4948377011269648,-0.005914290173933245
COHFACE_s28_session0_lamp,0,420,14.0,-0.49129309675000077,0.012369307613103404
COHFACE_s28_session0_lamp,0,421,14.033333333333333,-0.4501060619191199,-0.0158223651069767
COHFACE_s28_session0_lamp,0,422,14.066666666666666,-0.3569178810933492,-0.10711776699007253
COHFACE_s28_session0_lamp,0,423,14.1,-0.20143780392208183,-0.2328297494853004
COHFACE_s28_session0_lamp,0,424,14.133333333333333,0.0049822600518056575,-0.34236698286632933
COHFACE_s28_session0_lamp,0,425,14.166666666666666,0.22194036295043756,-0.36375003595930444
COHFACE_s28_session0_lamp,0,426,14.2,0.4033139369739063,-0.29956909398385134
COHFACE_s28_session0_lamp,0,427,14.233333333333333,0.525871837049547,-0.22671947305925158
COHFACE_s28_session0_lamp,0,428,14.266666666666667,0.5871932531939059,-0.18606161512889788
COHFACE_s28_session0_lamp,0,429,14.3,0.5904344492144511,-0.18173541054473802
COHFACE_s28_session0_lamp,0,430,14.333333333333334,0.5433256799285578,-0.18964761325776228
COHFACE_s28_session0_lamp,0,431,14.366666666666667,0.46254215860507386,-0.15817344557024807
COHFACE_s28_session0_lamp,0,432,14.4,0.36897052395398455,-0.0833584302276182
COHFACE_s28_session0_lamp,0,433,14.433333333333334,0.2769765869678723,-0.009241189941089975
COHFACE_s28_session0_lamp,0,434,14.466666666666667,0.18992571612418208,0.03951201249661279
COHFACE_s28_session0_lamp,0,435,14.5,0.10671161628141503,0.057797817737684165
COHFACE_s28_session0_lamp,0,436,14.533333333333333,0.027606790219619908,0.05119611347497127
COHFACE_s28_session0_lamp,0,437,14.566666666666666,-0.04637445577026601,0.03568538596224871
COHFACE_s28_session0_lamp,0,438,14.6,-0.11486830616626074,0.03602554469430927
COHFACE_s28_session0_lamp,0,439,14.633333333333333,-0.17877034925717833,0.08516094495318068
COHFACE_s28_session0_lamp,0,440,14.666666666666666,-0.24075182664727554,0.1677783927224487
COHFACE_s28_session0_lamp,0,441,14.7,-0.3036090026452636,0.2204012736828539
COHFACE_s28_session0_lamp,0,442,14.733333333333333,-0.36650389808273437,0.22117338472890108
COHFACE_s28_session0_lamp,0,443,14.766666666666667,-0.4240096984734024,0.19011775878914414
COHFACE_s28_session0_lamp,0,444,14.8,-0.46986677719996206,0.13540634570302548
COHFACE_s28_session0_lamp,0,445,14.833333333333334,-0.5000170044237927,0.05335517730952258
COHFACE_s28_session0_lamp,0,446,14.866666666666667,-0.509629562630769,-0.03016298643792413
COHFACE_s28_session0_lamp,0,447,14.9,-0.4885964769098682,-0.05986615147064901
COHFACE_s28_session0_lamp,0,448,14.933333333333334,-0.4216475046153232,-0.023898319704564415
COHFACE_s28_session0_lamp,0,449,14.966666666666667,-0.2930205158621824,0.04605315862712807
COHFACE_s28_session0_lamp,0,450,15.0,-0.09991351634883047,0.10937025225800484
COHFACE_s28_session0_lamp,0,451,15.033333333333333,0.12785128372551133,0.11718495572313405
COHFACE_s28_session0_lamp,0,452,15.066666666666666,0.33676881973311995,0.06512130249235706
COHFACE_s28_session0_lamp,0,453,15.1,0.4888042692913779,-0.006623695099880509
COHFACE_s28_session0_lamp,0,454,15.133333333333333,0.5747896084140302,-0.055461371257508885
COHFACE_s28_session0_lamp,0,455,15.166666666666666,0.5984672221314662,-0.03711575449768724
COHFACE_s28_session0_lamp,0,456,15.2,0.5677794619908915,0.04054569009475396
COHFACE_s28_session0_lamp,0,457,15.233333333333333,0.49722852332891765,0.11761178631643748
COHFACE_s28_session0_lamp,0,458,15.266666666666667,0.40747787572264704,0.1517114985586088
COHFACE_s28_session0_lamp,0,459,15.3,0.31667242968636533,0.11868104994171759
COHFACE_s28_session0_lamp,0,460,15.333333333333334,0.23275358935735757,0.03720329440422705
COHFACE_s28_session0_lamp,0,461,15.366666666666667,0.15520705488481698,-0.03150319888181311
COHFACE_s28_session0_lamp,0,462,15.4,0.08231740444252152,-0.07359581263321828
COHFACE_s28_session0_lamp,0,463,15.433333333333334,0.014221075149250195,-0.12253414589921835
COHFACE_s28_session0_lamp,0,464,15.466666666666667,-0.04765652822453944,-0.19760432679698203
COHFACE_s28_session0_lamp,0,465,15.5,-0.10284783894946609,-0.3030452523034659
COHFACE_s28_session0_lamp,0,466,15.533333333333333,-0.15358384920051715,-0.43572586026426663
COHFACE_s28_session0_lamp,0,467,15.566666666666666,-0.20235874515013882,-0.5845268626304976
COHFACE_s28_session0_lamp,0,468,15.6,-0.2514840399670655,-0.7254884929992541
COHFACE_s28_session0_lamp,0,469,15.633333333333333,-0.3029062845941191,-0.8214966567041327
COHFACE_s28_session0_lamp,0,470,15.666666666666666,-0.3550817430548943,-0.8569054720999737
COHFACE_s28_session0_lamp,0,471,15.7,-0.404241264781653,-0.8373753865046167
COHFACE_s28_session0_lamp,0,472,15.733333333333333,-0.44719485214690863,-0.7491249791635357
COHFACE_s28_session0_lamp,0,473,15.766666666666667,-0.4788614798736747,-0.5595513929411042
COHFACE_s28_session0_lamp,0,474,15.8,-0.48888769552139455,-0.2823350479381067
COHFACE_s28_session0_lamp,0,475,15.833333333333334,-0.46268334382825493,0.021512848737663154
COHFACE_s28_session0_lamp,0,476,15.866666666666667,-0.38444394451887176,0.33435340703849653
COHFACE_s28_session0_lamp,0,477,15.9,-0.24155459179505373,0.6801790719046188
COHFACE_s28_session0_lamp,0,478,15.933333333333334,-0.03966550583362533,1.1174590425570308
COHFACE_s28_session0_lamp,0,479,15.966666666666667,0.1832682359489696,1.7349284224345256
COHFACE_s28_session0_lamp,0,480,16.0,0.3753163602923912,2.3186804224223323
COHFACE_s28_session0_lamp,0,481,16.033333333333335,0.5054587112644506,2.353888801285078
COHFACE_s28_session0_lamp,0,482,16.066666666666666,0.5694340342622267,1.8086581888648086
COHFACE_s28_session0_lamp,0,483,16.1,0.5738366355210834,1.1347127170435405
COHFACE_s28_session0_lamp,0,484,16.133333333333333,0.5303122230757358,0.5699072223808366
COHFACE_s28_session0_lamp,0,485,16.166666666666668,0.4566181281925009,0.1362617356686974
COHFACE_s28_session0_lamp,0,486,16.2,0.3712675078000901,-0.18774676980677682
COHFACE_s28_session0_lamp,0,487,16.233333333333334,0.2863594565827795,-0.4633721664762491
COHFACE_s28_session0_lamp,0,488,16.266666666666666,0.20697150808083942,-0.7142751269521468
COHFACE_s28_session0_lamp,0,489,16.3,0.13416749386782734,-0.923767083961186
COHFACE_s28_session0_lamp,0,490,16.333333333333332,0.06701287690960951,-1.0693388380432862
COHFACE_s28_session0_lamp,0,491,16.366666666666667,0.004554346136303081,-1.121708659570538
COHFACE_s28_session0_lamp,0,492,16.4,-0.05343742004241969,-1.082504358418582
COHFACE_s28_session0_lamp,0,493,16.433333333333334,-0.10764542282031445,-0.9837548182164034
COHFACE_s28_session0_lamp,0,494,16.466666666666665,-0.15957279482467127,-0.8530676458219629
COHFACE_s28_session0_lamp,0,495,16.5,-0.2100988612821102,-0.7134767752223803
COHFACE_s28_session0_lamp,0,496,16.533333333333335,-0.25990596462401516,-0.5742157568487757
COHFACE_s28_session0_lamp,0,497,16.566666666666666,-0.3105174020341604,-0.4314130639627441
COHFACE_s28_session0_lamp,0,498,16.6,-0.3622306255996925,-0.2902936499193825
COHFACE_s28_session0_lamp,0,499,16.633333333333333,-0.41199548664183594,-0.16603807337848298
COHFACE_s28_session0_lamp,0,500,16.666666666666668,-0.45267344619486094,-0.04941202977728405
COHFACE_s28_session0_lamp,0,501,16.7,-0.4744123421872262,0.09206953707747603
COHFACE_s28_session0_lamp,0,502,16.733333333333334,-0.465403209204845,0.25455266780748154
COHFACE_s28_session0_lamp,0,503,16.766666666666666,-0.41147841440029537,0.3969186403652089
COHFACE_s28_session0_lamp,0,504,16.8,-0.29881253145364556,0.4702881483809367
COHFACE_s28_session0_lamp,0,505,16.833333333333332,-0.12364781661694688,0.41837767461890596
COHFACE_s28_session0_lamp,0,506,16.866666666666667,0.08919116700133671,0.26782773454927067
COHFACE_s28_session0_lamp,0,507,16.9,0.289304091602056,0.1277732500168627
COHFACE_s28_session0_lamp,0,508,16.933333333333334,0.4374826179921514,0.07128913759349684
COHFACE_s28_session0_lamp,0,509,16.966666666666665,0.5243890503486155,0.1342573392572418
COHFACE_s28_session0_lamp,0,510,17.0,0.5546052939861214,0.27130116652405856
COHFACE_s28_session0_lamp,0,511,17.033333333333335,0.5352838754173355,0.35661656178761597
COHFACE_s28_session0_lamp,0,512,17.066666666666666,0.48033283620651834,0.35234823127979914
COHFACE_s28_session0_lamp,0,513,17.1,0.40872793700298365,0.30905284135568556
COHFACE_s28_session0_lamp,0,514,17.133333333333333,0.3332637286541091,0.2694016447602372
COHFACE_s28_session0_lamp,0,515,17.166666666666668,0.257266244534929,0.26725476028577244
COHFACE_s28_session0_lamp,0,516,17.2,0.18105732853973758,0.2800662043195978
COHFACE_s28_session0_lamp,0,517,17.233333333333334,0.10569531867376913,0.22955072779795294
COHFACE_s28_session0_lamp,0,518,17.266666666666666,0.03167946369598372,0.10520747896374572
COHFACE_s28_session0_lamp,0,519,17.3,-0.04140210094218315,-0.03500706701359563
COHFACE_s28_session0_lamp,0,520,17.333333333333332,-0.11333463122503742,-0.15121148986632021
COHFACE_s28_session0_lamp,0,521,17.366666666666667,-0.18368308793118004,-0.22173187738934713
COHFACE_s28_session0_lamp,0,522,17.4,-0.2523577387173907,-0.2549034352682217
COHFACE_s28_session0_lamp,0,523,17.433333333333334,-0.31772965156612387,-0.28831362015873124
COHFACE_s28_session0_lamp,0,524,17.466666666666665,-0.3771070436831879,-0.3299831124305348
COHFACE_s28_session0_lamp,0,525,17.5,-0.4295770848046111,-0.3578876392143048
COHFACE_s28_session0_lamp,0,526,17.533333333333335,-0.47425585297811357,-0.3489120201615477
COHFACE_s28_session0_lamp,0,527,17.566666666666666,-0.5062767983180455,-0.2793146401076348
COHFACE_s28_session0_lamp,0,528,17.6,-0.5156770903051647,-0.17690326729015393
COHFACE_s28_session0_lamp,0,529,17.633333333333333,-0.4894925925230074,-0.12073860915012945
COHFACE_s28_session0_lamp,0,530,17.666666666666668,-0.4153982503323243,-0.13209055679159679
COHFACE_s28_session0_lamp,0,531,17.7,-0.2822760494725821,-0.17424108590497672
COHFACE_s28_session0_lamp,0,532,17.733333333333334,-0.08908657688937571,-0.19880726284898326
COHFACE_s28_session0_lamp,0,533,17.766666666666666,0.13480215438286614,-0.14685192031080885
COHFACE_s28_session0_lamp,0,534,17.8,0.3385424891973056,-0.025048016869983064
COHFACE_s28_session0_lamp,0,535,17.833333333333332,0.48751988408981156,0.09411946011687722
COHFACE_s28_session0_lamp,0,536,17.866666666666667,0.5748531568421343,0.18370820809241314
COHFACE_s28_session0_lamp,0,537,17.9,0.6040201545232625,0.26221928491744956
COHFACE_s28_session0_lamp,0,538,17.933333333333334,0.5797409518803879,0.3322267962756022
COHFACE_s28_session0_lamp,0,539,17.966666666666665,0.5145559574986116,0.3797229491705134
COHFACE_s28_session0_lamp,0,540,18.0,0.42978104277930046,0.40006259690219814
COHFACE_s28_session0_lamp,0,541,18.033333333333335,0.34356233806474445,0.3977443538057981
COHFACE_s28_session0_lamp,0,542,18.066666666666666,0.2632668811671164,0.36957725054861973
COHFACE_s28_session0_lamp,0,543,18.1,0.18908602493356308,0.30478402788545006
COHFACE_s28_session0_lamp,0,544,18.133333333333333,0.11871797784835605,0.2136348594310366
COHFACE_s28_session0_lamp,0,545,18.166666666666668,0.04912240774003914,0.12761731305543386
COHFACE_s28_session0_lamp,0,546,18.2,-0.021551151344899107,0.05325124317240631
COHFACE_s28_session0_lamp,0,547,18.233333333333334,-0.09185564646480737,-0.02747621505941345
COHFACE_s28_session0_lamp,0,548,18.266666666666666,-0.15865718633147055,-0.13257045310484986
COHFACE_s28_session0_lamp,0,549,18.3,-0.22230830514919492,-0.2789239195432426
COHFACE_s28_session0_lamp,0,550,18.333333333333332,-0.285804083645507,-0.4320352504662459
COHFACE_s28_session0_lamp,0,551,18.366666666666667,-0.34936269741207204,-0.5059476671426061
COHFACE_s28_session0_lamp,0,552,18.4,-0.4108363205888712,-0.4863563177497717
COHFACE_s28_session0_lamp,0,553,18.433333333333334,-0.46704088305864944,-0.4304880900783662
COHFACE_s28_session0_lamp,0,554,18.466666666666665,-0.5125884850286109,-0.3774836869439847
COHFACE_s28_session0_lamp,0,555,18.5,-0.5402434868951637,-0.3476732117569657
COHFACE_s28_session0_lamp,0,556,18.533333333333335,-0.5406635015488397,-0.3263022088220063
COHFACE_s28_session0_lamp,0,557,18.566666666666666,-0.5015787265179232,-0.2641781729816243
COHFACE_s28_session0_lamp,0,558,18.6,-0.4085653434109364,-0.1403076091148926
COHFACE_s28_session0_lamp,0,559,18.633333333333333,-0.2503938795639429,0.0370436345354657
COHFACE_s28_session0_lamp,0,560,18.666666666666668,-0.03590377577764996,0.23253390292590176
COHFACE_s28_session0_lamp,0,561,18.7,0.19412020980900715,0.38348402379300356
COHFACE_s28_session0_lamp,0,562,18.733333333333334,0.3898263591297639,0.473963067314357
COHFACE_s28_session0_lamp,0,563,18.766666666666666,0.5244429011681904,0.534162268729278
COHFACE_s28_session0_lamp,0,564,18.8,0.5954944493941163,0.5744707062846943
COHFACE_s28_session0_lamp,0,565,18.833333333333332,0.6100351904283521,0.584750518763017
COHFACE_s28_session0_lamp,0,566,18.866666666666667,0.5772927554423348,0.554339185268566
COHFACE_s28_session0_lamp,0,567,18.9,0.5107510314952857,0.47230015669986614
COHFACE_s28_session0_lamp,0,568,18.933333333333334,0.4289345723137004,0.3461005366087426
COHFACE_s28_session0_lamp,0,569,18.966666666666665,0.34619679113617546,0.2020119359607412
COHFACE_s28_session0_lamp,0,570,19.0,0.2663509337655799,0.05877696997194805
COHFACE_s28_session0_lamp,0,571,19.033333333333335,0.18794144673152954,-0.07186166108308395
COHFACE_s28_session0_lamp,0,572,19.066666666666666,0.11162918963080434,-0.18209725741880772
COHFACE_s28_session0_lamp,0,573,19.1,0.04066846533665861,-0.2673071641648076
COHFACE_s28_session0_lamp,0,574,19.133333333333333,-0.02363541428213891,-0.3219870293063461
COHFACE_s28_session0_lamp,0,575,19.166666666666668,-0.08272579875405957,-0.3392588431631397
COHFACE_s28_session0_lamp,0,576,19.2,-0.13797539818027316,-0.3282485940132359
COHFACE_s28_session0_lamp,0,577,19.233333333333334,-0.19047649055227253,-0.3136652821397644
COHFACE_s28_session0_lamp,0,578,19.266666666666666,-0.24267788175784916,-0.30743822591924475
COHFACE_s28_session0_lamp,0,579,19.3,-0.2965338055206254,-0.3084530576994436
COHFACE_s28_session0_lamp,0,580,19.333333333333332,-0.35100242499046175,-0.3096679178738786
COHFACE_s28_session0_lamp,0,581,19.366666666666667,-0.4033681857190603,-0.2982960047814801
COHFACE_s28_session0_lamp,0,582,19.4,-0.44936127567032347,-0.2650255431804298
COHFACE_s28_session0_lamp,0,583,19.433333333333334,-0.4836975475824667,-0.20436885389320855
COHFACE_s28_session0_lamp,0,584,19.466666666666665,-0.501793352477264,-0.11856324065563054
COHFACE_s28_session0_lamp,0,585,19.5,-0.49584242860968153,-0.017951869402672474
COHFACE_s28_session0_lamp,0,586,19.533333333333335,-0.45100016686261013,0.07569898829090871
COHFACE_s28_session0_lamp,0,587,19.566666666666666,-0.349229408897027,0.1290861148630333
COHFACE_s28_session0_lamp,0,588,19.6,-0.18015372719162073,0.14147861787865268
COHFACE_s28_session0_lamp,0,589,19.633333333333333,0.03908357198766861,0.14432997253671415
COHFACE_s28_session0_lamp,0,590,19.666666666666668,0.25947060601479904,0.1494201279619286
COHFACE_s28_session0_lamp,0,591,19.7,0.433997751194636,0.14846566911682937
COHFACE_s28_session0_lamp,0,592,19.733333333333334,0.5459093610707821,0.14233511744779379
COHFACE_s28_session0_lamp,0,593,19.766666666666666,0.5985103814339863,0.14099977661308558
COHFACE_s28_session0_lamp,0,594,19.8,0.5969529244774798,0.13753981028449913
COHFACE_s28_session0_lamp,0,595,19.833333333333332,0.5493206706083716,0.10832325174171908
COHFACE_s28_session0_lamp,0,596,19.866666666666667,0.47313172311997365,0.040902862090441985
COHFACE_s28_session0_lamp,0,597,19.9,0.38778779903125077,-0.06544352819475732
COHFACE_s28_session0_lamp,0,598,19.933333333333334,0.3034147477848736,-0.17443394181241934
COHFACE_s28_session0_lamp,0,599,19.966666666666665,0.22007917062785534,-0.2130898399191106
COHFACE_s28_session0_lamp,0,600,20.0,0.13621160875456081,-0.16799173611276425
COHFACE_s28_session0_lamp,0,601,20.033333333333335,0.05493717153143906,-0.08540912790114163
COHFACE_s28_session0_lamp,0,602,20.066666666666666,-0.019592718534958156,-0.005630028814859379
COHFACE_s28_session0_lamp,0,603,20.1,-0.08770915745796845,0.03759260266418224
COHFACE_s28_session0_lamp,0,604,20.133333333333333,-0.1532964250178638,0.05864512901480837
COHFACE_s28_session0_lamp,0,605,20.166666666666668,-0.21933915334111548,0.1193199425162303
COHFACE_s28_session0_lamp,0,606,20.2,-0.2855570597187863,0.22104947532590363
COHFACE_s28_session0_lamp,0,607,20.233333333333334,-0.35040384495716803,0.30442846926709144
COHFACE_s28_session0_lamp,0,608,20.266666666666666,-0.4132503271448503,0.32901247668639594
COHFACE_s28_session0_lamp,0,609,20.3,-0.471448647843263,0.2738921994370723
COHFACE_s28_session0_lamp,0,610,20.333333333333332,-0.5174332945074184,0.17399495783614233
COHFACE_s28_session0_lamp,0,611,20.366666666666667,-0.5412870054684393,0.11948865336260484
COHFACE_s28_session0_lamp,0,612,20.4,-0.5324670069536542,0.12406074522926785
COHFACE_s28_session0_lamp,0,613,20.433333333333334,-0.47724968911403604,0.12493745052967678
COHFACE_s28_session0_lamp,0,614,20.466666666666665,-0.35990731713098334,0.08924964186442429
COHFACE_s28_session0_lamp,0,615,20.5,-0.17517679129559813,0.015002362415598925
COHFACE_s28_session0_lamp,0,616,20.533333333333335,0.052663362701299364,-0.06387586247746958
COHFACE_s28_session0_lamp,0,617,20.566666666666666,0.27269207012401797,-0.07794621792912464
COHFACE_s28_session0_lamp,0,618,20.6,0.44211054594218624,-0.023534310576881837
COHFACE_s28_session0_lamp,0,619,20.633333333333333,0.5482272675150581,0.03729722515761508
COHFACE_s28_session0_lamp,0,620,20.666666666666668,0.595823961772611,0.06657289503594357
COHFACE_s28_session0_lamp,0,621,20.7,0.5922578050703322,0.05109175507561618
COHFACE_s28_session0_lamp,0,622,20.733333333333334,0.5493088609178102,-0.00253874411210751
COHFACE_s28_session0_lamp,0,623,20.766666666666666,0.48452688078356176,-0.06795953440618302
COHFACE_s28_session0_lamp,0,624,20.8,0.41101842292643787,-0.13200128624255736
COHFACE_s28_session0_lamp,0,625,20.833333333333332,0.3318472106583115,-0.19458241331783396
COHFACE_s28_session0_lamp,0,626,20.866666666666667,0.247807257629279,-0.2515785171879785
COHFACE_s28_session0_lamp,0,627,20.9,0.16283649561295935,-0.2944931656299293
COHFACE_s28_session0_lamp,0,628,20.933333333333334,0.07938538112872998,-0.3361673534278333
COHFACE_s28_session0_lamp,0,629,20.966666666666665,-0.0034489507703909378,-0.4101177904242357
COHFACE_s28_session0_lamp,0,630,21.0,-0.08446322546258889,-0.522596783401255
COHFACE_s28_session0_lamp,0,631,21.033333333333335,-0.15953083230889353,-0.6519144121469395
COHFACE_s28_session0_lamp,0,632,21.066666666666666,-0.22869496346967458,-0.765857919015015
COHFACE_s28_session0_lamp,0,633,21.1,-0.29658764555333006,-0.8217407585755576
COHFACE_s28_session0_lamp,0,634,21.133333333333333,-0.3641017853682652,-0.7905554021832361
COHFACE_s28_session0_lamp,0,635,21.166666666666668,-0.42711753205677794,-0.6574678776863244
COHFACE_s28_session0_lamp,0,636,21.2,-0.4821241704752007,-0.3999857330390749
COHFACE_s28_session0_lamp,0,637,21.233333333333334,-0.5271819407770446,0.010376446825401568
COHFACE_s28_session0_lamp,0,638,21.266666666666666,-0.5581603275224365,0.5960250431136895
COHFACE_s28_session0_lamp,0,639,21.3,-0.5653127099772817,1.3696423064711585
COHFACE_s28_session0_lamp,0,640,21.333333333333332,-0.5327170848969057,2.063142178167528
COHFACE_s28_session0_lamp,0,641,21.366666666666667,-0.44098709535962205,2.1298043816000503
COHFACE_s28_session0_lamp,0,642,21.4,-0.2764964182271578,1.5573780237639994
COHFACE_s28_session0_lamp,0,643,21.433333333333334,-0.05082803906183931,0.8679306678704495
COHFACE_s28_session0_lamp,0,644,21.466666666666665,0.19099931840159756,0.323199760520974
COHFACE_s28_session0_lamp,0,645,21.5,0.3973418321160769,-0.07801198451852537
COHFACE_s28_session0_lamp,0,646,21.533333333333335,0.5416173222020287,-0.35900514308945797
COHFACE_s28_session0_lamp,0,647,21.566666666666666,0.6212809848776918,-0.5616226898252159
COHFACE_s28_session0_lamp,0,648,21.6,0.6410279156195922,-0.6989143475436047
COHFACE_s28_session0_lamp,0,649,21.633333333333333,0.6083017941488229,-0.7532803343200195
COHFACE_s28_session0_lamp,0,650,21.666666666666668,0.5372980140262399,-0.7307910621824631
COHFACE_s28_session0_lamp,0,651,21.7,0.4476809479209587,-0.6605877410994477
COHFACE_s28_session0_lamp,0,652,21.733333333333334,0.3563192813826116,-0.5401643462294723
COHFACE_s28_session0_lamp,0,653,21.766666666666666,0.26908971465385945,-0.3359069026158834
COHFACE_s28_session0_lamp,0,654,21.8,0.18390212383908197,-0.07939615757564067
COHFACE_s28_session0_lamp,0,655,21.833333333333332,0.10127267581289864,0.1320725965811536
COHFACE_s28_session0_lamp,0,656,21.866666666666667,0.025395802409521738,0.25349549162847623
COHFACE_s28_session0_lamp,0,657,21.9,-0.04278479220706691,0.29197251043106687
COHFACE_s28_session0_lamp,0,658,21.933333333333334,-0.10626842472219478,0.2837776716406268
COHFACE_s28_session0_lamp,0,659,21.966666666666665,-0.16673284792929532,0.2930672230603479
COHFACE_s28_session0_lamp,0,660,22.0,-0.2240810848037318,0.31406202305559117
COHFACE_s28_session0_lamp,0,661,22.033333333333335,-0.2796904612933667,0.2711745652212377
COHFACE_s28_session0_lamp,0,662,22.066666666666666,-0.33499065750508206,0.1515776146707093
COHFACE_s28_session0_lamp,0,663,22.1,-0.3897279419373323,0.0059061394390147355
COHFACE_s28_session0_lamp,0,664,22.133333333333333,-0.4430373192938552,-0.11916747570386467
COHFACE_s28_session0_lamp,0,665,22.166666666666668,-0.4909689304744285,-0.18121230179657716
COHFACE_s28_session0_lamp,0,666,22.2,-0.5245491483301331,-0.19137479196297424
COHFACE_s28_session0_lamp,0,667,22.233333333333334,-0.5327435150768206,-0.21359628658584445
COHFACE_s28_session0_lamp,0,668,22.266666666666666,-0.502919265188809,-0.27287665828986074
COHFACE_s28_session0_lamp,0,669,22.3,-0.41849078521300864,-0.3543850274283804
COHFACE_s28_session0_lamp,0,670,22.333333333333332,-0.265252840518175,-0.4265945970992066
COHFACE_s28_session0_lamp,0,671,22.366666666666667,-0.05203268957420886,-0.4416050984592745
COHFACE_s28_session0_lamp,0,672,22.4,0.1797850467335935,-0.3781800657789811
COHFACE_s28_session0_lamp,0,673,22.433333333333334,0.38085943587911686,-0.242257140733949
COHFACE_s28_session0_lamp,0,674,22.466666666666665,0.5221224395717081,-0.0660719880170888
COHFACE_s28_session0_lamp,0,675,22.5,0.596747521533261,0.09178432061106159
COHFACE_s28_session0_lamp,0,676,22.533333333333335,0.6087935600923107,0.19529500327762578
COHFACE_s28_session0_lamp,0,677,22.566666666666666,0.5684991520177097,0.23090880096594277
COHFACE_s28_session0_lamp,0,678,22.6,0.49460924066682,0.22914540022083613
COHFACE_s28_session0_lamp,0,679,22.633333333333333,0.4091450181527514,0.2634461603475538
COHFACE_s28_session0_lamp,0,680,22.666666666666668,0.32531148194053094,0.34277202370255505
COHFACE_s28_session0_lamp,0,681,22.7,0.24527891074178776,0.41108853676357804
COHFACE_s28_session0_lamp,0,682,22.733333333333334,0.16764607635415738,0.435051571191477
COHFACE_s28_session0_lamp,0,683,22.766666666666666,0.09254243172656992,0.4044735729774831
COHFACE_s28_session0_lamp,0,684,22.8,0.021041117145288446,0.32512972048558075
COHFACE_s28_session0_lamp,0,685,22.833333333333332,-0.04544105070320601,0.21881283738259125
COHFACE_s28_session0_lamp,0,686,22.866666666666667,-0.10533340138276102,0.10241394625705724
COHFACE_s28_session0_lamp,0,687,22.9,-0.15988733131045446,-0.011794215273478386
COHFACE_s28_session0_lamp,0,688,22.933333333333334,-0.21249169822333439,-0.11307513881496205
COHFACE_s28_session0_lamp,0,689,22.966666666666665,-0.2645449775092584,-0.19170716610867844
COHFACE_s28_session0_lamp,0,690,23.0,-0.3146737589065662,-0.25373921147214074
COHFACE_s28_session0_lamp,0,691,23.033333333333335,-0.36170264947723935,-0.32023958272179653
COHFACE_s28_session0_lamp,0,692,23.066666666666666,-0.4061425384106469,-0.3876624606853379
COHFACE_s28_session0_lamp,0,693,23.1,-0.4462012143213922,-0.42746164622647664
COHFACE_s28_session0_lamp,0,694,23.133333333333333,-0.4735612101509115,-0.41281542439871743
COHFACE_s28_session0_lamp,0,695,23.166666666666668,-0.4752063010558747,-0.31910550678065897
COHFACE_s28_session0_lamp,0,696,23.2,-0.43844324204133556,-0.1637800029353208
COHFACE_s28_session0_lamp,0,697,23.233333333333334,-0.35098327147883623,-0.006517358525200138
COHFACE_s28_session0_lamp,0,698,23.266666666666666,-0.2021703286913982,0.11419042565397132
COHFACE_s28_session0_lamp,0,699,23.3,-0.00018157316123840195,0.18102192019203944
COHFACE_s28_session0_lamp,0,700,23.333333333333332,0.2146316340589808,0.20697448446324584
COHFACE_s28_session0_lamp,0,701,23.366666666666667,0.3929816970752011,0.23451198263090117
COHFACE_s28_session0_lamp,0,702,23.4,0.5092148992835128,0.27865384832832607
COHFACE_s28_session0_lamp,0,703,23.433333333333334,0.5627217220640627,0.3263469684900226
COHFACE_s28_session0_lamp,0,704,23.466666666666665,0.5620841110330508,0.35614090257921516
COHFACE_s28_session0_lamp,0,705,23.5,0.5179071639563169,0.3384681402112623
COHFACE_s28_session0_lamp,0,706,23.533333333333335,0.445504152421838,0.2761279197115847
COHFACE_s28_session0_lamp,0,707,23.566666666666666,0.3631916387417823,0.20433846438822442
COHFACE_s28_session0_lamp,0,708,23.6,0.28252720396338576,0.13058169091234473
COHFACE_s28_session0_lamp,0,709,23.633333333333333,0.20382971447891968,0.03490911795646761
COHFACE_s28_session0_lamp,0,710,23.666666666666668,0.12390807636749424,-0.08442191568511086
COHFACE_s28_session0_lamp,0,711,23.7,0.04375004449387887,-0.2102071739698737
COHFACE_s28_session0_lamp,0,712,23.733333333333334,-0.033620938192132174,-0.3270462211293455
COHFACE_s28_session0_lamp,0,713,23.766666666666666,-0.10738658129730479,-0.4208841938122139
COHFACE_s28_session0_lamp,0,714,23.8,-0.17950403930047765,-0.47938843224751504
COHFACE_s28_session0_lamp,0,715,23.833333333333332,-0.2519513167377937,-0.4916382887956202
COHFACE_s28_session0_lamp,0,716,23.866666666666667,-0.3227048827851199,-0.45724037029695086
COHFACE_s28_session0_lamp,0,717,23.9,-0.38766264969370545,-0.3862680833024851
COHFACE_s28_session0_lamp,0,718,23.933333333333334,-0.4444333114401425,-0.28134314874836647
COHFACE_s28_session0_lamp,0,719,23.966666666666665,-0.4892994331013089,-0.13809357816516404
COHFACE_s28_session0_lamp,0,720,24.0,-0.5149729924694224,0.03325789354843863
COHFACE_s28_session0_lamp,0,721,24.033333333333335,-0.5116306590046928,0.20712972755613743
COHFACE_s28_session0_lamp,0,722,24.066666666666666,-0.46689353265978667,0.3351978947632374
COHFACE_s28_session0_lamp,0,723,24.1,-0.3678109280925468,0.3465056798084394
COHFACE_s28_session0_lamp,0,724,24.133333333333333,-0.20704455259422133,0.24641146925263385
COHFACE_s28_session0_lamp,0,725,24.166666666666668,0.002465863248466588,0.11631580652789142
COHFACE_s28_session0_lamp,0,726,24.2,0.2201202083490588,0.01843006430811438
COHFACE_s28_session0_lamp,0,727,24.233333333333334,0.40063460921141547,-0.0051191173148709005
COHFACE_s28_session0_lamp,0,728,24.266666666666666,0.5207845647013998,0.024250343587544833
COHFACE_s28_session0_lamp,0,729,24.3,0.579244658672005,0.02233066436826739
COHFACE_s28_session0_lamp,0,730,24.333333333333332,0.5829407544160436,-0.029564228832058538
COHFACE_s28_session0_lamp,0,731,24.366666666666667,0.5412695224312705,-0.08407141532606201
COHFACE_s28_session0_lamp,0,732,24.4,0.46971195602951155,-0.10801366598878556
COHFACE_s28_session0_lamp,0,733,24.433333333333334,0.38781169477151645,-0.08298174599812583
COHFACE_s28_session0_lamp,0,734,24.466666666666665,0.3073153214981451,-0.0036348544943512542
COHFACE_s28_session0_lamp,0,735,24.5,0.2277170134307699,0.12195823011297034
COHFACE_s28_session0_lamp,0,736,24.533333333333335,0.14547488133442396,0.2771316838063572
COHFACE_s28_session0_lamp,0,737,24.566666666666666,0.06112169183353017,0.43620545274784284
COHFACE_s28_session0_lamp,0,738,24.6,-0.0219534851751459,0.5458418000959484
COHFACE_s28_session0_lamp,0,739,24.633333333333333,-0.1007624295793487,0.5254558278787935
COHFACE_s28_session0_lamp,0,740,24.666666666666668,-0.17471452342431043,0.3759126935962783
COHFACE_s28_session0_lamp,0,741,24.7,-0.24565589766176676,0.17967320089278951
COHFACE_s28_session0_lamp,0,742,24.733333333333334,-0.31586695440320234,0.014092436384259477
COHFACE_s28_session0_lamp,0,743,24.766666666666666,-0.3849353742332945,-0.0493691289911795
COHFACE_s28_session0_lamp,0,744,24.8,-0.45003490879600144,-0.031648112576060136
COHFACE_s28_session0_lamp,0,745,24.833333333333332,-0.5083406571733756,-0.04498088369850234
COHFACE_s28_session0_lamp,0,746,24.866666666666667,-0.5550378855688993,-0.12832672764866113
COHFACE_s28_session0_lamp,0,747,24.9,-0.5794806500476714,-0.24610845215771493
COHFACE_s28_session0_lamp,0,748,24.933333333333334,-0.566377727233299,-0.3518058499332071
COHFACE_s28_session0_lamp,0,749,24.966666666666665,-0.4989013856504779,-0.3884125217756496
COHFACE_s28_session0_lamp,0,750,25.0,-0.3611468911440504,-0.3399958174640222
COHFACE_s28_session0_lamp,0,751,25.033333333333335,-0.15254816052217798,-0.23185965855744245
COHFACE_s28_session0_lamp,0,752,25.066666666666666,0.09358564852369199,-0.1031344750362053
COHFACE_s28_session0_lamp,0,753,25.1,0.3240278358410804,-0.006398756622429752
COHFACE_s28_session0_lamp,0,754,25.133333333333333,0.500941709203542,0.03867421717767331
COHFACE_s28_session0_lamp,0,755,25.166666666666668,0.6120677760815608,0.045206698040789195
COHFACE_s28_session0_lamp,0,756,25.2,0.6572957435577881,0.0257458190175282
COHFACE_s28_session0_lamp,0,757,25.233333333333334,0.6413453264852018,-0.008137825164338596
COHFACE_s28_session0_lamp,0,758,25.266666666666666,0.578967190089936,-0.06166211596763824
COHFACE_s28_session0_lamp,0,759,25.3,0.4936415963744838,-0.15644325516306962
COHFACE_s28_session0_lamp,0,760,25.333333333333332,0.40383096338508834,-0.27285389554428274
COHFACE_s28_session0_lamp,0,761,25.366666666666667,0.31617834979890386,-0.3499215797622386
COHFACE_s28_session0_lamp,0,762,25.4,0.23169705320740752,-0.3591481497292699
COHFACE_s28_session0_lamp,0,763,25.433333333333334,0.15138902045816252,-0.30479861047130274
COHFACE_s28_session0_lamp,0,764,25.466666666666665,0.0759410282926829,-0.20759667943344223
COHFACE_s28_session0_lamp,0,765,25.5,0.004379025360416448,-0.10454312497522149
COHFACE_s28_session0_lamp,0,766,25.533333333333335,-0.06526319251042764,-0.015777703605500213
COHFACE_s28_session0_lamp,0,767,25.566666666666666,-0.13379667518084426,0.05523397765657803
COHFACE_s28_session0_lamp,0,768,25.6,-0.20137209843297588,0.11963174786924381
COHFACE_s28_session0_lamp,0,769,25.633333333333333,-0.26947874170386865,0.20230370716114654
COHFACE_s28_session0_lamp,0,770,25.666666666666668,-0.3396851929349292,0.3027234072188073
COHFACE_s28_session0_lamp,0,771,25.7,-0.4106209785924424,0.3943507378814639
COHFACE_s28_session0_lamp,0,772,25.733333333333334,-0.4783265408403194,0.46460860165156836
COHFACE_s28_session0_lamp,0,773,25.766666666666666,-0.538768539385738,0.514576116752596
COHFACE_s28_session0_lamp,0,774,25.8,-0.5853704130883821,0.5347250263441249
COHFACE_s28_session0_lamp,0,775,25.833333333333332,-0.6066324532433475,0.5048353099570498
COHFACE_s28_session0_lamp,0,776,25.866666666666667,-0.588550876812906,0.421587948279329
COHFACE_s28_session0_lamp,0,777,25.9,-0.5140371942444457,0.29888604347076536
COHFACE_s28_session0_lamp,0,778,25.933333333333334,-0.3655588588975236,0.17313796314856644
COHFACE_s28_session0_lamp,0,779,25.966666666666665,-0.14519074809797003,0.10310961068569818
COHFACE_s28_session0_lamp,0,780,26.0,0.1077835659940483,0.09130048055635237
COHFACE_s28_session0_lamp,0,781,26.033333333333335,0.3375371492061319,0.08440240752062539
COHFACE_s28_session0_lamp,0,782,26.066666666666666,0.5101973348627457,0.04493274656824214
COHFACE_s28_session0_lamp,0,783,26.1,0.6187851022634184,-0.04760549930430025
COHFACE_s28_session0_lamp,0,784,26.133333333333333,0.6635784914420024,-0.17766586107461554
COHFACE_s28_session0_lamp,0,785,26.166666666666668,0.6469008692264608,-0.29341637906978546
COHFACE_s28_session0_lamp,0,786,26.2,0.5814467474068497,-0.3849615192323127
COHFACE_s28_session0_lamp,0,787,26.233333333333334,0.4915391649665875,-0.48378104167882297
COHFACE_s28_session0_lamp,0,788,26.266666666666666,0.4002562961327144,-0.5999531076362492
COHFACE_s28_session0_lamp,0,789,26.3,0.31646492964640094,-0.7211540031486969
COHFACE_s28_session0_lamp,0,790,26.333333333333332,0.2370575048007021,-0.8191389367216263
COHFACE_s28_session0_lamp,0,791,26.366666666666667,0.15829992557304037,-0.8497033289509033
COHFACE_s28_session0_lamp,0,792,26.4,0.08223810289138019,-0.8151345415769111
COHFACE_s28_session0_lamp,0,793,26.433333333333334,0.013836919320721806,-0.7639610603916611
COHFACE_s28_session0_lamp,0,794,26.466666666666665,-0.04558762531541883,-0.6960510280416494
COHFACE_s28_session0_lamp,0,795,26.5,-0.09948166787054713,-0.5630313149560953
COHFACE_s28_session0_lamp,0,796,26.533333333333335,-0.1515352844210862,-0.31296743141693817
COHFACE_s28_session0_lamp,0,797,26.566666666666666,-0.20409192008569735,0.10713129580185812
COHFACE_s28_session0_lamp,0,798,26.6,-0.2596500997202959,0.7131437947224425
COHFACE_s28_session0_lamp,0,799,26.633333333333333,-0.3197298198456068,1.4803161598743197
COHFACE_s28_session0_lamp,0,800,26.666666666666668,-0.3826667516418247,2.1305554452001405
COHFACE_s28_session0_lamp,0,801,26.7,-0.4450334791525776,2.1349018455178683
COHFACE_s28_session0_lamp,0,802,26.733333333333334,-0.5027318979026555,1.4917775510446196
COHFACE_s28_session0_lamp,0,803,26.766666666666666,-0.5474138849446205,0.7269762111733239
COHFACE_s28_session0_lamp,0,804,26.8,-0.566218283306735,0.11279883208085831
COHFACE_s28_session0_lamp,0,805,26.833333333333332,-0.5456536931737552,-0.3343163899143078
COHFACE_s28_session0_lamp,0,806,26.866666666666667,-0.47110100461611126,-0.6162736255953558
COHFACE_s28_session0_lamp,0,807,26.9,-0.3285498811124939,-0.7500495792392449
COHFACE_s28_session0_lamp,0,808,26.933333333333334,-0.11992793122684209,-0.7645228342331309
COHFACE_s28_session0_lamp,0,809,26.966666666666665,0.11980131910992062,-0.6986602631189397
COHFACE_s28_session0_lamp,0,810,27.0,0.33733025812157685,-0.5806694781841196
COHFACE_s28_session0_lamp,0,811,27.033333333333335,0.4976193600646954,-0.4276293059662156
COHFACE_s28_session0_lamp,0,812,27.066666666666666,0.5923327046614232,-0.25755971902982533
COHFACE_s28_session0_lamp,0,813,27.1,0.6248805163870222,-0.08996899884160775
COHFACE_s28_session0_lamp,0,814,27.133333333333333,0.6032887228687159,0.07088099306918544
COHFACE_s28_session0_lamp,0,815,27.166666666666668,0.5406840681442697,0.23492665940092508
COHFACE_s28_session0_lamp,0,816,27.2,0.455967968095715,0.3831553266253954
COHFACE_s28_session0_lamp,0,817,27.233333333333334,0.3678607636555432,0.467006804152076
COHFACE_s28_session0_lamp,0,818,27.266666666666666,0.28573134978830456,0.46627575414967604
COHFACE_s28_session0_lamp,0,819,27.3,0.2087142301041372,0.38912162630366376
COHFACE_s28_session0_lamp,0,820,27.333333333333332,0.13337137683435996,0.2588639363902787
COHFACE_s28_session0_lamp,0,821,27.366666666666667,0.060162177671441816,0.1138906793295025
COHFACE_s28_session0_lamp,0,822,27.4,-0.008374988582480467,-0.03334113978452253
COHFACE_s28_session0_lamp,0,823,27.433333333333334,-0.07026004336290062,-0.19560140929436892
COHFACE_s28_session0_lamp,0,824,27.466666666666665,-0.12564510226647257,-0.36308743616762906
COHFACE_s28_session0_lamp,0,825,27.5,-0.17836809429161432,-0.5025254483567211
COHFACE_s28_session0_lamp,0,826,27.533333333333335,-0.23240808492248602,-0.5861702467017627
COHFACE_s28_session0_lamp,0,827,27.566666666666666,-0.28855492489809653,-0.5915957806233492
COHFACE_s28_session0_lamp,0,828,27.6,-0.34575008633474885,-0.5296178153983822
COHFACE_s28_session0_lamp,0,829,27.633333333333333,-0.4030528414346602,-0.44394418377262834
COHFACE_s28_session0_lamp,0,830,27.666666666666668,-0.45788153250473995,-0.3540479757661352
COHFACE_s28_session0_lamp,0,831,27.7,-0.5030930799363129,-0.25523121038859614
COHFACE_s28_session0_lamp,0,832,27.733333333333334,-0.5267163306132587,-0.13354162816522402
COHFACE_s28_session0_lamp,0,833,27.766666666666666,-0.5135669596453247,0.03309886251705412
COHFACE_s28_session0_lamp,0,834,27.8,-0.44808419864368354,0.2280197789020607
COHFACE_s28_session0_lamp,0,835,27.833333333333332,-0.3171528197006122,0.3950662274283666
COHFACE_s28_session0_lamp,0,836,27.866666666666667,-0.12245751533903065,0.49792905980234675
COHFACE_s28_session0_lamp,0,837,27.9,0.10209923629663223,0.51997299482197
COHFACE_s28_session0_lamp,0,838,27.933333333333334,0.3052692352443822,0.4780055601549353
COHFACE_s28_session0_lamp,0,839,27.966666666666665,0.4546573613760707,0.4216193268356252
COHFACE_s28_session0_lamp,0,840,28.0,0.5433811621779336,0.3744288927199977
COHFACE_s28_session0_lamp,0,841,28.033333333333335,0.5736425110053825,0.33378714747969673
COHFACE_s28_session0_lamp,0,842,28.066666666666666,0.5512774030870271,0.27917139815934283
COHFACE_s28_session0_lamp,0,843,28.1,0.49133393504459666,0.1730673858528957
COHFACE_s28_session0_lamp,0,844,28.133333333333333,0.4165431664246024,0.042348911388192176
COHFACE_s28_session0_lamp,0,845,28.166666666666668,0.3446976778706197,-0.021726451738908248
COHFACE_s28_session0_lamp,0,846,28.2,0.27914461834781285,-0.005712328215027415
COHFACE_s28_session0_lamp,0,847,28.233333333333334,0.21442609274801114,0.026113371167074073
COHFACE_s28_session0_lamp,0,848,28.266666666666666,0.14805914580769733,0.025591002800749732
COHFACE_s28_session0_lamp,0,849,28.3,0.08259938260293404,-0.038144267009365254
COHFACE_s28_session0_lamp,0,850,28.333333333333332,0.021078624706214084,-0.1605037322050874
COHFACE_s28_session0_lamp,0,851,28.366666666666667,-0.03485687536492033,-0.3011052847382226
COHFACE_s28_session0_lamp,0,852,28.4,-0.08648412838400853,-0.4291220465710055
COHFACE_s28_session0_lamp,0,853,28.433333333333334,-0.13850804404230205,-0.5231528930871452
COHFACE_s28_session0_lamp,0,854,28.466666666666665,-0.1950512823090436,-0.5568601238350157
COHFACE_s28_session0_lamp,0,855,28.5,-0.2558502340225149,-0.4990518729882024
COHFACE_s28_session0_lamp,0,856,28.533333333333335,-0.317715997829048,-0.385677092183056
COHFACE_s28_session0_lamp,0,857,28.566666666666666,-0.37967392398122357,-0.31920979833719204
COHFACE_s28_session0_lamp,0,858,28.6,-0.44165592194613473,-0.2986116636549042
COHFACE_s28_session0_lamp,0,859,28.633333333333333,-0.4986279965850143,-0.21985084738890706
COHFACE_s28_session0_lamp,0,860,28.666666666666668,-0.5418411457542295,-0.05124765316998769
COHFACE_s28_session0_lamp,0,861,28.7,-0.5614756460380688,0.16503200315769048
COHFACE_s28_session0_lamp,0,862,28.733333333333334,-0.5446220330131826,0.3765175907706623
COHFACE_s28_session0_lamp,0,863,28.766666666666666,-0.4729751324417014,0.5203799105958635
COHFACE_s28_session0_lamp,0,864,28.8,-0.32854067858365416,0.5818201648481381
COHFACE_s28_session0_lamp,0,865,28.833333333333332,-0.11459775737916238,0.5934545948213207
COHFACE_s28_session0_lamp,0,866,28.866666666666667,0.12950074702832798,0.5636800803591964
COHFACE_s28_session0_lamp,0,867,28.9,0.34940436344441017,0.47634643081143324
COHFACE_s28_session0_lamp,0,868,28.933333333333334,0.5110705325149443,0.3556938732414554
COHFACE_s28_session0_lamp,0,869,28.966666666666665,0.6067034203748534,0.26628812190337786
COHFACE_s28_session0_lamp,0,870,29.0,0.6384109533568438,0.2132600570819277
COHFACE_s28_session0_lamp,0,871,29.033333333333335,0.6131877713996265,0.14281559942796285
COHFACE_s28_session0_lamp,0,872,29.066666666666666,0.5471470430671067,0.03625985486289433
COHFACE_s28_session0_lamp,0,873,29.1,0.46237651092911375,-0.08893576382859711
COHFACE_s28_session0_lamp,0,874,29.133333333333333,0.3771335104152543,-0.20285254092800664
COHFACE_s28_session0_lamp,0,875,29.166666666666668,0.297715735657393,-0.2630627773158375
COHFACE_s28_session0_lamp,0,876,29.2,0.22323359724571457,-0.270599020246833
COHFACE_s28_session0_lamp,0,877,29.233333333333334,0.15453369768028757,-0.26946809771078806
COHFACE_s28_session0_lamp,0,878,29.266666666666666,0.09211201149224131,-0.2747569359046214
COHFACE_s28_session0_lamp,0,879,29.3,0.0337720868172692,-0.2721870006910145
COHFACE_s28_session0_lamp,0,880,29.333333333333332,-0.02236296384506605,-0.2476357594122099
COHFACE_s28_session0_lamp,0,881,29.366666666666667,-0.07764637682379613,-0.18755177992606512
COHFACE_s28_session0_lamp,0,882,29.4,-0.13379481701531437,-0.11173651868023592
COHFACE_s28_session0_lamp,0,883,29.433333333333334,-0.1916940075481821,-0.07320507146802298
COHFACE_s28_session0_lamp,0,884,29.466666666666665,-0.25167848228066686,-0.0897880361364252
COHFACE_s28_session0_lamp,0,885,29.5,-0.3137576567327931,-0.1439062267625078
COHFACE_s28_session0_lamp,0,886,29.533333333333335,-0.3772371642964122,-0.19998146372098624
COHFACE_s28_session0_lamp,0,887,29.566666666666666,-0.4406341673074906,-0.20509733647969042
COHFACE_s28_session0_lamp,0,888,29.6,-0.4985411932281963,-0.16431004195813056
COHFACE_s28_session0_lamp,0,889,29.633333333333333,-0.5411339550172747,-0.1404996945029745
COHFACE_s28_session0_lamp,0,890,29.666666666666668,-0.5590389773710618,-0.16212872492144778
COHFACE_s28_session0_lamp,0,891,29.7,-0.5423206735581446,-0.22263406889098258
COHFACE_s28_session0_lamp,0,892,29.733333333333334,-0.47510065226467574,-0.28118348929043446
COHFACE_s28_session0_lamp,0,893,29.766666666666666,-0.3404899604384256,-0.2634646679791351
COHFACE_s28_session0_lamp,0,894,29.8,-0.1387133723917125,-0.15707544049184485
COHFACE_s28_session0_lamp,0,895,29.833333333333332,0.09709003685065169,-0.01205500491855762
COHFACE_s28_session0_lamp,0,896,29.866666666666667,0.31451037961325057,0.1455280662318139
COHFACE_s28_session0_lamp,0,897,29.9,0.47625010963784237,0.31324507507701227
COHFACE_s28_session0_lamp,0,898,29.933333333333334,0.572995711069003,0.4848372915597972
COHFACE_s28_session0_lamp,0,899,29.966666666666665,0.6102125270699481,0.6491612796812957
COHFACE_s28_session0_lamp,0,900,30.0,0.5956182699955986,0.767326627124967
COHFACE_s28_session0_lamp,0,901,30.033333333333335,0.5403259017799383,0.7726191589433222
COHFACE_s28_session0_lamp,0,902,30.066666666666666,0.46211769936541897,0.6469119337784054
COHFACE_s28_session0_lamp,0,903,30.1,0.3772912747150893,0.4211456356422809
COHFACE_s28_session0_lamp,0,904,30.133333333333333,0.29259771304582405,0.17217284799943247
COHFACE_s28_session0_lamp,0,905,30.166666666666668,0.20871135964779872,0.02217373774220527
COHFACE_s28_session0_lamp,0,906,30.2,0.12635576321010858,-0.015637790336058194
COHFACE_s28_session0_lamp,0,907,30.233333333333334,0.04870909199672259,-0.036294383889270476
COHFACE_s28_session0_lamp,0,908,30.266666666666666,-0.021149587865630433,-0.08976099083694956
COHFACE_s28_session0_lamp,0,909,30.3,-0.08405021929735697,-0.17931237028736186
COHFACE_s28_session0_lamp,0,910,30.333333333333332,-0.14227059690673827,-0.2725124339000479
COHFACE_s28_session0_lamp,0,911,30.366666666666667,-0.1970995444451652,-0.30146741238703617
COHFACE_s28_session0_lamp,0,912,30.4,-0.2503897947611605,-0.26461138236684567
COHFACE_s28_session0_lamp,0,913,30.433333333333334,-0.3040295246427147,-0.22650457686676534
COHFACE_s28_session0_lamp,0,914,30.466666666666665,-0.35803040310990103,-0.22520543410274205
COHFACE_s28_session0_lamp,0,915,30.5,-0.40922686091701216,-0.27141204962159904
COHFACE_s28_session0_lamp,0,916,30.533333333333335,-0.4505094679919712,-0.3380488949660039
COHFACE_s28_session0_lamp,0,917,30.566666666666666,-0.47258803860540255,-0.3606872641106403
COHFACE_s28_session0_lamp,0,918,30.6,-0.46602155999848716,-0.31733415476171584
COHFACE_s28_session0_lamp,0,919,30.633333333333333,-0.41925751110056686,-0.22888298110472677
COHFACE_s28_session0_lamp,0,920,30.666666666666668,-0.31867283884583114,-0.13211943166687756
COHFACE_s28_session0_lamp,0,921,30.7,-0.15903284763531975,-0.07928225539688534
COHFACE_s28_session0_lamp,0,922,30.733333333333334,0.03938779996059995,-0.05451268980865555
COHFACE_s28_session0_lamp,0,923,30.766666666666666,0.2330715919603214,0.02531764399972883
COHFACE_s28_session0_lamp,0,924,30.8,0.38477743287635846,0.16896513026076024
COHFACE_s28_session0_lamp,0,925,30.833333333333332,0.4807079851347619,0.309994249143257
COHFACE_s28_session0_lamp,0,926,30.866666666666667,0.5216837591535857,0.3892267441247166
COHFACE_s28_session0_lamp,0,927,30.9,0.5151598195146948,0.355439689471978
COHFACE_s28_session0_lamp,0,928,30.933333333333334,0.4748387967971786,0.24146121018348837
COHFACE_s28_session0_lamp,0,929,30.966666666666665,0.4168964302892795,0.16347219044072245
COHFACE_s28_session0_lamp,0,930,31.0,0.352891977020079,0.1531167361240946
COHFACE_s28_session0_lamp,0,931,31.033333333333335,0.28684454607921434,0.15715749086840755
COHFACE_s28_session0_lamp,0,932,31.066666666666666,0.21795854833235753,0.14289523225351716
COHFACE_s28_session0_lamp,0,933,31.1,0.14507611684252544,0.0990929048910834
COHFACE_s28_session0_lamp,0,934,31.133333333333333,0.06877681205173186,0.039166764929371795
COHFACE_s28_session0_lamp,0,935,31.166666666666668,-0.009855660852315956,0.0011265570188181105
COHFACE_s28_session0_lamp,0,936,31.2,-0.0900951283552491,-0.007926246401385652
COHFACE_s28_session0_lamp,0,937,31.233333333333334,-0.170997023385427,-0.011717672915928554
COHFACE_s28_session0_lamp,0,938,31.266666666666666,-0.2522930757065277,-0.014890318931586558
COHFACE_s28_session0_lamp,0,939,31.3,-0.33375943695788574,-0.0028319301194549493
COHFACE_s28_session0_lamp,0,940,31.333333333333332,-0.41305833381554585,0.015994939173697237
COHFACE_s28_session0_lamp,0,941,31.366666666666667,-0.4865140329026738,0.010216038440452109
COHFACE_s28_session0_lamp,0,942,31.4,-0.5502229081203609,-0.027930614921168745
COHFACE_s28_session0_lamp,0,943,31.433333333333334,-0.5985823123927908,-0.08233137001000229
COHFACE_s28_session0_lamp,0,944,31.466666666666665,-0.6210921166084659,-0.13803038073924653
COHFACE_s28_session0_lamp,0,945,31.5,-0.601296846691391,-0.18128209002235032
COHFACE_s28_session0_lamp,0,946,31.533333333333335,-0.5188472126317608,-0.2222832318847958
COHFACE_s28_session0_lamp,0,947,31.566666666666666,-0.3570616489926186,-0.2945924216968556
COHFACE_s28_session0_lamp,0,948,31.6,-0.12415405551048056,-0.405284983186279
COHFACE_s28_session0_lamp,0,949,31.633333333333333,0.13479683714038643,-0.5342673217165276
COHFACE_s28_session0_lamp,0,950,31.666666666666668,0.36608543096006774,-0.6561930625181308
COHFACE_s28_session0_lamp,0,951,31.7,0.5404763967704169,-0.7403182031712576
COHFACE_s28_session0_lamp,0,952,31.733333333333334,0.6504095248033887,-0.755610579725743
COHFACE_s28_session0_lamp,0,953,31.766666666666666,0.6954825788036132,-0.6711005628211242
COHFACE_s28_session0_lamp,0,954,31.8,0.6819007688517671,-0.5028011406814465
COHFACE_s28_session0_lamp,0,955,31.833333333333332,0.6253085213921604,-0.3139167214093813
COHFACE_s28_session0_lamp,0,956,31.866666666666667,0.545546600311697,-0.08840702497221999
COHFACE_s28_session0_lamp,0,957,31.9,0.45880865764924644,0.2671357702646698
COHFACE_s28_session0_lamp,0,958,31.933333333333334,0.37221474689601736,0.8043043243089526
COHFACE_s28_session0_lamp,0,959,31.966666666666665,0.28439137630409494,1.528793220262602
COHFACE_s28_session0_lamp,0,960,32.0,0.1946716277581656,2.1786357782285575
COHFACE_s28_session0_lamp,0,961,32.03333333333333,0.10656128133793319,2.226531382744567
COHFACE_s28_session0_lamp,0,962,32.06666666666667,0.021717811274410553,1.648945035281484
COHFACE_s28_session0_lamp,0,963,32.1,-0.06044882443945135,0.9264391102281946
COHFACE_s28_session0_lamp,0,964,32.13333333333333,-0.14060192270844435,0.3141896505167535
COHFACE_s28_session0_lamp,0,965,32.166666666666664,-0.22112704524263266,-0.1601662130569827
COHFACE_s28_session0_lamp,0,966,32.2,-0.3045909464857608,-0.5086851166138737
COHFACE_s28_session0_lamp,0,967,32.233333333333334,-0.3902870040258915,-0.7793303026470247
COHFACE_s28_session0_lamp,0,968,32.266666666666666,-0.47520203383098175,-0.9776712023847608
COHFACE_s28_session0_lamp,0,969,32.3,-0.5563517843608625,-1.0647321069628963
COHFACE_s28_session0_lamp,0,970,32.333333333333336,-0.6284529957623183,-1.0224779408695288
COHFACE_s28_session0_lamp,0,971,32.36666666666667,-0.6814441332139003,-0.853657106928631
COHFACE_s28_session0_lamp,0,972,32.4,-0.7027233555241061,-0.6060613326389059
COHFACE_s28_session0_lamp,0,973,32.43333333333333,-0.6771794905980647,-0.3723113871062724
COHFACE_s28_session0_lamp,0,974,32.46666666666667,-0.5850551944142934,-0.19233658824224964
COHFACE_s28_session0_lamp,0,975,32.5,-0.40960202714809824,-0.05386147533135843
COHFACE_s28_session0_lamp,0,976,32.53333333333333,-0.16085721029164957,0.06982400655879546
COHFACE_s28_session0_lamp,0,977,32.56666666666667,0.11414559442376386,0.2181313087064809
COHFACE_s28_session0_lamp,0,978,32.6,0.36204550495186044,0.37399416449921924
COHFACE_s28_session0_lamp,0,979,32.63333333333333,0.5527784907787917,0.46331836502745205
COHFACE_s28_session0_lamp,0,980,32.666666666666664,0.675718777589656,0.45191569866403636
COHFACE_s28_session0_lamp,0,981,32.7,0.7284470301681691,0.34586403478962524
COHFACE_s28_session0_lamp,0,982,32.733333333333334,0.7154972829143227,0.1845838741038351
COHFACE_s28_session0_lamp,0,983,32.766666666666666,0.652660752616661,0.04047362886471503
COHFACE_s28_session0_lamp,0,984,32.8,0.5658488760491804,-0.06020815804872179
COHFACE_s28_session0_lamp,0,985,32.833333333333336,0.47619096331356603,-0.13705954783629093
COHFACE_s28_session0_lamp,0,986,32.86666666666667,0.38895657375941456,-0.19802999546851574
COHFACE_s28_session0_lamp,0,987,32.9,0.30195245358626466,-0.23863798295486313
COHFACE_s28_session0_lamp,0,988,32.93333333333333,0.21563159838323,-0.25573266418826784
COHFACE_s28_session0_lamp,0,989,32.96666666666667,0.13264411814746266,-0.24729633338745236
COHFACE_s28_session0_lamp,0,990,33.0,0.05523716636434065,-0.2181822411613939
COHFACE_s28_session0_lamp,0,991,33.03333333333333,-0.015713351470997707,-0.1800438277259072
COHFACE_s28_session0_lamp,0,992,33.06666666666667,-0.08126898735947628,-0.15270970249626026
COHFACE_s28_session0_lamp,0,993,33.1,-0.14393162842129267,-0.16389990113395086
COHFACE_s28_session0_lamp,0,994,33.13333333333333,-0.20607016586812807,-0.18061121315878517
COHFACE_s28_session0_lamp,0,995,33.166666666666664,-0.27076872978241495,-0.11000611496226739
COHFACE_s28_session0_lamp,0,996,33.2,-0.34176433101897435,0.061503833154553794
COHFACE_s28_session0_lamp,0,997,33.233333333333334,-0.41807814350590633,0.26734051162242883
COHFACE_s28_session0_lamp,0,998,33.266666666666666,-0.4942887875245437,0.43844671726957446
COHFACE_s28_session0_lamp,0,999,33.3,-0.5653938851098737,0.5037813901020107
COHFACE_s28_session0_lamp,0,1000,33.333333333333336,-0.6243899755604703,0.4626042480082691
COHFACE_s28_session0_lamp,0,1001,33.36666666666667,-0.6596989783578955,0.3840125072263686
COHFACE_s28_session0_lamp,0,1002,33.4,-0.6571172073168546,0.29874001718303744
COHFACE_s28_session0_lamp,0,1003,33.43333333333333,-0.5989228241483667,0.19882232118486715
COHFACE_s28_session0_lamp,0,1004,33.46666666666667,-0.4652789776130448,0.08424212740003414
COHFACE_s28_session0_lamp,0,1005,33.5,-0.25152121203733796,-0.036363542707350975
COHFACE_s28_session0_lamp,0,1006,33.53333333333333,0.01096252854581439,-0.14986186332880957
COHFACE_s28_session0_lamp,0,1007,33.56666666666667,0.26647899642706496,-0.23814592329198347
COHFACE_s28_session0_lamp,0,1008,33.6,0.47169198636338333,-0.30273364079084286
COHFACE_s28_session0_lamp,0,1009,33.63333333333333,0.6100866619402969,-0.36409968124000675
COHFACE_s28_session0_lamp,0,1010,33.666666666666664,0.6794838867042032,-0.43080396687780936
COHFACE_s28_session0_lamp,0,1011,33.7,0.6833016584915649,-0.49881635862166224
COHFACE_s28_session0_lamp,0,1012,33.733333333333334,0.6345669206043583,-0.5406819136690104
COHFACE_s28_session0_lamp,0,1013,33.766666666666666,0.5557936324282738,-0.5058390182291739
COHFACE_s28_session0_lamp,0,1014,33.8,0.4686411011350544,-0.3861024963381963
COHFACE_s28_session0_lamp,0,1015,33.833333333333336,0.38424175961636775,-0.21616605500321254
COHFACE_s28_session0_lamp,0,1016,33.86666666666667,0.302175370862181,-0.03232242963373368
COHFACE_s28_session0_lamp,0,1017,33.9,0.2196114748986611,0.1273480634121686
COHFACE_s28_session0_lamp,0,1018,33.93333333333333,0.13903317734958143,0.2796837402404646
COHFACE_s28_session0_lamp,0,1019,33.96666666666667,0.06432438347099048,0.4948009033912292
COHFACE_s28_session0_lamp,0,1020,34.0,-0.0039028084058500764,0.7432503346914304
COHFACE_s28_session0_lamp,0,1021,34.03333333333333,-0.06696024717447291,0.8953223408464861
COHFACE_s28_session0_lamp,0,1022,34.06666666666667,-0.12643249864343115,0.8955037640730222
COHFACE_s28_session0_lamp,0,1023,34.1,-0.18362086071848355,0.7629984340830691
COHFACE_s28_session0_lamp,0,1024,34.13333333333333,-0.2400886201534609,0.562648839576639
COHFACE_s28_session0_lamp,0,1025,34.166666666666664,-0.29769241032575433,0.40404215394022325
COHFACE_s28_session0_lamp,0,1026,34.2,-0.3572940391315038,0.29744809913161174
COHFACE_s28_session0_lamp,0,1027,34.233333333333334,-0.4174389013456288,0.15469573629670455
COHFACE_s28_session0_lamp,0,1028,34.266666666666666,-0.4733985224269284,-0.06211933205134379
COHFACE_s28_session0_lamp,0,1029,34.3,-0.5188734725580257,-0.33847724082577
COHFACE_s28_session0_lamp,0,1030,34.333333333333336,-0.5463490228284589,-0.6212382718589877
COHFACE_s28_session0_lamp,0,1031,34.36666666666667,-0.543213033658834,-0.8181503756901147
COHFACE_s28_session0_lamp,0,1032,34.4,-0.4915513258874102,-0.8891604807001547
COHFACE_s28_session0_lamp,0,1033,34.43333333333333,-0.3733500110501582,-0.8461202093690331
COHFACE_s28_session0_lamp,0,1034,34.46666666666667,-0.18421929568445586,-0.715102457874213
COHFACE_s28_session0_lamp,0,1035,34.5,0.04726227215532117,-0.5359317024204895
COHFACE_s28_session0_lamp,0,1036,34.53333333333333,0.26828960895466064,-0.3382819440665924
COHFACE_s28_session0_lamp,0,1037,34.56666666666667,0.4389702194408557,-0.14209055133028875
COHFACE_s28_session0_lamp,0,1038,34.6,0.5473627276588094,0.0488702234652348
COHFACE_s28_session0_lamp,0,1039,34.63333333333333,0.594528619725201,0.24570053488228522
COHFACE_s28_session0_lamp,0,1040,34.666666666666664,0.5855862112260313,0.4314159967633806
COHFACE_s28_session0_lamp,0,1041,34.7,0.5346083629774011,0.5600233753132919
COHFACE_s28_session0_lamp,0,1042,34.733333333333334,0.4638866500965334,0.6098001085095037
COHFACE_s28_session0_lamp,0,1043,34.766666666666666,0.3902419024436888,0.5829912082142277
COHFACE_s28_session0_lamp,0,1044,34.8,0.3162711841107034,0.48421511084984936
COHFACE_s28_session0_lamp,0,1045,34.833333333333336,0.23967619220073233,0.320513712346918
COHFACE_s28_session0_lamp,0,1046,34.86666666666667,0.16164557494635368,0.12058254944086251
COHFACE_s28_session0_lamp,0,1047,34.9,0.08522930167073722,-0.06489275242147605
COHFACE_s28_session0_lamp,0,1048,34.93333333333333,0.01364994785353705,-0.20838808696311778
COHFACE_s28_session0_lamp,0,1049,34.96666666666667,-0.05249258490120347,-0.3050163201344055
COHFACE_s28_session0_lamp,0,1050,35.0,-0.11581086235322655,-0.36149721925117007
COHFACE_s28_session0_lamp,0,1051,35.03333333333333,-0.17949875652323988,-0.39528647465823846
COHFACE_s28_session0_lamp,0,1052,35.06666666666667,-0.24707588035798328,-0.4164627158715521
COHFACE_s28_session0_lamp,0,1053,35.1,-0.32101293526351343,-0.42721519840331557
COHFACE_s28_session0_lamp,0,1054,35.13333333333333,-0.3994260901375105,-0.41108663791713995
COHFACE_s28_session0_lamp,0,1055,35.166666666666664,-0.47634579953702805,-0.33339614198113143
COHFACE_s28_session0_lamp,0,1056,35.2,-0.5440769479206102,-0.20450002260400973
COHFACE_s28_session0_lamp,0,1057,35.233333333333334,-0.5933140889818674,-0.0800805971155639
COHFACE_s28_session0_lamp,0,1058,35.266666666666666,-0.6116743377767615,0.013510098758515582
COHFACE_s28_session0_lamp,0,1059,35.3,-0.5827571358665635,0.07908562553331652
COHFACE_s28_session0_lamp,0,1060,35.333333333333336,-0.48993717434987394,0.14108782790949465
COHFACE_s28_session0_lamp,0,1061,35.36666666666667,-0.32445652706012595,0.24438252169999722
COHFACE_s28_session0_lamp,0,1062,35.4,-0.09833069487344351,0.37620163077922736
COHFACE_s28_session0_lamp,0,1063,35.43333333333333,0.14783234410531104,0.46574674391800963
COHFACE_s28_session0_lamp,0,1064,35.46666666666667,0.36561391487163075,0.4857480971415089
COHFACE_s28_session0_lamp,0,1065,35.5,0.5268829092701302,0.4525941463285154
COHFACE_s28_session0_lamp,0,1066,35.53333333333333,0.6242281458911216,0.3943892642531446
COHFACE_s28_session0_lamp,0,1067,35.56666666666667,0.659061572757193,0.3503791208702874
COHFACE_s28_session0_lamp,0,1068,35.6,0.6388482228835521,0.32460234941665866
COHFACE_s28_session0_lamp,0,1069,35.63333333333333,0.5806139034975447,0.28609914282521437
COHFACE_s28_session0_lamp,0,1070,35.666666666666664,0.5058684267891053,0.21548685793489786
COHFACE_s28_session0_lamp,0,1071,35.7,0.42734924918115796,0.10581432842892827
COHFACE_s28_session0_lamp,0,1072,35.733333333333334,0.34712722339029334,-0.02926921989344576
COHFACE_s28_session0_lamp,0,1073,35.766666666666666,0.2641639963519122,-0.15509442997559786
COHFACE_s28_session0_lamp,0,1074,35.8,0.1788712304808465,-0.2600964944866615
COHFACE_s28_session0_lamp,0,1075,35.833333333333336,0.09302849165347973,-0.35521689653786503
COHFACE_s28_session0_lamp,0,1076,35.86666666666667,0.00713142879880458,-0.43779158974834687
COHFACE_s28_session0_lamp,0,1077,35.9,-0.07784884978148132,-0.490917913107338
COHFACE_s28_session0_lamp,0,1078,35.93333333333333,-0.15841663785602195,-0.4955341500413609
COHFACE_s28_session0_lamp,0,1079,35.96666666666667,-0.23410085237329178,-0.4305647131512701
COHFACE_s28_session0_lamp,0,1080,36.0,-0.3089569723566789,-0.318313939337544
COHFACE_s28_session0_lamp,0,1081,36.03333333333333,-0.3844162892923968,-0.22427266080403213
COHFACE_s28_session0_lamp,0,1082,36.06666666666667,-0.45679119876239366,-0.17112076247434532
COHFACE_s28_session0_lamp,0,1083,36.1,-0.5228164355008815,-0.1387381771386223
COHFACE_s28_session0_lamp,0,1084,36.13333333333333,-0.5805258775688464,-0.09892213301913953
COHFACE_s28_session0_lamp,0,1085,36.166666666666664,-0.6230775465800964,-0.016427404585544196
COHFACE_s28_session0_lamp,0,1086,36.2,-0.6368205433720951,0.10315441520884769
COHFACE_s28_session0_lamp,0,1087,36.233333333333334,-0.604006163975661,0.21296690302710308
COHFACE_s28_session0_lamp,0,1088,36.266666666666666,-0.5071505932592348,0.28456281398022465
COHFACE_s28_session0_lamp,0,1089,36.3,-0.3364301996626843,0.30793995481629727
COHFACE_s28_session0_lamp,0,1090,36.333333333333336,-0.10363920673497713,0.30688242602187066
COHFACE_s28_session0_lamp,0,1091,36.36666666666667,0.1503026466037803,0.3381154735841344
COHFACE_s28_session0_lamp,0,1092,36.4,0.3777036827782368,0.4028284739648848
COHFACE_s28_session0_lamp,0,1093,36.43333333333333,0.5506032798961826,0.44643089939233005
COHFACE_s28_session0_lamp,0,1094,36.46666666666667,0.6580107993740489,0.43751650739109654
COHFACE_s28_session0_lamp,0,1095,36.5,0.6961209620028801,0.36847678265861344
COHFACE_s28_session0_lamp,0,1096,36.53333333333333,0.6719090321939787,0.2621628838689345
COHFACE_s28_session0_lamp,0,1097,36.56666666666667,0.6049920168051393,0.17174897522580473
COHFACE_s28_session0_lamp,0,1098,36.6,0.5174770229155191,0.1160993771965107
COHFACE_s28_session0_lamp,0,1099,36.63333333333333,0.4234442000624861,0.07990270989424608
COHFACE_s28_session0_lamp,0,1100,36.666666666666664,0.32917610833140526,0.04658844394244102
COHFACE_s28_session0_lamp,0,1101,36.7,0.23906736938899234,-0.0009083103067481293
COHFACE_s28_session0_lamp,0,1102,36.733333333333334,0.15591086380675528,-0.06814056788852023
COHFACE_s28_session0_lamp,0,1103,36.766666666666666,0.0792210891142619,-0.14862834372938202
COHFACE_s28_session0_lamp,0,1104,36.8,0.008260168722542503,-0.23934983735161708
COHFACE_s28_session0_lamp,0,1105,36.833333333333336,-0.056868281002057784,-0.3402440945294674
COHFACE_s28_session0_lamp,0,1106,36.86666666666667,-0.11670118793788979,-0.4503775126524011
COHFACE_s28_session0_lamp,0,1107,36.9,-0.17282443458983318,-0.567258690555751
COHFACE_s28_session0_lamp,0,1108,36.93333333333333,-0.22855641206456306,-0.6750935486892805
COHFACE_s28_session0_lamp,0,1109,36.96666666666667,-0.28794970673788234,-0.7444363224015721
COHFACE_s28_session0_lamp,0,1110,37.0,-0.3522572037002571,-0.7713727118054496
COHFACE_s28_session0_lamp,0,1111,37.03333333333333,-0.4191715050528599,-0.7771936353257166
COHFACE_s28_session0_lamp,0,1112,37.06666666666667,-0.48565596337588374,-0.7789735976446548
COHFACE_s28_session0_lamp,0,1113,37.1,-0.5468912801301037,-0.7891180269883197
COHFACE_s28_session0_lamp,0,1114,37.13333333333333,-0.5922465133131608,-0.7720586230222268
COHFACE_s28_session0_lamp,0,1115,37.166666666666664,-0.6080832109216834,-0.6453042746638181
COHFACE_s28_session0_lamp,0,1116,37.2,-0.5815061453337828,-0.383313773417503
COHFACE_s28_session0_lamp,0,1117,37.233333333333334,-0.49734823712560655,-0.019247917382597603
COHFACE_s28_session0_lamp,0,1118,37.266666666666666,-0.34047591039029124,0.4326925068350446
COHFACE_s28_session0_lamp,0,1119,37.3,-0.11615280444181174,0.9749617318585683
COHFACE_s28_session0_lamp,0,1120,37.333333333333336,0.13369835206018799,1.4409023364703715
COHFACE_s28_session0_lamp,0,1121,37.36666666666667,0.35549363446041593,1.4955701245097983
COHFACE_s28_session0_lamp,0,1122,37.4,0.5201262963072776,1.167273773341852
COHFACE_s28_session0_lamp,0,1123,37.43333333333333,0.6213277278849068,0.8463022937530797
COHFACE_s28_session0_lamp,0,1124,37.46666666666667,0.6594867381301688,0.6856902999136257
COHFACE_s28_session0_lamp,0,1125,37.5,0.6412232549087232,0.5990767900630604
COHFACE_s28_session0_lamp,0,1126,37.53333333333333,0.5820822926836007,0.5254599173965573
COHFACE_s28_session0_lamp,0,1127,37.56666666666667,0.5010535400446845,0.4315785049832926
COHFACE_s28_session0_lamp,0,1128,37.6,0.4135538855189373,0.3249826874823152
COHFACE_s28_session0_lamp,0,1129,37.63333333333333,0.3270454170103638,0.2545271151982438
COHFACE_s28_session0_lamp,0,1130,37.666666666666664,0.24194991130836946,0.22445633657763697
COHFACE_s28_session0_lamp,0,1131,37.7,0.15771625412367019,0.19485433104379973
COHFACE_s28_session0_lamp,0,1132,37.733333333333334,0.07630841261519516,0.13901806841837497
COHFACE_s28_session0_lamp,0,1133,37.766666666666666,0.0013329881975740546,0.044526929795628487
COHFACE_s28_session0_lamp,0,1134,37.8,-0.06529855950293889,-0.08983798969873288
COHFACE_s28_session0_lamp,0,1135,37.833333333333336,-0.12622441262030953,-0.2532819522477944
COHFACE_s28_session0_lamp,0,1136,37.86666666666667,-0.18616213915546465,-0.4255499704208873
COHFACE_s28_session0_lamp,0,1137,37.9,-0.24746713883505456,-0.5762375407834096
COHFACE_s28_session0_lamp,0,1138,37.93333333333333,-0.3093841522580393,-0.6802881778450047
COHFACE_s28_session0_lamp,0,1139,37.96666666666667,-0.37044674801257177,-0.7175410554039583
COHFACE_s28_session0_lamp,0,1140,38.0,-0.4295449621043862,-0.6899775376358975
COHFACE_s28_session0_lamp,0,1141,38.03333333333333,-0.4837930697899154,-0.6213172560771438
COHFACE_s28_session0_lamp,0,1142,38.06666666666667,-0.5264695274660147,-0.5324336441074741
COHFACE_s28_session0_lamp,0,1143,38.1,-0.5457084415929944,-0.44118412093088166
COHFACE_s28_session0_lamp,0,1144,38.13333333333333,-0.5265087538564323,-0.3528587134719539
COHFACE_s28_session0_lamp,0,1145,38.166666666666664,-0.4552530427813772,-0.26064248543758733
COHFACE_s28_session0_lamp,0,1146,38.2,-0.3213492186354398,-0.1666253247867074
COHFACE_s28_session0_lamp,0,1147,38.233333333333334,-0.12621120447100284,-0.08238415343457006
COHFACE_s28_session0_lamp,0,1148,38.266666666666666,0.09953210944624011,-0.009402532618418682
COHFACE_s28_session0_lamp,0,1149,38.3,0.30555511709976924,0.06036913840906312
COHFACE_s28_session0_lamp,0,1150,38.333333333333336,0.45879149796158947,0.13585119116206915
COHFACE_s28_session0_lamp,0,1151,38.36666666666667,0.5537047236786017,0.22606508915490253
COHFACE_s28_session0_lamp,0,1152,38.4,0.5924790005008569,0.31793838508816696
COHFACE_s28_session0_lamp,0,1153,38.43333333333333,0.5795661996313393,0.3760134661049132
COHFACE_s28_session0_lamp,0,1154,38.46666666666667,0.5295486638848316,0.3784987965276053
COHFACE_s28_session0_lamp,0,1155,38.5,0.46153807595146146,0.3174544341711074
COHFACE_s28_session0_lamp,0,1156,38.53333333333333,0.3869345219520227,0.2215483805455043
COHFACE_s28_session0_lamp,0,1157,38.56666666666667,0.30788693098661346,0.1556403129471794
COHFACE_s28_session0_lamp,0,1158,38.6,0.22407346003146203,0.12864075112686188
COHFACE_s28_session0_lamp,0,1159,38.63333333333333,0.13762179229738863,0.09369890615606583
COHFACE_s28_session0_lamp,0,1160,38.666666666666664,0.05065603546122859,0.024049670696694225
COHFACE_s28_session0_lamp,0,1161,38.7,-0.036320543260440444,-0.08599204885606025
COHFACE_s28_session0_lamp,0,1162,38.733333333333334,-0.12092267465647685,-0.21673968502397656
COHFACE_s28_session0_lamp,0,1163,38.766666666666666,-0.20083378195597257,-0.32294036450979346
COHFACE_s28_session0_lamp,0,1164,38.8,-0.2777361217847603,-0.3780656211758551
COHFACE_s28_session0_lamp,0,1165,38.833333333333336,-0.3526474005783133,-0.37434118584163134
COHFACE_s28_session0_lamp,0,1166,38.86666666666667,-0.42248351519822264,-0.3078204558762619
COHFACE_s28_session0_lamp,0,1167,38.9,-0.48412338652514697,-0.17855065265642234
COHFACE_s28_session0_lamp,0,1168,38.93333333333333,-0.5348378410667801,-0.016540388217908757
COHFACE_s28_session0_lamp,0,1169,38.96666666666667,-0.5684596257352122,0.11815496190920471
COHFACE_s28_session0_lamp,0,1170,39.0,-0.572632796697787,0.2124136096787817
COHFACE_s28_session0_lamp,0,1171,39.03333333333333,-0.5295665840320508,0.2994410090531312
COHFACE_s28_session0_lamp,0,1172,39.06666666666667,-0.4222242219668554,0.37749743479496795
COHFACE_s28_session0_lamp,0,1173,39.1,-0.24483948337758055,0.4093121690261763
COHFACE_s28_session0_lamp,0,1174,39.13333333333333,-0.018222221643824227,0.39024194806196083
COHFACE_s28_session0_lamp,0,1175,39.166666666666664,0.21048546675361585,0.3481732991812596
COHFACE_s28_session0_lamp,0,1176,39.2,0.39735049243532355,0.30474231298225246
COHFACE_s28_session0_lamp,0,1177,39.233333333333334,0.5236458334816663,0.2750190375447161
COHFACE_s28_session0_lamp,0,1178,39.266666666666666,0.5883435223398364,0.24343336726646542
COHFACE_s28_session0_lamp,0,1179,39.3,0.5969139071849774,0.1644516898615569
COHFACE_s28_session0_lamp,0,1180,39.333333333333336,0.5622463947137294,0.04539900909614615
COHFACE_s28_session0_lamp,0,1181,39.36666666666667,0.5047535768320994,-0.05316454578671385
COHFACE_s28_session0_lamp,0,1182,39.4,0.44162207396155717,-0.11502067997182686
COHFACE_s28_session0_lamp,0,1183,39.43333333333333,0.3784851723642079,-0.16802937121010986
COHFACE_s28_session0_lamp,0,1184,39.46666666666667,0.31273132202957904,-0.2260053562519697
COHFACE_s28_session0_lamp,0,1185,39.5,0.2396490560114566,-0.28791684101464665
COHFACE_s28_session0_lamp,0,1186,39.53333333333333,0.15761357353226646,-0.342724254535841
COHFACE_s28_session0_lamp,0,1187,39.56666666666667,0.06919035953708218,-0.3692359410089694
COHFACE_s28_session0_lamp,0,1188,39.6,-0.0240557109745088,-0.3670463101245326
COHFACE_s28_session0_lamp,0,1189,39.63333333333333,-0.12156484354744485,-0.3563463984871208
COHFACE_s28_session0_lamp,0,1190,39.666666666666664,-0.21998339771672193,-0.34618249099306897
COHFACE_s28_session0_lamp,0,1191,39.7,-0.315109598599148,-0.3342699050061582
COHFACE_s28_session0_lamp,0,1192,39.733333333333334,-0.4054719627605465,-0.30530321895726786
COHFACE_s28_session0_lamp,0,1193,39.766666666666666,-0.49164056962847963,-0.23148872880437107
COHFACE_s28_session0_lamp,0,1194,39.8,-0.5701469971010085,-0.11428076657151251
COHFACE_s28_session0_lamp,0,1195,39.833333333333336,-0.631936764653792,0.015118762169988514
COHFACE_s28_session0_lamp,0,1196,39.86666666666667,-0.6659099868763508,0.1260166971684326
COHFACE_s28_session0_lamp,0,1197,39.9,-0.6588249783090174,0.18817011100235273
COHFACE_s28_session0_lamp,0,1198,39.93333333333333,-0.5933440344745936,0.21325829552206654
COHFACE_s28_session0_lamp,0,1199,39.96666666666667,-0.4512503048390185,0.2540864014804092
COHFACE_s28_session0_lamp,0,1200,40.0,-0.23224234151198037,0.3292120557234508
COHFACE_s28_session0_lamp,0,1201,40.03333333333333,0.02854760385737018,0.42210855270642034
COHFACE_s28_session0_lamp,0,1202,40.06666666666667,0.2785323885023779,0.5005912383312631
COHFACE_s28_session0_lamp,0,1203,40.1,0.4798838434354719,0.517077267100157
COHFACE_s28_session0_lamp,0,1204,40.13333333333333,0.6166605072107108,0.4764645145601525
COHFACE_s28_session0_lamp,0,1205,40.166666666666664,0.6863727654249858,0.4358797005009475
COHFACE_s28_session0_lamp,0,1206,40.2,0.6928589432313769,0.40913200209169626
COHFACE_s28_session0_lamp,0,1207,40.233333333333334,0.6456263691621383,0.36662168656611765
COHFACE_s28_session0_lamp,0,1208,40.266666666666666,0.5636496003528543,0.2771288447041128
COHFACE_s28_session0_lamp,0,1209,40.3,0.4695582422068721,0.10903826124599177
COHFACE_s28_session0_lamp,0,1210,40.333333333333336,0.3761677580563796,-0.11155171924684507
COHFACE_s28_session0_lamp,0,1211,40.36666666666667,0.28468363620105763,-0.3003553709021065
COHFACE_s28_session0_lamp,0,1212,40.4,0.1937763407234264,-0.4254137202426513
COHFACE_s28_session0_lamp,0,1213,40.43333333333333,0.10411779773216329,-0.5066466188699053
COHFACE_s28_session0_lamp,0,1214,40.46666666666667,0.01702487638434358,-0.5558051770039962
COHFACE_s28_session0_lamp,0,1215,40.5,-0.06662177696295349,-0.575546521055549
COHFACE_s28_session0_lamp,0,1216,40.53333333333333,-0.14640295148392113,-0.5774141544032574
COHFACE_s28_session0_lamp,0,1217,40.56666666666667,-0.2237808312692876,-0.5813748112403894
COHFACE_s28_session0_lamp,0,1218,40.6,-0.30093804631676896,-0.580207852279626
COHFACE_s28_session0_lamp,0,1219,40.63333333333333,-0.37759381223178956,-0.5397134212083649
COHFACE_s28_session0_lamp,0,1220,40.666666666666664,-0.4510748845080114,-0.44956763837895247
COHFACE_s28_session0_lamp,0,1221,40.7,-0.5176536325703414,-0.3239556654917436
COHFACE_s28_session0_lamp,0,1222,40.733333333333334,-0.5731555671681507,-0.19116697532977558
COHFACE_s28_session0_lamp,0,1223,40.766666666666666,-0.6110839249628567,-0.09373951793947613
COHFACE_s28_session0_lamp,0,1224,40.8,-0.6202537507115238,-0.04191885535576079
COHFACE_s28_session0_lamp,0,1225,40.833333333333336,-0.5844747477550469,-0.01412817675411182
COHFACE_s28_session0_lamp,0,1226,40.86666666666667,-0.48436033288068436,0.020023771097978996
COHFACE_s28_session0_lamp,0,1227,40.9,-0.30704482004141725,0.09860017201964447
COHFACE_s28_session0_lamp,0,1228,40.93333333333333,-0.06712407549605381,0.23543839354437268
COHFACE_s28_session0_lamp,0,1229,40.96666666666667,0.1863661279633053,0.4191276348778321
COHFACE_s28_session0_lamp,0,1230,41.0,0.40124265443370155,0.6084009595730151
COHFACE_s28_session0_lamp,0,1231,41.03333333333333,0.5530959225448608,0.7319619064622715
COHFACE_s28_session0_lamp,0,1232,41.06666666666667,0.6388290357133498,0.7633162174487599
COHFACE_s28_session0_lamp,0,1233,41.1,0.6606960103191445,0.7206242990064871
COHFACE_s28_session0_lamp,0,1234,41.13333333333333,0.6264508446827217,0.6351071955140409
COHFACE_s28_session0_lamp,0,1235,41.166666666666664,0.5538703920848759,0.5504517912367519
COHFACE_s28_session0_lamp,0,1236,41.2,0.46565781556531594,0.47166691429852287
COHFACE_s28_session0_lamp,0,1237,41.233333333333334,0.37711539909045677,0.36556921159596045
COHFACE_s28_session0_lamp,0,1238,41.266666666666666,0.2902131099592139,0.22240999485330992
COHFACE_s28_session0_lamp,0,1239,41.3,0.20182716605012316,0.056962471010287355
COHFACE_s28_session0_lamp,0,1240,41.333333333333336,0.11342455714159881,-0.10192519562571552
COHFACE_s28_session0_lamp,0,1241,41.36666666666667,0.030233844904989607,-0.21091145862535338
COHFACE_s28_session0_lamp,0,1242,41.4,-0.044347471262087095,-0.2611507065385784
COHFACE_s28_session0_lamp,0,1243,41.43333333333333,-0.11082024230352416,-0.277691463927765
COHFACE_s28_session0_lamp,0,1244,41.46666666666667,-0.17144277965900145,-0.2846225774839193
COHFACE_s28_session0_lamp,0,1245,41.5,-0.22932580344366263,-0.3041798053350684
COHFACE_s28_session0_lamp,0,1246,41.53333333333333,-0.28763024841112067,-0.3263435806301679
COHFACE_s28_session0_lamp,0,1247,41.56666666666667,-0.34667191607233855,-0.3089072335492711
COHFACE_s28_session0_lamp,0,1248,41.6,-0.40504368028106474,-0.2466428847837207
COHFACE_s28_session0_lamp,0,1249,41.63333333333333,-0.46085536285906537,-0.17150200791300863
COHFACE_s28_session0_lamp,0,1250,41.666666666666664,-0.5087259869926197,-0.10447497730431604
COHFACE_s28_session0_lamp,0,1251,41.7,-0.5384667808337613,-0.05545838502219054
COHFACE_s28_session0_lamp,0,1252,41.733333333333334,-0.5363090953231336,-0.020886917996979646
COHFACE_s28_session0_lamp,0,1253,41.766666666666666,-0.48786052198590096,0.015868430179198725
COHFACE_s28_session0_lamp,0,1254,41.8,-0.37940450174200047,0.05173343093754477
COHFACE_s28_session0_lamp,0,1255,41.833333333333336,-0.20286832080003553,0.06379956123934116
COHFACE_s28_session0_lamp,0,1256,41.86666666666667,0.023538428443919283,0.0500827664310766
COHFACE_s28_session0_lamp,0,1257,41.9,0.25007353815148875,0.02952508359049486
COHFACE_s28_session0_lamp,0,1258,41.93333333333333,0.4300631241633779,0.013782850467439718
COHFACE_s28_session0_lamp,0,1259,41.96666666666667,0.5468076660046055,0.007055577819603967
COHFACE_s28_session0_lamp,0,1260,42.0,0.6015008471794006,0.007977068781712716
COHFACE_s28_session0_lamp,0,1261,42.03333333333333,0.5977753276965592,0.009705965477164659
COHFACE_s28_session0_lamp,0,1262,42.06666666666667,0.5471995430538238,-0.00300444941450882
COHFACE_s28_session0_lamp,0,1263,42.1,0.47184173641252897,-0.05339177421819304
COHFACE_s28_session0_lamp,0,1264,42.13333333333333,0.39110014005288196,-0.13329119025005653
COHFACE_s28_session0_lamp,0,1265,42.166666666666664,0.31223858755451184,-0.2030382952075829
COHFACE_s28_session0_lamp,0,1266,42.2,0.2335628060283738,-0.2483135184855702
COHFACE_s28_session0_lamp,0,1267,42.233333333333334,0.15292541706845691,-0.28010044384350563
COHFACE_s28_session0_lamp,0,1268,42.266666666666666,0.07206372731013583,-0.32706736604752745
COHFACE_s28_session0_lamp,0,1269,42.3,-0.006966387155786284,-0.4345760305905166
COHFACE_s28_session0_lamp,0,1270,42.333333333333336,-0.0847803823441331,-0.5907497495024792
COHFACE_s28_session0_lamp,0,1271,42.36666666666667,-0.16229568966507757,-0.7261230084958645
COHFACE_s28_session0_lamp,0,1272,42.4,-0.2388156283303327,-0.7988710901237676
COHFACE_s28_session0_lamp,0,1273,42.43333333333333,-0.31382416738957775,-0.7951346013985509
COHFACE_s28_session0_lamp,0,1274,42.46666666666667,-0.38753545187483307,-0.7043755431085126
COHFACE_s28_session0_lamp,0,1275,42.5,-0.4576760573724575,-0.5198026409669753
COHFACE_s28_session0_lamp,0,1276,42.53333333333333,-0.5190497526384039,-0.21131454338939462
COHFACE_s28_session0_lamp,0,1277,42.56666666666667,-0.5650964675418767,0.2722196402798373
COHFACE_s28_session0_lamp,0,1278,42.6,-0.5856695722103291,0.9312495438292792
COHFACE_s28_session0_lamp,0,1279,42.63333333333333,-0.566360249749486,1.711990442385496
COHFACE_s28_session0_lamp,0,1280,42.666666666666664,-0.4916243730723887,2.3412166987248213
COHFACE_s28_session0_lamp,0,1281,42.7,-0.34772199891081956,2.3284884031777584
COHFACE_s28_session0_lamp,0,1282,42.733333333333334,-0.13497273741771088,1.706853000298345
COHFACE_s28_session0_lamp,0,1283,42.766666666666666,0.11385809623493984,1.0319655848021974
COHFACE_s28_session0_lamp,0,1284,42.8,0.34405107482505687,0.547096890378452
COHFACE_s28_session0_lamp,0,1285,42.833333333333336,0.5163296717499939,0.18097419166755468
COHFACE_s28_session0_lamp,0,1286,42.86666666666667,0.6202257880674573,-0.11910482456483805
COHFACE_s28_session0_lamp,0,1287,42.9,0.6578462399624123,-0.3830898549784516
COHFACE_s28_session0_lamp,0,1288,42.93333333333333,0.635547283459426,-0.604359155672963
COHFACE_s28_session0_lamp,0,1289,42.96666666666667,0.5689471624775624,-0.7379605486731238
COHFACE_s28_session0_lamp,0,1290,43.0,0.48053553740848265,-0.7777620486951935
COHFACE_s28_session0_lamp,0,1291,43.03333333333333,0.3879348122566211,-0.7556072185939843
COHFACE_s28_session0_lamp,0,1292,43.06666666666667,0.2978564141490605,-0.7049799313027545
COHFACE_s28_session0_lamp,0,1293,43.1,0.21053163704390912,-0.6601393834890965
COHFACE_s28_session0_lamp,0,1294,43.13333333333333,0.12642042511503424,-0.6327436419820062
COHFACE_s28_session0_lamp,0,1295,43.166666666666664,0.046354286753503775,-0.611788654271289
COHFACE_s28_session0_lamp,0,1296,43.2,-0.02892106841137501,-0.583387855810335
COHFACE_s28_session0_lamp,0,1297,43.233333333333334,-0.09851305474907868,-0.5312928277455723
COHFACE_s28_session0_lamp,0,1298,43.266666666666666,-0.1646576827732903,-0.450366706935341
COHFACE_s28_session0_lamp,0,1299,43.3,-0.2303230577952733,-0.34709336487459513
COHFACE_s28_session0_lamp,0,1300,43.333333333333336,-0.2952457188120069,-0.23122134899295582
COHFACE_s28_session0_lamp,0,1301,43.36666666666667,-0.3586295259064799,-0.11622585516424297
COHFACE_s28_session0_lamp,0,1302,43.4,-0.4203601593271859,0.008046821978274825
COHFACE_s28_session0_lamp,0,1303,43.43333333333333,-0.47871238312092024,0.1742499466200962
COHFACE_s28_session0_lamp,0,1304,43.46666666666667,-0.5289638347262694,0.36391379269852575
COHFACE_s28_session0_lamp,0,1305,43.5,-0.5636112390523192,0.5067700570485594
COHFACE_s28_session0_lamp,0,1306,43.53333333333333,-0.5719996800735015,0.5757962198289239
COHFACE_s28_session0_lamp,0,1307,43.56666666666667,-0.5385366532331038,0.5869558520287038
COHFACE_s28_session0_lamp,0,1308,43.6,-0.444484650660587,0.559038382646022
COHFACE_s28_session0_lamp,0,1309,43.63333333333333,-0.27696608616626583,0.5130305146133908
COHFACE_s28_session0_lamp,0,1310,43.666666666666664,-0.048651876645831954,0.46146156294870033
COHFACE_s28_session0_lamp,0,1311,43.7,0.19428040513422212,0.4083750716442721
COHFACE_s28_session0_lamp,0,1312,43.733333333333334,0.4013283451989854,0.3503369820692333
COHFACE_s28_session0_lamp,0,1313,43.766666666666666,0.5472059967290317,0.27692864532845973
COHFACE_s28_session0_lamp,0,1314,43.8,0.6272116615686111,0.17942730301462237
COHFACE_s28_session0_lamp,0,1315,43.833333333333336,0.6436189509894694,0.0516059415840608
COHFACE_s28_session0_lamp,0,1316,43.86666666666667,0.60533892319283,-0.09364052990526327
COHFACE_s28_session0_lamp,0,1317,43.9,0.5303797937489738,-0.22372319265302265
COHFACE_s28_session0_lamp,0,1318,43.93333333333333,0.44063283507056034,-0.3094327842214778
COHFACE_s28_session0_lamp,0,1319,43.96666666666667,0.3517626840756706,-0.3248209109693172
COHFACE_s28_session0_lamp,0,1320,44.0,0.2674357497220671,-0.2874425707241001
COHFACE_s28_session0_lamp,0,1321,44.03333333333333,0.18536770712105616,-0.2577161935336221
COHFACE_s28_session0_lamp,0,1322,44.06666666666667,0.1065060516090885,-0.2625156547109888
COHFACE_s28_session0_lamp,0,1323,44.1,0.03388570074155459,-0.29459334950276894
COHFACE_s28_session0_lamp,0,1324,44.13333333333333,-0.03215975016621446,-0.33313636168380156
COHFACE_s28_session0_lamp,0,1325,44.166666666666664,-0.09377543163397101,-0.3441314440991483
COHFACE_s28_session0_lamp,0,1326,44.2,-0.15371877460894912,-0.32713472972017554
COHFACE_s28_session0_lamp,0,1327,44.233333333333334,-0.21310981233993717,-0.3152130502103647
COHFACE_s28_session0_lamp,0,1328,44.266666666666666,-0.2717220822418122,-0.3069256014841769
COHFACE_s28_session0_lamp,0,1329,44.3,-0.3305051928810315,-0.26646956623671575
COHFACE_s28_session0_lamp,0,1330,44.333333333333336,-0.3903872200646695,-0.17882072194163995
COHFACE_s28_session0_lamp,0,1331,44.36666666666667,-0.44885601981938494,-0.050483919013034985
COHFACE_s28_session0_lamp,0,1332,44.4,-0.4992995019810237,0.09764781779783267
COHFACE_s28_session0_lamp,0,1333,44.43333333333333,-0.5334879125527675,0.22994227151615046
COHFACE_s28_session0_lamp,0,1334,44.46666666666667,-0.5421504587785739,0.3017797720972786
COHFACE_s28_session0_lamp,0,1335,44.5,-0.5125655743466834,0.25985590565411176
COHFACE_s28_session0_lamp,0,1336,44.53333333333333,-0.4284527062317261,0.1451434282366466
COHFACE_s28_session0_lamp,0,1337,44.56666666666667,-0.27596611875562993,0.09198034587685758
COHFACE_s28_session0_lamp,0,1338,44.6,-0.061513907897845194,0.14381936872317178
COHFACE_s28_session0_lamp,0,1339,44.63333333333333,0.1737714286178316,0.2523317524648378
COHFACE_s28_session0_lamp,0,1340,44.666666666666664,0.3762972325509352,0.35337787464679776
COHFACE_s28_session0_lamp,0,1341,44.7,0.5163982060545611,0.36806165092349896
COHFACE_s28_session0_lamp,0,1342,44.733333333333334,0.5899008535505772,0.30275769529910856
COHFACE_s28_session0_lamp,0,1343,44.766666666666666,0.6009438321699784,0.2488176101571686
COHFACE_s28_session0_lamp,0,1344,44.8,0.5595907899303383,0.23616498928164772
COHFACE_s28_session0_lamp,0,1345,44.833333333333336,0.4850901650860482,0.23282599732651316
COHFACE_s28_session0_lamp,0,1346,44.86666666666667,0.39946278516713035,0.2180091990356451
COHFACE_s28_session0_lamp,0,1347,44.9,0.31671095144373324,0.18274426908743474
COHFACE_s28_session0_lamp,0,1348,44.93333333333333,0.23961199895393914,0.12471393981703875
COHFACE_s28_session0_lamp,0,1349,44.96666666666667,0.1659656364076757,0.04859629177280081
COHFACE_s28_session0_lamp,0,1350,45.0,0.0953449060627198,-0.04987777285611085
COHFACE_s28_session0_lamp,0,1351,45.03333333333333,0.029467890988133398,-0.1832300542655279
COHFACE_s28_session0_lamp,0,1352,45.06666666666667,-0.031067448657936404,-0.33826006116845764
COHFACE_s28_session0_lamp,0,1353,45.1,-0.08735602677610452,-0.4754445848617772
COHFACE_s28_session0_lamp,0,1354,45.13333333333333,-0.1401200892293784,-0.5610495654304768
COHFACE_s28_session0_lamp,0,1355,45.166666666666664,-0.1894560935496273,-0.5670982373609816
COHFACE_s28_session0_lamp,0,1356,45.2,-0.23649704096308866,-0.49580332795234333
COHFACE_s28_session0_lamp,0,1357,45.233333333333334,-0.28332030648882955,-0.3794461019170937
COHFACE_s28_session0_lamp,0,1358,45.266666666666666,-0.33117323783435604,-0.24921804516526547
COHFACE_s28_session0_lamp,0,1359,45.3,-0.37871792748149374,-0.13514958960158385
COHFACE_s28_session0_lamp,0,1360,45.333333333333336,-0.4216351314845036,-0.037396031566091906
COHFACE_s28_session0_lamp,0,1361,45.36666666666667,-0.4531903011870995,0.07294986053135247
COHFACE_s28_session0_lamp,0,1362,45.4,-0.463607376484275,0.19136207780848993
COHFACE_s28_session0_lamp,0,1363,45.43333333333333,-0.4397006876392089,0.2792178334316483
COHFACE_s28_session0_lamp,0,1364,45.46666666666667,-0.36504498640174343,0.3181367782693152
COHFACE_s28_session0_lamp,0,1365,45.5,-0.22634929424455053,0.30987747961094336
COHFACE_s28_session0_lamp,0,1366,45.53333333333333,-0.032302782926086133,0.2749856863173965
COHFACE_s28_session0_lamp,0,1367,45.56666666666667,0.17727503188890695,0.2522608323643623
COHFACE_s28_session0_lamp,0,1368,45.6,0.35458826429405427,0.24715560431450279
COHFACE_s28_session0_lamp,0,1369,45.63333333333333,0.47314379528033135,0.23178561116060592
COHFACE_s28_session0_lamp,0,1370,45.666666666666664,0.5300827492449613,0.19924585049436866
COHFACE_s28_session0_lamp,0,1371,45.7,0.5327529640778336,0.1639290978512271
COHFACE_s28_session0_lamp,0,1372,45.733333333333334,0.4924752343716221,0.1435598477962268
COHFACE_s28_session0_lamp,0,1373,45.766666666666666,0.425410215704509,0.15895086450218
COHFACE_s28_session0_lamp,0,1374,45.8,0.34845126277563926,0.18664139747443273
COHFACE_s28_session0_lamp,0,1375,45.833333333333336,0.27142445446030755,0.15947969587829128
COHFACE_s28_session0_lamp,0,1376,45.86666666666667,0.19575463911102856,0.06402361269448828
COHFACE_s28_session0_lamp,0,1377,45.9,0.1200835333256083,-0.058860699394568616
COHFACE_s28_session0_lamp,0,1378,45.93333333333333,0.045743048842266584,-0.17835261170049282
COHFACE_s28_session0_lamp,0,1379,45.96666666666667,-0.024839322576723416,-0.27367117926253504
COHFACE_s28_session0_lamp,0,1380,46.0,-0.09090678824121728,-0.3384448887078463
COHFACE_s28_session0_lamp,0,1381,46.03333333333333,-0.15214353712504847,-0.38020609304849384
COHFACE_s28_session0_lamp,0,1382,46.06666666666667,-0.20959349266955704,-0.40695260118083765
COHFACE_s28_session0_lamp,0,1383,46.1,-0.2655272695401099,-0.42662185806501807
COHFACE_s28_session0_lamp,0,1384,46.13333333333333,-0.32053268082764924,-0.43511918225048307
COHFACE_s28_session0_lamp,0,1385,46.166666666666664,-0.37259460814246065,-0.4163101657619927
COHFACE_s28_session0_lamp,0,1386,46.2,-0.4169951072738366,-0.3609607775478178
COHFACE_s28_session0_lamp,0,1387,46.233333333333334,-0.44747774774852334,-0.2671648953340949
COHFACE_s28_session0_lamp,0,1388,46.266666666666666,-0.456618873221502,-0.16015875470073684
COHFACE_s28_session0_lamp,0,1389,46.3,-0.43301543430727285,-0.09230203991155368
COHFACE_s28_session0_lamp,0,1390,46.333333333333336,-0.36081384135976025,-0.06407110985152088
COHFACE_s28_session0_lamp,0,1391,46.36666666666667,-0.22718413836460516,-0.02457301095321262
COHFACE_s28_session0_lamp,0,1392,46.4,-0.03904806793126483,0.04376719876785316
COHFACE_s28_session0_lamp,0,1393,46.43333333333333,0.16669095040144738,0.12437512584877053
COHFACE_s28_session0_lamp,0,1394,46.46666666666667,0.3426608737014191,0.2145117996814681
COHFACE_s28_session0_lamp,0,1395,46.5,0.46121951633703845,0.3247381028721149
COHFACE_s28_session0_lamp,0,1396,46.53333333333333,0.5186347233542605,0.44985403244675154
COHFACE_s28_session0_lamp,0,1397,46.56666666666667,0.5222819755464021,0.5682321980553178
COHFACE_s28_session0_lamp,0,1398,46.6,0.4849291317325147,0.6549327637800825
COHFACE_s28_session0_lamp,0,1399,46.63333333333333,0.4231435127370407,0.6815615675490951
COHFACE_s28_session0_lamp,0,1400,46.666666666666664,0.3514102307067805,0.6433884505561241
COHFACE_s28_session0_lamp,0,1401,46.7,0.2774241927761472,0.5592968652638826
COHFACE_s28_session0_lamp,0,1402,46.733333333333334,0.20312175801193622,0.4417280046210857
COHFACE_s28_session0_lamp,0,1403,46.766666666666666,0.12860441924553637,0.2969447059768465
COHFACE_s28_session0_lamp,0,1404,46.8,0.05416989240593571,0.12745799129838936
COHFACE_s28_session0_lamp,0,1405,46.833333333333336,-0.020630680919705914,-0.06697569800800439
COHFACE_s28_session0_lamp,0,1406,46.86666666666667,-0.09687514439484923,-0.2668694008250112
COHFACE_s28_session0_lamp,0,1407,46.9,-0.17535461756755769,-0.4321344950363367
COHFACE_s28_session0_lamp,0,1408,46.93333333333333,-0.256390160247548,-0.5370800229949337
COHFACE_s28_session0_lamp,0,1409,46.96666666666667,-0.33856646542087626,-0.5699280711097587
COHFACE_s28_session0_lamp,0,1410,47.0,-0.41768662698919456,-0.5426839118434273
COHFACE_s28_session0_lamp,0,1411,47.03333333333333,-0.4883118702357452,-0.4905185066463482
COHFACE_s28_session0_lamp,0,1412,47.06666666666667,-0.5438489959807856,-0.4337649239902287
COHFACE_s28_session0_lamp,0,1413,47.1,-0.5748269791117511,-0.3776782806915105
COHFACE_s28_session0_lamp,0,1414,47.13333333333333,-0.5692165661710715,-0.2970449169519561
COHFACE_s28_session0_lamp,0,1415,47.166666666666664,-0.5121312178743723,-0.13729247033989228
COHFACE_s28_session0_lamp,0,1416,47.2,-0.3879888539220765,0.08381332983190076
COHFACE_s28_session0_lamp,0,1417,47.233333333333334,-0.19304677704527776,0.2755443237307901
COHFACE_s28_session0_lamp,0,1418,47.266666666666666,0.046666886461821745,0.37788312347598624
COHFACE_s28_session0_lamp,0,1419,47.3,0.28043964748281436,0.36187863703003714
COHFACE_s28_session0_lamp,0,1420,47.333333333333336,0.46703845453667775,0.2679307382919774
COHFACE_s28_session0_lamp,0,1421,47.36666666666667,0.5912900631408766,0.20473495829277036
COHFACE_s28_session0_lamp,0,1422,47.4,0.6504979713578423,0.20213191061910374
COHFACE_s28_session0_lamp,0,1423,47.43333333333333,0.6469989629095738,0.2106890465126212
COHFACE_s28_session0_lamp,0,1424,47.46666666666667,0.5923155471883157,0.18619666186507167
COHFACE_s28_session0_lamp,0,1425,47.5,0.5065840128707298,0.0908636527222432
COHFACE_s28_session0_lamp,0,1426,47.53333333333333,0.4100730474926245,-0.07026986439432367
COHFACE_s28_session0_lamp,0,1427,47.56666666666667,0.31437025254989903,-0.24881731613269492
COHFACE_s28_session0_lamp,0,1428,47.6,0.22271689088605595,-0.40933604048408495
COHFACE_s28_session0_lamp,0,1429,47.63333333333333,0.13475981494460854,-0.5290992112917339
COHFACE_s28_session0_lamp,0,1430,47.666666666666664,0.04987174299765218,-0.6082745943241324
COHFACE_s28_session0_lamp,0,1431,47.7,-0.031626261997574,-0.6691002178131931
COHFACE_s28_session0_lamp,0,1432,47.733333333333334,-0.11077140251371419,-0.7074417532269565
COHFACE_s28_session0_lamp,0,1433,47.766666666666666,-0.18926265604035142,-0.6925220981875703
COHFACE_s28_session0_lamp,0,1434,47.8,-0.26635675622399224,-0.611278600914685
COHFACE_s28_session0_lamp,0,1435,47.833333333333336,-0.3399946600570075,-0.4688970920646964
COHFACE_s28_session0_lamp,0,1436,47.86666666666667,-0.40911485309829354,-0.25062482224036364
COHFACE_s28_session0_lamp,0,1437,47.9,-0.472725824667085,0.0767350478706396
COHFACE_s28_session0_lamp,0,1438,47.93333333333333,-0.5274487952080337,0.554650515005532
COHFACE_s28_session0_lamp,0,1439,47.96666666666667,-0.5667325481564893,1.2292808976245762
COHFACE_s28_session0_lamp,0,1440,48.0,-0.5812404737605794,1.8676047001042944
COHFACE_s28_session0_lamp,0,1441,48.03333333333333,-0.5586527338299713,1.9592761933156164
COHFACE_s28_session0_lamp,0,1442,48.06666666666667,-0.4824548774602203,1.473258195407652
COHFACE_s28_session0_lamp,0,1443,48.1,-0.3359439093080986,0.8580588511778311
COHFACE_s28_session0_lamp,0,1444,48.13333333333333,-0.12048783157974194,0.3553866892122805
COHFACE_s28_session0_lamp,0,1445,48.166666666666664,0.12727115661683333,-0.0023822585017274807
COHFACE_s28_session0_lamp,0,1446,48.2,0.35301933833583066,-0.23421302047187603
COHFACE_s28_session0_lamp,0,1447,48.233333333333334,0.5206868838981614,-0.4072603701150662
COHFACE_s28_session0_lamp,0,1448,48.266666666666666,0.6195087670816279,-0.5470540072561404
COHFACE_s28_session0_lamp,0,1449,48.3,0.6511583609767081,-0.6354693623727233
COHFACE_s28_session0_lamp,0,1450,48.333333333333336,0.6237059978868313,-0.6500548247335701
COHFACE_s28_session0_lamp,0,1451,48.36666666666667,0.5524695700565649,-0.5639873804339304
COHFACE_s28_session0_lamp,0,1452,48.4,0.4598798316468041,-0.4147488599926924
COHFACE_s28_session0_lamp,0,1453,48.43333333333333,0.36653599959324384,-0.30360883547989304
COHFACE_s28_session0_lamp,0,1454,48.46666666666667,0.28094712102154973,-0.25961162043606645
COHFACE_s28_session0_lamp,0,1455,48.5,0.2007805833321639,-0.23949071659990562
COHFACE_s28_session0_lamp,0,1456,48.53333333333333,0.1228481566151861,-0.20448178863584054
COHFACE_s28_session0_lamp,0,1457,48.56666666666667,0.048154727351408286,-0.12155005212795117
COHFACE_s28_session0_lamp,0,1458,48.6,-0.02168442925565276,-0.014779560930968577
COHFACE_s28_session0_lamp,0,1459,48.63333333333333,-0.08678032885072158,0.034747256404730725
COHFACE_s28_session0_lamp,0,1460,48.666666666666664,-0.1479734639357505,0.006893317573165719
COHFACE_s28_session0_lamp,0,1461,48.7,-0.20650255945454454,-0.057299341241796836
COHFACE_s28_session0_lamp,0,1462,48.733333333333334,-0.2635854183898154,-0.12140811635818745
COHFACE_s28_session0_lamp,0,1463,48.766666666666666,-0.31973774201739436,-0.1542219149619013
COHFACE_s28_session0_lamp,0,1464,48.8,-0.37538151094558864,-0.146456409503491
COHFACE_s28_session0_lamp,0,1465,48.833333333333336,-0.42979135602234814,-0.11079881055897764
COHFACE_s28_session0_lamp,0,1466,48.86666666666667,-0.47938799454553244,-0.0726460114747848
COHFACE_s28_session0_lamp,0,1467,48.9,-0.5189121004034509,-0.06964844472142744
COHFACE_s28_session0_lamp,0,1468,48.93333333333333,-0.5397520603806932,-0.0867614419276957
COHFACE_s28_session0_lamp,0,1469,48.96666666666667,-0.5279763591988332,-0.05672517330117054
COHFACE_s28_session0_lamp,0,1470,49.0,-0.4674063712991081,0.027842459653694272
COHFACE_s28_session0_lamp,0,1471,49.03333333333333,-0.3430639703712974,0.11399077424011603
COHFACE_s28_session0_lamp,0,1472,49.06666666666667,-0.15146938790053224,0.16452797413949855
COHFACE_s28_session0_lamp,0,1473,49.1,0.08026451766115181,0.15844915547188204
COHFACE_s28_session0_lamp,0,1474,49.13333333333333,0.3005872980043256,0.12837308712769627
COHFACE_s28_session0_lamp,0,1475,49.166666666666664,0.4700610173754909,0.1596240444572671
COHFACE_s28_session0_lamp,0,1476,49.2,0.5760360382459824,0.24915571822699395
COHFACE_s28_session0_lamp,0,1477,49.233333333333334,0.6185199605946914,0.3053996938566221
COHFACE_s28_session0_lamp,0,1478,49.266666666666666,0.6023023046635705,0.29450525053653687
COHFACE_s28_session0_lamp,0,1479,49.3,0.5403101544380957,0.24090459447684892
COHFACE_s28_session0_lamp,0,1480,49.333333333333336,0.454626939542016,0.1709002454846298
COHFACE_s28_session0_lamp,0,1481,49.36666666666667,0.3660420165226389,0.11229350038437855
COHFACE_s28_session0_lamp,0,1482,49.4,0.2827247786948975,0.07389670941324122
COHFACE_s28_session0_lamp,0,1483,49.43333333333333,0.20367881793696216,0.04571010630069197
COHFACE_s28_session0_lamp,0,1484,49.46666666666667,0.1278279368636997,0.02405898159580211
COHFACE_s28_session0_lamp,0,1485,49.5,0.05652117553580776,0.01191960681095498
COHFACE_s28_session0_lamp,0,1486,49.53333333333333,-0.007876738692150921,-0.008129717599693356
COHFACE_s28_session0_lamp,0,1487,49.56666666666667,-0.06472448061613405,-0.07329643546011762
COHFACE_s28_session0_lamp,0,1488,49.6,-0.11648961844375064,-0.1657562552761934
COHFACE_s28_session0_lamp,0,1489,49.63333333333333,-0.1657631700929755,-0.21267337455986518
COHFACE_s28_session0_lamp,0,1490,49.666666666666664,-0.21363764335743196,-0.1823794776817548
COHFACE_s28_session0_lamp,0,1491,49.7,-0.2619081433124584,-0.08492264602360822
COHFACE_s28_session0_lamp,0,1492,49.733333333333334,-0.31173930266372213,0.035893408560190014
COHFACE_s28_session0_lamp,0,1493,49.766666666666666,-0.3616310701218518,0.10309926565393128
COHFACE_s28_session0_lamp,0,1494,49.8,-0.4091726685941868,0.09096685481709968
COHFACE_s28_session0_lamp,0,1495,49.833333333333336,-0.4506310483313737,0.02529295977523299
COHFACE_s28_session0_lamp,0,1496,49.86666666666667,-0.4782747327018406,-0.05403448804003392
COHFACE_s28_session0_lamp,0,1497,49.9,-0.4813997041463117,-0.09369476659209208
COHFACE_s28_session0_lamp,0,1498,49.93333333333333,-0.4484838153323069,-0.07537560165979659
COHFACE_s28_session0_lamp,0,1499,49.96666666666667,-0.36617430133304235,-0.01600101557605374
COHFACE_s28_session0_lamp,0,1500,50.0,-0.22211682840032904,0.0433181178087717
COHFACE_s28_session0_lamp,0,1501,50.03333333333333,-0.021086045042525328,0.0380529028560325
COHFACE_s28_session0_lamp,0,1502,50.06666666666667,0.1995201398406702,-0.03834815952418151
COHFACE_s28_session0_lamp,0,1503,50.1,0.38814022777614615,-0.1342293160814009
COHFACE_s28_session0_lamp,0,1504,50.13333333333333,0.5152170212611175,-0.20265006635807073
COHFACE_s28_session0_lamp,0,1505,50.166666666666664,0.5775834241358118,-0.20205422427891834
COHFACE_s28_session0_lamp,0,1506,50.2,0.5807165272531472,-0.14631006572454777
COHFACE_s28_session0_lamp,0,1507,50.233333333333334,0.5346323062929611,-0.10432626910721887
COHFACE_s28_session0_lamp,0,1508,50.266666666666666,0.45806616021374125,-0.09735548290071652
COHFACE_s28_session0_lamp,0,1509,50.3,0.3723802621438534,-0.09870115371404616
COHFACE_s28_session0_lamp,0,1510,50.333333333333336,0.2906930366527151,-0.07510912939492409
COHFACE_s28_session0_lamp,0,1511,50.36666666666667,0.21453464027539929,0.012259561890199458
COHFACE_s28_session0_lamp,0,1512,50.4,0.13966604125866816,0.14190072800286346
COHFACE_s28_session0_lamp,0,1513,50.43333333333333,0.0649718792510852,0.23193119509459922
COHFACE_s28_session0_lamp,0,1514,50.46666666666667,-0.006795336296810568,0.24613376932900588
COHFACE_s28_session0_lamp,0,1515,50.5,-0.07453552032936146,0.1943227195988418
COHFACE_s28_session0_lamp,0,1516,50.53333333333333,-0.1390523867637947,0.11401190884965813
COHFACE_s28_session0_lamp,0,1517,50.56666666666667,-0.20062919107208899,0.06967016708643069
COHFACE_s28_session0_lamp,0,1518,50.6,-0.25878742714622777,0.06313989931739275
COHFACE_s28_session0_lamp,0,1519,50.63333333333333,-0.31309608740306394,0.03386477153200165
COHFACE_s28_session0_lamp,0,1520,50.666666666666664,-0.3635305864179285,-0.05748687470532055
COHFACE_s28_session0_lamp,0,1521,50.7,-0.4087412956611134,-0.22771787954917194
COHFACE_s28_session0_lamp,0,1522,50.733333333333334,-0.44535771085078824,-0.4376385356996185
COHFACE_s28_session0_lamp,0,1523,50.766666666666666,-0.46800520182175,-0.5920162463720384
COHFACE_s28_session0_lamp,0,1524,50.8,-0.4686184813074734,-0.6421564828499804
COHFACE_s28_session0_lamp,0,1525,50.833333333333336,-0.43661697216001555,-0.5862407225829028
COHFACE_s28_session0_lamp,0,1526,50.86666666666667,-0.3598869955383875,-0.43344263625389406
COHFACE_s28_session0_lamp,0,1527,50.9,-0.22743358899124794,-0.2041041807103559
COHFACE_s28_session0_lamp,0,1528,50.93333333333333,-0.03996389844450648,0.06913694007036354
COHFACE_s28_session0_lamp,0,1529,50.96666666666667,0.17354497421545687,0.3406101306808353
COHFACE_s28_session0_lamp,0,1530,51.0,0.3636337096570059,0.5809941413405133
COHFACE_s28_session0_lamp,0,1531,51.03333333333333,0.4945886657757041,0.7761931315421208
COHFACE_s28_session0_lamp,0,1532,51.06666666666667,0.5593135049541423,0.9041082091473174
COHFACE_s28_session0_lamp,0,1533,51.1,0.5650478918698839,0.9338674734583604
COHFACE_s28_session0_lamp,0,1534,51.13333333333333,0.5233878727437576,0.8696676926621814
COHFACE_s28_session0_lamp,0,1535,51.166666666666664,0.4527187783920239,0.7504508747573486
COHFACE_s28_session0_lamp,0,1536,51.2,0.37310661074400586,0.5970739008500731
COHFACE_s28_session0_lamp,0,1537,51.233333333333334,0.2958270499948843,0.4125913378949347
COHFACE_s28_session0_lamp,0,1538,51.266666666666666,0.22295126082886993,0.1999170717381081
COHFACE_s28_session0_lamp,0,1539,51.3,0.15243112337244522,-0.03689296355599152
COHFACE_s28_session0_lamp,0,1540,51.333333333333336,0.0815190244109473,-0.27207837368793664
COHFACE_s28_session0_lamp,0,1541,51.36666666666667,0.010182553014446129,-0.4571655860748275
COHFACE_s28_session0_lamp,0,1542,51.4,-0.058347139870154746,-0.5770319579474684
COHFACE_s28_session0_lamp,0,1543,51.43333333333333,-0.12190448594278287,-0.6489595234338583
COHFACE_s28_session0_lamp,0,1544,51.46666666666667,-0.1811875407302821,-0.6899416824893398
COHFACE_s28_session0_lamp,0,1545,51.5,-0.23800115986530468,-0.7156280394579483
COHFACE_s28_session0_lamp,0,1546,51.53333333333333,-0.2946184332638528,-0.7125125153358619
COHFACE_s28_session0_lamp,0,1547,51.56666666666667,-0.35259100748145444,-0.6380988657706292
COHFACE_s28_session0_lamp,0,1548,51.6,-0.4105971836892406,-0.4963689511060573
COHFACE_s28_session0_lamp,0,1549,51.63333333333333,-0.46380203719968177,-0.3381748187675909
COHFACE_s28_session0_lamp,0,1550,51.666666666666664,-0.5054951632735577,-0.2042384743846915
COHFACE_s28_session0_lamp,0,1551,51.7,-0.5270066574144715,-0.12509836085286774
COHFACE_s28_session0_lamp,0,1552,51.733333333333334,-0.5169078497062726,-0.08005403240523418
COHFACE_s28_session0_lamp,0,1553,51.766666666666666,-0.4617048333574419,0.001675088157685925
COHFACE_s28_session0_lamp,0,1554,51.8,-0.3461050469010285,0.1401144987771596
COHFACE_s28_session0_lamp,0,1555,51.833333333333336,-0.16324409666428047,0.3033725122753405
COHFACE_s28_session0_lamp,0,1556,51.86666666666667,0.06479113095590412,0.45400479330677734
COHFACE_s28_session0_lamp,0,1557,51.9,0.2881285824061588,0.5489250048386595
COHFACE_s28_session0_lamp,0,1558,51.93333333333333,0.46305368787377205,0.584539847291085
COHFACE_s28_session0_lamp,0,1559,51.96666666666667,0.5743045651703618,0.5961803678986601
COHFACE_s28_session0_lamp,0,1560,52.0,0.6233024520108204,0.5910649330634873
COHFACE_s28_session0_lamp,0,1561,52.03333333333333,0.6142533841495388,0.5480251201854247
COHFACE_s28_session0_lamp,0,1562,52.06666666666667,0.5569546053958377,0.462473562952457
COHFACE_s28_session0_lamp,0,1563,52.1,0.4710800734217901,0.346871903661294
COHFACE_s28_session0_lamp,0,1564,52.13333333333333,0.37832385168740784,0.21567311954799256
COHFACE_s28_session0_lamp,0,1565,52.166666666666664,0.29049197754910133,0.08576934306284759
COHFACE_s28_session0_lamp,0,1566,52.2,0.208037590835137,-0.03846471384480406
COHFACE_s28_session0_lamp,0,1567,52.233333333333334,0.12875081151490123,-0.16432656841003584
COHFACE_s28_session0_lamp,0,1568,52.266666666666666,0.05288073775569724,-0.2807715044356113
COHFACE_s28_session0_lamp,0,1569,52.3,-0.018349403923144936,-0.3577891244331147
COHFACE_s28_session0_lamp,0,1570,52.333333333333336,-0.0835702891396955,-0.3886723532451947
COHFACE_s28_session0_lamp,0,1571,52.36666666666667,-0.14202077064718371,-0.3896251007563337
COHFACE_s28_session0_lamp,0,1572,52.4,-0.19463615725071096,-0.3714316340088483
COHFACE_s28_session0_lamp,0,1573,52.43333333333333,-0.2437008110399818,-0.3391162101254811
COHFACE_s28_session0_lamp,0,1574,52.46666666666667,-0.2916818892660439,-0.2887112162695208
COHFACE_s28_session0_lamp,0,1575,52.5,-0.3400342291490771,-0.20759435063432685
COHFACE_s28_session0_lamp,0,1576,52.53333333333333,-0.38886751087180427,-0.12062231236361327
COHFACE_s28_session0_lamp,0,1577,52.56666666666667,-0.43564234640364785,-0.09000329308744978
COHFACE_s28_session0_lamp,0,1578,52.6,-0.4740421966878332,-0.11316407938501045
COHFACE_s28_session0_lamp,0,1579,52.63333333333333,-0.495602262253964,-0.12306720389967898
COHFACE_s28_session0_lamp,0,1580,52.666666666666664,-0.4894999824688364,-0.0960372546750007
COHFACE_s28_session0_lamp,0,1581,52.7,-0.44120325995361015,-0.05241092822952226
COHFACE_s28_session0_lamp,0,1582,52.733333333333334,-0.3350009952487786,-0.017146931430131778
COHFACE_s28_session0_lamp,0,1583,52.766666666666666,-0.16360041724684907,-0.01947210834732402
COHFACE_s28_session0_lamp,0,1584,52.8,0.05291266447619979,-0.051748813813603925
COHFACE_s28_session0_lamp,0,1585,52.833333333333336,0.2670176151700576,-0.06974208658590926
COHFACE_s28_session0_lamp,0,1586,52.86666666666667,0.437062728530916,-0.06792718454651883
COHFACE_s28_session0_lamp,0,1587,52.9,0.5469590533364985,-0.07959221300000152
COHFACE_s28_session0_lamp,0,1588,52.93333333333333,0.5945891011998533,-0.1097884753268783
COHFACE_s28_session0_lamp,0,1589,52.96666666666667,0.5826082992540746,-0.1351792588229083
COHFACE_s28_session0_lamp,0,1590,53.0,0.5224266644119544,-0.15315116130642165
COHFACE_s28_session0_lamp,0,1591,53.03333333333333,0.4349896499896132,-0.18178728676641903
COHFACE_s28_session0_lamp,0,1592,53.06666666666667,0.340992292480691,-0.22582221561194432
COHFACE_s28_session0_lamp,0,1593,53.1,0.2518580332604674,-0.27637807547837007
COHFACE_s28_session0_lamp,0,1594,53.13333333333333,0.17046641958353215,-0.30249168746230404
COHFACE_s28_session0_lamp,0,1595,53.166666666666664,0.09620902019223601,-0.2517146676042461
COHFACE_s28_session0_lamp,0,1596,53.2,0.02882584273002042,-0.0938449258120515
COHFACE_s28_session0_lamp,0,1597,53.233333333333334,-0.03142861570607477,0.1777824818182504
COHFACE_s28_session0_lamp,0,1598,53.266666666666666,-0.08625500432234984,0.5891997252421637
COHFACE_s28_session0_lamp,0,1599,53.3,-0.13817825453024898,1.1830729548370555
COHFACE_s28_session0_lamp,0,1600,53.333333333333336,-0.18881507657498242,1.7343411885231408
COHFACE_s28_session0_lamp,0,1601,53.36666666666667,-0.23902410493298382,1.752432269720768
COHFACE_s28_session0_lamp,0,1602,53.4,-0.28834375494651254,1.2243896808172523
COHFACE_s28_session0_lamp,0,1603,53.43333333333333,-0.335940206570462,0.615130100215584
COHFACE_s28_session0_lamp,0,1604,53.46666666666667,-0.37987484135137894,0.15727036027277738
COHFACE_s28_session0_lamp,0,1605,53.5,-0.41521410253669233,-0.15117010467778466
COHFACE_s28_session0_lamp,0,1606,53.53333333333333,-0.4368191436733694,-0.3531527991558715
COHFACE_s28_session0_lamp,0,1607,53.56666666666667,-0.4397502226584394,-0.5291156738731997
COHFACE_s28_session0_lamp,0,1608,53.6,-0.4142279864589022,-0.687108332369551
COHFACE_s28_session0_lamp,0,1609,53.63333333333333,-0.3460455641263901,-0.7612321072203283
COHFACE_s28_session0_lamp,0,1610,53.666666666666664,-0.22300167659419895,-0.737001746306716
COHFACE_s28_session0_lamp,0,1611,53.7,-0.045216428045870165,-0.6511628779672612
COHFACE_s28_session0_lamp,0,1612,53.733333333333334,0.1599594708254646,-0.5270093448029505
COHFACE_s28_session0_lamp,0,1613,53.766666666666666,0.34488495176153305,-0.37426397776804643
COHFACE_s28_session0_lamp,0,1614,53.8,0.47572525342589067,-0.21606037168016182
COHFACE_s28_session0_lamp,0,1615,53.833333333333336,0.5454900844955689,-0.08931740769104426
COHFACE_s28_session0_lamp,0,1616,53.86666666666667,0.557492181759494,-0.0019914644529872485
COHFACE_s28_session0_lamp,0,1617,53.9,0.5190186233028649,0.06628666683590076
COHFACE_s28_session0_lamp,0,1618,53.93333333333333,0.44775648181695915,0.1319774754017141
COHFACE_s28_session0_lamp,0,1619,53.96666666666667,0.36526005085815527,0.20669992092366188
COHFACE_s28_session0_lamp,0,1620,54.0,0.28439562180676536,0.2605721547717299
COHFACE_s28_session0_lamp,0,1621,54.03333333333333,0.20774311335162238,0.22255690968818936
COHFACE_s28_session0_lamp,0,1622,54.06666666666667,0.1332318956240334,0.09037420233446829
COHFACE_s28_session0_lamp,0,1623,54.1,0.060830409346458156,-0.06915062952075188
COHFACE_s28_session0_lamp,0,1624,54.13333333333333,-0.007243341790515945,-0.20080069951560217
COHFACE_s28_session0_lamp,0,1625,54.166666666666664,-0.07058384228810223,-0.26141484104815715
COHFACE_s28_session0_lamp,0,1626,54.2,-0.12952604209693114,-0.2580017770689621
COHFACE_s28_session0_lamp,0,1627,54.233333333333334,-0.18391538515893507,-0.2471127555580963
COHFACE_s28_session0_lamp,0,1628,54.266666666666666,-0.23590628609567676,-0.2596147690753718
COHFACE_s28_session0_lamp,0,1629,54.3,-0.2891145001907855,-0.2998968443332225
COHFACE_s28_session0_lamp,0,1630,54.333333333333336,-0.34366880314714826,-0.33803980878149675
COHFACE_s28_session0_lamp,0,1631,54.36666666666667,-0.3967319475447045,-0.3104141953803448
COHFACE_s28_session0_lamp,0,1632,54.4,-0.44625462163339014,-0.20575374806036786
COHFACE_s28_session0_lamp,0,1633,54.43333333333333,-0.488509039998384,-0.0657068584446742
COHFACE_s28_session0_lamp,0,1634,54.46666666666667,-0.5145791330182906,0.07474737855542328
COHFACE_s28_session0_lamp,0,1635,54.5,-0.5110760238154077,0.18727415173083808
COHFACE_s28_session0_lamp,0,1636,54.53333333333333,-0.4618967422234019,0.28375600242173793
COHFACE_s28_session0_lamp,0,1637,54.56666666666667,-0.35111503008959905,0.415119372457049
COHFACE_s28_session0_lamp,0,1638,54.6,-0.17219556008383755,0.5591007734177561
COHFACE_s28_session0_lamp,0,1639,54.63333333333333,0.053816198354206125,0.6199307995818177
COHFACE_s28_session0_lamp,0,1640,54.666666666666664,0.27838625500394226,0.5749908977603571
COHFACE_s28_session0_lamp,0,1641,54.7,0.45741720900459915,0.4750249919109378
COHFACE_s28_session0_lamp,0,1642,54.733333333333334,0.5719342034044761,0.36723736659030326
COHFACE_s28_session0_lamp,0,1643,54.766666666666666,0.6200874506619448,0.2946583367412688
COHFACE_s28_session0_lamp,0,1644,54.8,0.6080098916155705,0.25196748145936443
COHFACE_s28_session0_lamp,0,1645,54.833333333333336,0.5498552144794645,0.18618870363966206
COHFACE_s28_session0_lamp,0,1646,54.86666666666667,0.46746391261350323,0.08338375000472621
COHFACE_s28_session0_lamp,0,1647,54.9,0.3814094700591151,-0.0304436590400367
COHFACE_s28_session0_lamp,0,1648,54.93333333333333,0.3002835888156095,-0.12102728997383579
COHFACE_s28_session0_lamp,0,1649,54.96666666666667,0.22277914512815708,-0.14597361799613312
COHFACE_s28_session0_lamp,0,1650,55.0,0.14747507558132897,-0.11982676270075399
COHFACE_s28_session0_lamp,0,1651,55.03333333333333,0.07635897018197248,-0.113434631807158
COHFACE_s28_session0_lamp,0,1652,55.06666666666667,0.011939548130628731,-0.15504933363588577
COHFACE_s28_session0_lamp,0,1653,55.1,-0.04632965136616441,-0.229528489655007
COHFACE_s28_session0_lamp,0,1654,55.13333333333333,-0.1010425988802977,-0.3151530013521211
COHFACE_s28_session0_lamp,0,1655,55.166666666666664,-0.15379021773374935,-0.38369879086070624
COHFACE_s28_session0_lamp,0,1656,55.2,-0.2061901831784949,-0.42987569056423697
COHFACE_s28_session0_lamp,0,1657,55.233333333333334,-0.25988738452194227,-0.47098236855953723
COHFACE_s28_session0_lamp,0,1658,55.266666666666666,-0.3156124999017239,-0.5102037184656993
COHFACE_s28_session0_lamp,0,1659,55.3,-0.3737204052346061,-0.5362341626760074
COHFACE_s28_session0_lamp,0,1660,55.333333333333336,-0.43212654932882877,-0.5361849746962797
COHFACE_s28_session0_lamp,0,1661,55.36666666666667,-0.48531556033142176,-0.495794478068956
COHFACE_s28_session0_lamp,0,1662,55.4,-0.5252416067201405,-0.4019058998911633
COHFACE_s28_session0_lamp,0,1663,55.43333333333333,-0.542452690544177,-0.24317453571670627
COHFACE_s28_session0_lamp,0,1664,55.46666666666667,-0.5252430130379435,-0.04435338824358108
COHFACE_s28_session0_lamp,0,1665,55.5,-0.4568676042387081,0.1332352182196796
COHFACE_s28_session0_lamp,0,1666,55.53333333333333,-0.3210839583514448,0.2737813593667124
COHFACE_s28_session0_lamp,0,1667,55.56666666666667,-0.11871944099567905,0.40612077201392865
COHFACE_s28_session0_lamp,0,1668,55.6,0.11756582198675558,0.5241417858889414
COHFACE_s28_session0_lamp,0,1669,55.63333333333333,0.33525192435974005,0.5859677503311655
COHFACE_s28_session0_lamp,0,1670,55.666666666666664,0.49636600038917533,0.5816257358977329
COHFACE_s28_session0_lamp,0,1671,55.7,0.5914441402302203,0.5328557737823554
COHFACE_s28_session0_lamp,0,1672,55.733333333333334,0.624809072033835,0.4709497931441934
COHFACE_s28_session0_lamp,0,1673,55.766666666666666,0.6030894376549149,0.43617917674147055
COHFACE_s28_session0_lamp,0,1674,55.8,0.5392928674594597,0.4240883413589083
COHFACE_s28_session0_lamp,0,1675,55.833333333333336,0.45449656717199605,0.3858682855104725
COHFACE_s28_session0_lamp,0,1676,55.86666666666667,0.36700104646585274,0.30049367984275505
COHFACE_s28_session0_lamp,0,1677,55.9,0.2837134722050216,0.17561422729333193
COHFACE_s28_session0_lamp,0,1678,55.93333333333333,0.20404612667105793,0.03538304234677798
COHFACE_s28_session0_lamp,0,1679,55.96666666666667,0.12722405095078967,-0.07931972653052025
COHFACE_s28_session0_lamp,0,1680,56.0,0.05509320488917868,-0.1531365328445673
COHFACE_s28_session0_lamp,0,1681,56.03333333333333,-0.009599068689718951,-0.19581985424647969
COHFACE_s28_session0_lamp,0,1682,56.06666666666667,-0.06584923443372723,-0.2246481749641934
COHFACE_s28_session0_lamp,0,1683,56.1,-0.11409288325468869,-0.2635857264116138
COHFACE_s28_session0_lamp,0,1684,56.13333333333333,-0.15592169714405357,-0.3156549733707746
COHFACE_s28_session0_lamp,0,1685,56.166666666666664,-0.1951739699014784,-0.36253514048674607
COHFACE_s28_session0_lamp,0,1686,56.2,-0.23685555924352913,-0.39530683589586274
COHFACE_s28_session0_lamp,0,1687,56.233333333333334,-0.28402073515629744,-0.4143427741496924
COHFACE_s28_session0_lamp,0,1688,56.266666666666666,-0.33579312822655744,-0.4126311019838273
COHFACE_s28_session0_lamp,0,1689,56.3,-0.38760322077142534,-0.37581799001138255
COHFACE_s28_session0_lamp,0,1690,56.333333333333336,-0.4341512121131176,-0.29472454507264867
COHFACE_s28_session0_lamp,0,1691,56.36666666666667,-0.46966421011928355,-0.1658597072133653
COHFACE_s28_session0_lamp,0,1692,56.4,-0.4847893908801402,-0.003161556065190741
COHFACE_s28_session0_lamp,0,1693,56.43333333333333,-0.4683472935096898,0.16148969394905163
COHFACE_s28_session0_lamp,0,1694,56.46666666666667,-0.40763424255400604,0.29639919568092243
COHFACE_s28_session0_lamp,0,1695,56.5,-0.2871508466784496,0.36979536914173083
COHFACE_s28_session0_lamp,0,1696,56.53333333333333,-0.10368066177468427,0.3837356775788975
COHFACE_s28_session0_lamp,0,1697,56.56666666666667,0.11218445225766654,0.37352433542933144
COHFACE_s28_session0_lamp,0,1698,56.6,0.309275289645455,0.34769482190670264
COHFACE_s28_session0_lamp,0,1699,56.63333333333333,0.4540504742390267,0.28784030919186376
COHFACE_s28_session0_lamp,0,1700,56.666666666666664,0.5389852937075525,0.1927553708642941
COHFACE_s28_session0_lamp,0,1701,56.7,0.5652175888881726,0.07890364690828142
COHFACE_s28_session0_lamp,0,1702,56.733333333333334,0.5381167831366884,-0.03461277885051801
COHFACE_s28_session0_lamp,0,1703,56.766666666666666,0.47445862873350186,-0.12578340686935946
COHFACE_s28_session0_lamp,0,1704,56.8,0.39737615368102186,-0.1912676305458933
COHFACE_s28_session0_lamp,0,1705,56.833333333333336,0.32182304377938326,-0.2458342925728789
COHFACE_s28_session0_lamp,0,1706,56.86666666666667,0.25138337436715746,-0.2875102830176665
COHFACE_s28_session0_lamp,0,1707,56.9,0.1841586062776361,-0.2972457528109842
COHFACE_s28_session0_lamp,0,1708,56.93333333333333,0.1175577255624454,-0.26785245407527497
COHFACE_s28_session0_lamp,0,1709,56.96666666666667,0.051792551153009125,-0.20414443911622143
COHFACE_s28_session0_lamp,0,1710,57.0,-0.009834186529636288,-0.11707800758012582
COHFACE_s28_session0_lamp,0,1711,57.03333333333333,-0.06698207939102524,-0.023900312171224215
COHFACE_s28_session0_lamp,0,1712,57.06666666666667,-0.12561067253473635,0.04054428495469311
COHFACE_s28_session0_lamp,0,1713,57.1,-0.18950947599705506,0.02413878934118708
COHFACE_s28_session0_lamp,0,1714,57.13333333333333,-0.2551520083578861,-0.04831459026558134
COHFACE_s28_session0_lamp,0,1715,57.166666666666664,-0.31951372425367924,-0.07570541500620277
COHFACE_s28_session0_lamp,0,1716,57.2,-0.38316665715882514,-0.0246207457449217
COHFACE_s28_session0_lamp,0,1717,57.233333333333334,-0.44397307120779206,0.06987408497128458
COHFACE_s28_session0_lamp,0,1718,57.266666666666666,-0.49499208801811523,0.15815657397076147
COHFACE_s28_session0_lamp,0,1719,57.3,-0.5265390305159057,0.17678665005753585
COHFACE_s28_session0_lamp,0,1720,57.333333333333336,-0.5262604648818715,0.13435824637522814
COHFACE_s28_session0_lamp,0,1721,57.36666666666667,-0.47931730886123547,0.11110887707951936
COHFACE_s28_session0_lamp,0,1722,57.4,-0.3707917707666915,0.13918500635859918
COHFACE_s28_session0_lamp,0,1723,57.43333333333333,-0.19529180229087245,0.20187813084260472
COHFACE_s28_session0_lamp,0,1724,57.46666666666667,0.024478776244252345,0.25818403518191846
COHFACE_s28_session0_lamp,0,1725,57.5,0.24014881191713616,0.24353613471529836
COHFACE_s28_session0_lamp,0,1726,57.53333333333333,0.4110181446294152,0.15677140101054582
COHFACE_s28_session0_lamp,0,1727,57.56666666666667,0.5223295160724051,0.06027576890982764
COHFACE_s28_session0_lamp,0,1728,57.6,0.5743421905595544,-0.01039800661577017
COHFACE_s28_session0_lamp,0,1729,57.63333333333333,0.5724279734684272,-0.046851468759577825
COHFACE_s28_session0_lamp,0,1730,57.666666666666664,0.5280666808402527,-0.057833403475136054
COHFACE_s28_session0_lamp,0,1731,57.7,0.4595963075429397,-0.0687116830423602
COHFACE_s28_session0_lamp,0,1732,57.733333333333334,0.38510100373748823,-0.08238223057269858
COHFACE_s28_session0_lamp,0,1733,57.766666666666666,0.3134250945431005,-0.07909129507221203
COHFACE_s28_session0_lamp,0,1734,57.8,0.24377595975361951,-0.057213727277920595
COHFACE_s28_session0_lamp,0,1735,57.833333333333336,0.1737713669846285,-0.033307515056123685
COHFACE_s28_session0_lamp,0,1736,57.86666666666667,0.10523272346417806,-0.025369077014814872
COHFACE_s28_session0_lamp,0,1737,57.9,0.039971722739060155,-0.052472469325816035
COHFACE_s28_session0_lamp,0,1738,57.93333333333333,-0.023660448887169526,-0.09908538058104353
COHFACE_s28_session0_lamp,0,1739,57.96666666666667,-0.08674359390797237,-0.1153123059617842
COHFACE_s28_session0_lamp,0,1740,58.0,-0.14901334523804174,-0.0944417494492807
COHFACE_s28_session0_lamp,0,1741,58.03333333333333,-0.2112544561455397,-0.07301774580209733
COHFACE_s28_session0_lamp,0,1742,58.06666666666667,-0.2745885056412671,-0.07527815571095649
COHFACE_s28_session0_lamp,0,1743,58.1,-0.33863782107515866,-0.1126094620553158
COHFACE_s28_session0_lamp,0,1744,58.13333333333333,-0.3997882867992658,-0.1565876549892341
COHFACE_s28_session0_lamp,0,1745,58.166666666666664,-0.45305626203904514,-0.1395342563469153
COHFACE_s28_session0_lamp,0,1746,58.2,-0.4943784289137775,-0.05582010822648789
COHFACE_s28_session0_lamp,0,1747,58.233333333333334,-0.5160902898872952,0.03784091386107992
COHFACE_s28_session0_lamp,0,1748,58.266666666666666,-0.5039364557990406,0.0856676974469803
COHFACE_s28_session0_lamp,0,1749,58.3,-0.4408504371576485,0.03373450328048329
COHFACE_s28_session0_lamp,0,1750,58.333333333333336,-0.3121198761982031,-0.07371952833626697
COHFACE_s28_session0_lamp,0,1751,58.36666666666667,-0.11690125102399829,-0.09520864360359574
COHFACE_s28_session0_lamp,0,1752,58.4,0.11336941842738452,0.005137152208908896
COHFACE_s28_session0_lamp,0,1753,58.43333333333333,0.3229888312429224,0.15667549606915468
COHFACE_s28_session0_lamp,0,1754,58.46666666666667,0.4691161684327548,0.29450440343365586
COHFACE_s28_session0_lamp,0,1755,58.5,0.5358673643634684,0.3602288886937546
COHFACE_s28_session0_lamp,0,1756,58.53333333333333,0.5212445591306537,0.33403922907156347
COHFACE_s28_session0_lamp,0,1757,58.56666666666667,0.43113017303857937,0.2347939713525944
COHFACE_s28_session0_lamp,0,1758,58.6,0.28260697516899236,0.0861792849625495
COHFACE_s28_session0_lamp,0,1759,58.63333333333333,0.10244958320797631,-0.08327868772986843
