recording_id,measurement_id,sample_index,time_seconds,gt_signal,predicted_signal
BH_s29_low,0,0,0.0,0.09002794402921865,-0.13349601328208854
BH_s29_low,0,1,0.03333333333333333,-0.0037055391837913787,-0.34526643395346557
BH_s29_low,0,2,0.06666666666666667,-0.07917318118486204,-0.524516453218027
BH_s29_low,0,3,0.1,-0.13188992767190139,-0.6362725419948382
BH_s29_low,0,4,0.13333333333333333,-0.1714725687388479,-0.6568174583190356
BH_s29_low,0,5,0.16666666666666666,-0.2151090600431484,-0.5736164533182974
BH_s29_low,0,6,0.2,-0.2790624752907203,-0.3735689589628992
BH_s29_low,0,7,0.23333333333333334,-0.3725737938893082,-0.044031929575106404
BH_s29_low,0,8,0.26666666666666666,-0.49382047752975844,0.3737811369722417
BH_s29_low,0,9,0.3,-0.6313570281185356,0.7835790703483054
BH_s29_low,0,10,0.3333333333333333,-0.7690930545541318,1.1131313692230644
BH_s29_low,0,11,0.36666666666666664,-0.8881629509544724,1.3133770410488865
BH_s29_low,0,12,0.4,-0.9692045185768404,1.3706309663703564
BH_s29_low,0,13,0.43333333333333335,-0.9920090315398957,1.3055265488367727
BH_s29_low,0,14,0.4666666666666667,-0.9362378160342366,1.1486587500257968
BH_s29_low,0,15,0.5,-0.7800831583399773,0.9401752162384029
BH_s29_low,0,16,0.5333333333333333,-0.5031002897600232,0.706529209423687
BH_s29_low,0,17,0.5666666666666667,-0.11052112519123064,0.4612392696453344
BH_s29_low,0,18,0.6,0.34409235381505326,0.20093460136348135
BH_s29_low,0,19,0.6333333333333333,0.7692460732454051,-0.09274654772687935
BH_s29_low,0,20,0.6666666666666666,1.0741987747516049,-0.4207047088541811
BH_s29_low,0,21,0.7,1.2103698846880222,-0.7641993462186106
BH_s29_low,0,22,0.7333333333333333,1.1857100706177868,-1.0932530822101263
BH_s29_low,0,23,0.7666666666666667,1.04567117994806,-1.365009791754598
BH_s29_low,0,24,0.8,0.8465003584297587,-1.5413141319536745
BH_s29_low,0,25,0.8333333333333334,0.6369615332973398,-1.5878341020605926
BH_s29_low,0,26,0.8666666666666667,0.44518715393209846,-1.4942477278388173
BH_s29_low,0,27,0.9,0.2763619283025579,-1.2741977666420488
BH_s29_low,0,28,0.9333333333333333,0.12081585958745575,-0.943083160600681
BH_s29_low,0,29,0.9666666666666667,-0.03590451961768482,-0.5192023665967169
BH_s29_low,0,30,1.0,-0.20243298597549636,-0.031960119809814544
BH_s29_low,0,31,1.0333333333333334,-0.3787856431483449,0.47591893512593364
BH_s29_low,0,32,1.0666666666666667,-0.5581663321810435,0.944753928036433
BH_s29_low,0,33,1.1,-0.7287380162641761,1.2959613646426902
BH_s29_low,0,34,1.1333333333333333,-0.877671510558232,1.4961583284220197
BH_s29_low,0,35,1.1666666666666667,-0.9899758803106063,1.5555890577461926
BH_s29_low,0,36,1.2,-1.0480482883212952,1.4917451984555905
BH_s29_low,0,37,1.2333333333333334,-1.0340997238366152,1.3284340910092605
BH_s29_low,0,38,1.2666666666666666,-0.9278415935518675,1.0889857556465052
BH_s29_low,0,39,1.3,-0.7069956634316914,0.7967694190482906
BH_s29_low,0,40,1.3333333333333333,-0.36091274096167336,0.4759109128748639
BH_s29_low,0,41,1.3666666666666667,0.08348438322801244,0.15272818267687222
BH_s29_low,0,42,1.4,0.5497902755003495,-0.15485591078671285
BH_s29_low,0,43,1.4333333333333333,0.9372742517762012,-0.43546666470258033
BH_s29_low,0,44,1.4666666666666666,1.1674049760598035,-0.6780783582542279
BH_s29_low,0,45,1.5,1.2171937379690172,-0.8702734111189794
BH_s29_low,0,46,1.5333333333333334,1.1179392198977751,-1.0252013133408295
BH_s29_low,0,47,1.5666666666666667,0.9285155409528298,-1.1797856316712942
BH_s29_low,0,48,1.6,0.7066859760042689,-1.3318248554959549
BH_s29_low,0,49,1.6333333333333333,0.4943181904647078,-1.4389305723421293
BH_s29_low,0,50,1.6666666666666667,0.3104149789678596,-1.4554024052970094
BH_s29_low,0,51,1.7,0.15020897737964345,-1.3327828962668138
BH_s29_low,0,52,1.7333333333333334,-0.002121012287722844,-1.0446497059360438
BH_s29_low,0,53,1.7666666666666666,-0.1607533207831705,-0.5882824971637454
BH_s29_low,0,54,1.8,-0.3328248127988789,-0.01769957632375856
BH_s29_low,0,55,1.8333333333333333,-0.5141734077277157,0.5545875027906916
BH_s29_low,0,56,1.8666666666666667,-0.6912397885784796,1.0435019555479994
BH_s29_low,0,57,1.9,-0.8468374536532931,1.389708827210034
BH_s29_low,0,58,1.9333333333333333,-0.9624565017333463,1.5705854754306539
BH_s29_low,0,59,1.9666666666666666,-1.0210340709846453,1.5983587400735573
BH_s29_low,0,60,2.0,-1.0064065360411145,1.4996953510498585
BH_s29_low,0,61,2.033333333333333,-0.9010350617423032,1.3147195719576528
BH_s29_low,0,62,2.066666666666667,-0.6861022038661568,1.073794866611597
BH_s29_low,0,63,2.1,-0.3507581223290612,0.7979825570471362
BH_s29_low,0,64,2.1333333333333333,0.08222920316428559,0.5035900592765428
BH_s29_low,0,65,2.1666666666666665,0.540941172720695,0.2037066210284093
BH_s29_low,0,66,2.2,0.9250876749869863,-0.08975070605968136
BH_s29_low,0,67,2.2333333333333334,1.1524150202518195,-0.3641883942751295
BH_s29_low,0,68,2.2666666666666666,1.1968648705937879,-0.6167525177667534
BH_s29_low,0,69,2.3,1.0914542952557735,-0.852397983754086
BH_s29_low,0,70,2.3333333333333335,0.8969210961989671,-1.0686230204821827
BH_s29_low,0,71,2.3666666666666667,0.6686256520131331,-1.2538140696553215
BH_s29_low,0,72,2.4,0.44820677643364853,-1.3870042105007248
BH_s29_low,0,73,2.433333333333333,0.26104517667501437,-1.437128239342087
BH_s29_low,0,74,2.466666666666667,0.10692736510584595,-1.3726483171324586
BH_s29_low,0,75,2.5,-0.03358463191542625,-1.1621023565576138
BH_s29_low,0,76,2.533333333333333,-0.1794217268688725,-0.7988244130199895
BH_s29_low,0,77,2.566666666666667,-0.338751472234355,-0.30266389407264316
BH_s29_low,0,78,2.6,-0.5077873551056244,0.2610382287806767
BH_s29_low,0,79,2.6333333333333333,-0.673879144908065,0.7797449634436555
BH_s29_low,0,80,2.6666666666666665,-0.8216002930121207,1.1799340735690462
BH_s29_low,0,81,2.7,-0.9339080743703577,1.4254639419790256
BH_s29_low,0,82,2.7333333333333334,-0.992261523767433,1.506906006445877
BH_s29_low,0,83,2.7666666666666666,-0.9784624094862197,1.4400270152020875
BH_s29_low,0,84,2.8,-0.8735867560744126,1.2475626166673088
BH_s29_low,0,85,2.8333333333333335,-0.657298971941652,0.9590232523323359
BH_s29_low,0,86,2.8666666666666667,-0.3186101929024534,0.6034668142589485
BH_s29_low,0,87,2.9,0.11753131159509078,0.21072389706464675
BH_s29_low,0,88,2.933333333333333,0.576267285047515,-0.1875295932541739
BH_s29_low,0,89,2.966666666666667,0.953378320155225,-0.5558661705127574
BH_s29_low,0,90,3.0,1.1650376957150432,-0.8620276311293529
BH_s29_low,0,91,3.033333333333333,1.1893223355139804,-1.0752072630583571
BH_s29_low,0,92,3.066666666666667,1.0615394581477864,-1.1731419425251643
BH_s29_low,0,93,3.1,0.8447738057592544,-1.141221959103396
BH_s29_low,0,94,3.1333333333333333,0.6015129385257392,-0.9832111489439513
BH_s29_low,0,95,3.1666666666666665,0.37545514108378286,-0.7213717251738553
BH_s29_low,0,96,3.2,0.18428834790852433,-0.40795651985862286
BH_s29_low,0,97,3.2333333333333334,0.02220725411660493,-0.1255941019031279
BH_s29_low,0,98,3.2666666666666666,-0.12637732126389337,0.09038795033607266
BH_s29_low,0,99,3.3,-0.27479829671772665,0.25093617599262996
BH_s29_low,0,100,3.3333333333333335,-0.42952216985682945,0.3687431919405725
BH_s29_low,0,101,3.3666666666666667,-0.5861529091653003,0.4567085197207883
BH_s29_low,0,102,3.4,-0.7291809845713719,0.5283358195536723
BH_s29_low,0,103,3.433333333333333,-0.8396353115059326,0.5966950674516591
BH_s29_low,0,104,3.466666666666667,-0.8997949971740227,0.6696368831964843
BH_s29_low,0,105,3.5,-0.8900953192505254,0.7490682286296906
BH_s29_low,0,106,3.533333333333333,-0.7864524672336544,0.809480874428259
BH_s29_low,0,107,3.566666666666667,-0.5664148522625274,0.7981220040583861
BH_s29_low,0,108,3.6,-0.22638761904565236,0.690776227014326
BH_s29_low,0,109,3.6333333333333333,0.1952539395831022,0.4925624276758321
BH_s29_low,0,110,3.6666666666666665,0.612535851264627,0.2200708804431918
BH_s29_low,0,111,3.7,0.9233877915179771,-0.09766720677958374
BH_s29_low,0,112,3.7333333333333334,1.0611431659303305,-0.419842821208823
BH_s29_low,0,113,3.7666666666666666,1.0207809471350502,-0.692737486040987
BH_s29_low,0,114,3.8,0.8470544907453453,-0.8766762115144892
BH_s29_low,0,115,3.8333333333333335,0.6078300171980986,-0.9451878828631775
BH_s29_low,0,116,3.8666666666666667,0.36337676966696575,-0.8914426849965325
BH_s29_low,0,117,3.9,0.1482974427169887,-0.7279400082818333
BH_s29_low,0,118,3.933333333333333,-0.028988190188284958,-0.502183819671046
BH_s29_low,0,119,3.966666666666667,-0.1805194691150764,-0.296480600069133
BH_s29_low,0,120,4.0,-0.3243380214500515,-0.1573348633579122
BH_s29_low,0,121,4.033333333333333,-0.4699660021843284,-0.0955917088444134
BH_s29_low,0,122,4.066666666666666,-0.6138869658607107,-0.08625005756399946
BH_s29_low,0,123,4.1,-0.7399627729087095,-0.06964472312453701
BH_s29_low,0,124,4.133333333333334,-0.8225511411100425,-0.00924271018682856
BH_s29_low,0,125,4.166666666666667,-0.8328302457257476,0.10715941288666961
BH_s29_low,0,126,4.2,-0.7437817997477331,0.27222474007752656
BH_s29_low,0,127,4.233333333333333,-0.5321051128585553,0.45842640191851314
BH_s29_low,0,128,4.266666666666667,-0.19394666565821447,0.6318214028616079
BH_s29_low,0,129,4.3,0.2297161830666799,0.7516713684498297
BH_s29_low,0,130,4.333333333333333,0.650735268267556,0.7853606935402953
BH_s29_low,0,131,4.366666666666666,0.9648413589042093,0.7084618981996336
BH_s29_low,0,132,4.4,1.1017576733350283,0.5247747298526692
BH_s29_low,0,133,4.433333333333334,1.0546274631583885,0.266760744514298
BH_s29_low,0,134,4.466666666666667,0.8682807381039968,-0.02905238582614742
BH_s29_low,0,135,4.5,0.6094733567812346,-0.321274098157271
BH_s29_low,0,136,4.533333333333333,0.3395209356914931,-0.5649996231125533
BH_s29_low,0,137,4.566666666666666,0.09568568267375667,-0.7110050161298376
BH_s29_low,0,138,4.6,-0.11216338626717101,-0.7398218129421207
BH_s29_low,0,139,4.633333333333334,-0.2921237058840042,-0.6612457705906571
BH_s29_low,0,140,4.666666666666667,-0.45788428716227975,-0.499879079565787
BH_s29_low,0,141,4.7,-0.6158654655642345,-0.29497972338762035
BH_s29_low,0,142,4.733333333333333,-0.7611362413696762,-0.08119018708076971
BH_s29_low,0,143,4.766666666666667,-0.8790746290829399,0.11099588727700935
BH_s29_low,0,144,4.8,-0.9447563862035632,0.2633017540706992
BH_s29_low,0,145,4.833333333333333,-0.9256355106276222,0.368820607626392
BH_s29_low,0,146,4.866666666666666,-0.7904387404327138,0.4213683916204771
BH_s29_low,0,147,4.9,-0.5173149641920831,0.41491203893894335
BH_s29_low,0,148,4.933333333333334,-0.11197339699813863,0.35794863743074484
BH_s29_low,0,149,4.966666666666667,0.36472839783423144,0.2733180117417004
BH_s29_low,0,150,5.0,0.8050520500247662,0.18313547829773263
BH_s29_low,0,151,5.033333333333333,1.1038156274621371,0.1087785499519623
BH_s29_low,0,152,5.066666666666666,1.2066527011518327,0.07323165468140488
BH_s29_low,0,153,5.1,1.1245868547002287,0.1009804612376975
BH_s29_low,0,154,5.133333333333334,0.9103151254608928,0.19158238579172082
BH_s29_low,0,155,5.166666666666667,0.6273608568002631,0.3195090056191954
BH_s29_low,0,156,5.2,0.3325166132689962,0.426007868959249
BH_s29_low,0,157,5.233333333333333,0.06309245305937382,0.419908742690862
BH_s29_low,0,158,5.266666666666667,-0.17018626687401922,0.26143160867336024
BH_s29_low,0,159,5.3,-0.37493378497659824,-0.036595836877481316
BH_s29_low,0,160,5.333333333333333,-0.5600970414192101,-0.40940880127312534
BH_s29_low,0,161,5.366666666666666,-0.7254528381094406,-0.7400154311705756
BH_s29_low,0,162,5.4,-0.8601949944858177,-0.9600620876592862
BH_s29_low,0,163,5.433333333333334,-0.9464094186026449,-1.049425452090086
BH_s29_low,0,164,5.466666666666667,-0.9586190594867606,-1.0126711535548114
BH_s29_low,0,165,5.5,-0.8638983030399553,-0.8782888478122896
BH_s29_low,0,166,5.533333333333333,-0.6329906519213885,-0.6668849903866425
BH_s29_low,0,167,5.566666666666666,-0.2628355892286078,-0.39157432475869575
BH_s29_low,0,168,5.6,0.19966284378159485,-0.09015139195157594
BH_s29_low,0,169,5.633333333333334,0.6575932566405043,0.1739910159035742
BH_s29_low,0,170,5.666666666666667,1.0006306457934044,0.3634759868462431
BH_s29_low,0,171,5.7,1.1577460000150694,0.46608551833671064
BH_s29_low,0,172,5.733333333333333,1.124037945460685,0.49757164412457067
BH_s29_low,0,173,5.766666666666667,0.9453675382820813,0.5004271697277481
BH_s29_low,0,174,5.8,0.6849700547135325,0.5089529775112636
BH_s29_low,0,175,5.833333333333333,0.4015161213384172,0.5482171770351848
BH_s29_low,0,176,5.866666666666666,0.13594126556707634,0.6226418067889706
BH_s29_low,0,177,5.9,-0.09610568811980302,0.7155753429703547
BH_s29_low,0,178,5.933333333333334,-0.29789340612803317,0.7905396197718871
BH_s29_low,0,179,5.966666666666667,-0.47917122209514,0.7916120350634623
BH_s29_low,0,180,6.0,-0.6458499578395791,0.6901603091562732
BH_s29_low,0,181,6.033333333333333,-0.7949100111740091,0.4856718765690537
BH_s29_low,0,182,6.066666666666666,-0.9103943726613889,0.19745309012974765
BH_s29_low,0,183,6.1,-0.9659606705016633,-0.13443872380726152
BH_s29_low,0,184,6.133333333333334,-0.9332324641526923,-0.4689854872384344
BH_s29_low,0,185,6.166666666666667,-0.782219933985594,-0.7629845555731105
BH_s29_low,0,186,6.2,-0.49063267279712003,-0.9889349722986811
BH_s29_low,0,187,6.233333333333333,-0.07190171147380287,-1.13369844936966
BH_s29_low,0,188,6.266666666666667,0.407567998117675,-1.1886016338641712
BH_s29_low,0,189,6.3,0.8402738071526187,-1.1486323399945662
BH_s29_low,0,190,6.333333333333333,1.1224353174437969,-0.9976952109729069
BH_s29_low,0,191,6.366666666666666,1.2068543286330253,-0.7093560470203097
BH_s29_low,0,192,6.4,1.1122452213862641,-0.290304018321439
BH_s29_low,0,193,6.433333333333334,0.8946583466953637,0.21777203263557918
BH_s29_low,0,194,6.466666666666667,0.6197621870725166,0.7395117746509865
BH_s29_low,0,195,6.5,0.34417292638466646,1.1644073526047434
BH_s29_low,0,196,6.533333333333333,0.09975554448647163,1.4242176677584486
BH_s29_low,0,197,6.566666666666666,-0.11093181908466787,1.4918858143018716
BH_s29_low,0,198,6.6,-0.3007062509344064,1.3685788769917466
BH_s29_low,0,199,6.633333333333334,-0.48140560485303846,1.0831723590510771
BH_s29_low,0,200,6.666666666666667,-0.6554885171151184,0.6829195030289036
BH_s29_low,0,201,6.7,-0.8145734995490812,0.2341454153628073
BH_s29_low,0,202,6.733333333333333,-0.9403191211881572,-0.21317931333002643
BH_s29_low,0,203,6.766666666666667,-1.0066137006596083,-0.6236483875309736
BH_s29_low,0,204,6.8,-0.9853849389709044,-0.964874667949216
BH_s29_low,0,205,6.833333333333333,-0.8496644699455763,-1.205470750744173
BH_s29_low,0,206,6.866666666666666,-0.5771118600117128,-1.3253480706281016
BH_s29_low,0,207,6.9,-0.17133944171745735,-1.314570261673702
BH_s29_low,0,208,6.933333333333334,0.3119862730851057,-1.1721324201490564
BH_s29_low,0,209,6.966666666666667,0.7698651352112942,-0.9060802325766353
BH_s29_low,0,210,7.0,1.0922114569241512,-0.5587712401827536
BH_s29_low,0,211,7.033333333333333,1.2164031652886242,-0.20758845573815596
BH_s29_low,0,212,7.066666666666666,1.1518633846942548,0.09390366457918242
BH_s29_low,0,213,7.1,0.9548897446848894,0.3149480989969877
BH_s29_low,0,214,7.133333333333334,0.6920399751433273,0.4600991329955906
BH_s29_low,0,215,7.166666666666667,0.42025436841508756,0.5674664859837089
BH_s29_low,0,216,7.2,0.1739528627980454,0.6667629557184189
BH_s29_low,0,217,7.233333333333333,-0.040465870009910455,0.7776440485762837
BH_s29_low,0,218,7.266666666666667,-0.23422769808188493,0.8949516536078072
BH_s29_low,0,219,7.3,-0.41997034133547684,0.9880464078289574
BH_s29_low,0,220,7.333333333333333,-0.6014146435711889,1.0279589241103722
BH_s29_low,0,221,7.366666666666666,-0.7702191240409726,0.9875533777234158
BH_s29_low,0,222,7.4,-0.9076769208482541,0.8582104415728741
BH_s29_low,0,223,7.433333333333334,-0.9903202429332313,0.6503792403441931
BH_s29_low,0,224,7.466666666666667,-0.9925407148504347,0.378743408203472
BH_s29_low,0,225,7.5,-0.8864146068877068,0.0633153531023538
BH_s29_low,0,226,7.533333333333333,-0.6455673642874394,-0.2751363692167127
BH_s29_low,0,227,7.566666666666666,-0.26435721995629485,-0.6133906536469362
BH_s29_low,0,228,7.6,0.21271232136186347,-0.9282437276280695
BH_s29_low,0,229,7.633333333333334,0.6876436036747428,-1.1947220302986274
BH_s29_low,0,230,7.666666666666667,1.0467228568712366,-1.389384062100159
BH_s29_low,0,231,7.7,1.2176418464647811,-1.4890653914835001
BH_s29_low,0,232,7.733333333333333,1.1985386734990566,-1.4673233058410735
BH_s29_low,0,233,7.766666666666667,1.0368933782206868,-1.2944792283904671
BH_s29_low,0,234,7.8,0.7956554905669,-0.9648308247205863
BH_s29_low,0,235,7.833333333333333,0.5327957509984066,-0.4980650505895845
BH_s29_low,0,236,7.866666666666666,0.2882256150434857,0.05032883329425243
BH_s29_low,0,237,7.9,0.07484607336339429,0.5872932355521028
BH_s29_low,0,238,7.933333333333334,-0.11771858535714783,1.0379651134530632
BH_s29_low,0,239,7.966666666666667,-0.3053138953232142,1.3439644360820675
BH_s29_low,0,240,8.0,-0.49697637431734243,1.4924736350287668
BH_s29_low,0,241,8.033333333333333,-0.690822515218496,1.5144026959195707
BH_s29_low,0,242,8.066666666666666,-0.8709459981132724,1.4351098901546044
BH_s29_low,0,243,8.1,-1.014336448875346,1.2735189219328915
BH_s29_low,0,244,8.133333333333333,-1.0981066446003442,1.0407437945394282
BH_s29_low,0,245,8.166666666666666,-1.099198995961207,0.7409499777626513
BH_s29_low,0,246,8.2,-0.9918118226252162,0.3919517522840489
BH_s29_low,0,247,8.233333333333333,-0.7481490560959124,0.026885716129823642
BH_s29_low,0,248,8.266666666666667,-0.35802966107923245,-0.32957448065239214
BH_s29_low,0,249,8.3,0.14227544215864957,-0.6592679750357806
BH_s29_low,0,250,8.333333333333334,0.6610207673800405,-0.9450120965823414
BH_s29_low,0,251,8.366666666666667,1.0813195246628564,-1.1686943110111923
BH_s29_low,0,252,8.4,1.3168963827308344,-1.3237100785816378
BH_s29_low,0,253,8.433333333333334,1.348572592689686,-1.4135246232125334
BH_s29_low,0,254,8.466666666666667,1.2157040625187343,-1.43217593432506
BH_s29_low,0,255,8.5,0.98179969831226,-1.3637993381878708
BH_s29_low,0,256,8.533333333333333,0.7084522721732701,-1.1927052268277532
BH_s29_low,0,257,8.566666666666666,0.44230877793092643,-0.9043411943613004
BH_s29_low,0,258,8.6,0.20776032785832887,-0.5123247017406357
BH_s29_low,0,259,8.633333333333333,0.004759505840020085,-0.06015680040823168
BH_s29_low,0,260,8.666666666666666,-0.1835648594283936,0.4002841940142897
BH_s29_low,0,261,8.7,-0.3743345311992422,0.8069470163370093
BH_s29_low,0,262,8.733333333333333,-0.5707683109228626,1.1155950570287556
BH_s29_low,0,263,8.766666666666667,-0.7622893368778086,1.298117652369284
BH_s29_low,0,264,8.8,-0.9329300816883408,1.3612815071688398
BH_s29_low,0,265,8.833333333333334,-1.0641555920470323,1.345190824280415
BH_s29_low,0,266,8.866666666666667,-1.1345975425739188,1.2739288293458007
BH_s29_low,0,267,8.9,-1.1213463823380225,1.154962072639986
BH_s29_low,0,268,8.933333333333334,-1.0012972183682616,0.9847208866880947
BH_s29_low,0,269,8.966666666666667,-0.7505166221544465,0.7495598691532471
BH_s29_low,0,270,9.0,-0.3587400883578765,0.44789071660080565
BH_s29_low,0,271,9.033333333333333,0.1397621810622635,0.09193729950387874
BH_s29_low,0,272,9.066666666666666,0.6570796820440823,-0.29340486393811244
BH_s29_low,0,273,9.1,1.0803233501918836,-0.6686998263658082
BH_s29_low,0,274,9.133333333333333,1.3231730868611191,-0.9986365288770632
BH_s29_low,0,275,9.166666666666666,1.3637820429243068,-1.250320511284103
BH_s29_low,0,276,9.2,1.2382213570971452,-1.402754603530974
BH_s29_low,0,277,9.233333333333333,1.0089300122429292,-1.445612493463815
BH_s29_low,0,278,9.266666666666667,0.7374380176921167,-1.3661450387342506
BH_s29_low,0,279,9.3,0.4709861228615714,-1.149227138137884
BH_s29_low,0,280,9.333333333333334,0.23499636494504272,-0.7961056280596569
BH_s29_low,0,281,9.366666666666667,0.028518062908195765,-0.3259200189630336
BH_s29_low,0,282,9.4,-0.16358125438689708,0.20175733266439763
BH_s29_low,0,283,9.433333333333334,-0.35477250968233154,0.6852541274977162
BH_s29_low,0,284,9.466666666666667,-0.5492449141516715,1.0496441374393946
BH_s29_low,0,285,9.5,-0.739797783590515,1.2454220562189524
BH_s29_low,0,286,9.533333333333333,-0.9114934559702071,1.2622073706268486
BH_s29_low,0,287,9.566666666666666,-1.0445353680188325,1.1276236193916902
BH_s29_low,0,288,9.6,-1.116915652088968,0.8862520525845676
BH_s29_low,0,289,9.633333333333333,-1.1063871688230558,0.5993020817111266
BH_s29_low,0,290,9.666666666666666,-0.9895912119801589,0.3098632211739163
BH_s29_low,0,291,9.7,-0.7427341494290528,0.043719146982223955
BH_s29_low,0,292,9.733333333333333,-0.3572492660670704,-0.17729737297113085
BH_s29_low,0,293,9.766666666666667,0.13281264454185657,-0.3340205571848961
BH_s29_low,0,294,9.8,0.6396237209074963,-0.4296952536401556
BH_s29_low,0,295,9.833333333333334,1.0492359767011674,-0.4887529388239038
BH_s29_low,0,296,9.866666666666667,1.2755059228339851,-0.5304963590125392
BH_s29_low,0,297,9.9,1.2973692969305646,-0.5681166542291437
BH_s29_low,0,298,9.933333333333334,1.1538977531671222,-0.5982754336411356
BH_s29_low,0,299,9.966666666666667,0.9104440261782529,-0.6009361191869347
BH_s29_low,0,300,10.0,0.631680990923893,-0.5728062171048964
BH_s29_low,0,301,10.033333333333333,0.3683333014712495,-0.5274282947936867
BH_s29_low,0,302,10.066666666666666,0.14311877861767955,-0.4638794851914231
BH_s29_low,0,303,10.1,-0.0498595667645405,-0.3671480820003132
BH_s29_low,0,304,10.133333333333333,-0.22771465402460195,-0.22477082235718937
BH_s29_low,0,305,10.166666666666666,-0.4042512671815235,-0.027916022311525936
BH_s29_low,0,306,10.2,-0.5827423291691496,0.2159867282000113
BH_s29_low,0,307,10.233333333333333,-0.7530214214004738,0.48201855452444525
BH_s29_low,0,308,10.266666666666667,-0.8960171312443798,0.729788352092731
BH_s29_low,0,309,10.3,-0.990816638657537,0.9026643739302941
BH_s29_low,0,310,10.333333333333334,-1.0142377617740783,0.9675486687862807
BH_s29_low,0,311,10.366666666666667,-0.9408167298492466,0.9145770133428723
BH_s29_low,0,312,10.4,-0.7462169923795865,0.753335064573954
BH_s29_low,0,313,10.433333333333334,-0.4139001234780916,0.5129607593414574
BH_s29_low,0,314,10.466666666666667,0.03574199070722685,0.22558488919118833
BH_s29_low,0,315,10.5,0.5243427157316719,-0.07285947440851442
BH_s29_low,0,316,10.533333333333333,0.9411593866839992,-0.347282449660252
BH_s29_low,0,317,10.566666666666666,1.1933380191874083,-0.5622861467430066
BH_s29_low,0,318,10.6,1.2475173724428057,-0.6867585324430108
BH_s29_low,0,319,10.633333333333333,1.131898313108947,-0.6931987728620413
BH_s29_low,0,320,10.666666666666666,0.9079025357279152,-0.5880646326498542
BH_s29_low,0,321,10.7,0.642158585561474,-0.4115071696563668
BH_s29_low,0,322,10.733333333333333,0.38515801461609156,-0.19139755160358546
BH_s29_low,0,323,10.766666666666667,0.16037632290904075,0.05624405825640269
BH_s29_low,0,324,10.8,-0.035777427637227306,0.30328452680552864
BH_s29_low,0,325,10.833333333333334,-0.22078537197529813,0.5085462576164058
BH_s29_low,0,326,10.866666666666667,-0.40842753469915,0.6380201023823107
BH_s29_low,0,327,10.9,-0.6023527599816223,0.6644058408037021
BH_s29_low,0,328,10.933333333333334,-0.7936719948163702,0.5850290622956271
BH_s29_low,0,329,10.966666666666667,-0.9620944548737211,0.42175911469650285
BH_s29_low,0,330,11.0,-1.0822118410007568,0.2022536975551675
BH_s29_low,0,331,11.033333333333333,-1.1272506182146165,-0.039641567254525605
BH_s29_low,0,332,11.066666666666666,-1.0703727805036938,-0.28229711017883047
BH_s29_low,0,333,11.1,-0.8850173031535223,-0.5151698370643284
BH_s29_low,0,334,11.133333333333333,-0.552195059909258,-0.7287341971402118
BH_s29_low,0,335,11.166666666666666,-0.084731810784626,-0.9130798330122045
BH_s29_low,0,336,11.2,0.44957119493353326,-1.0516098765405064
BH_s29_low,0,337,11.233333333333333,0.9387017326999756,-1.1202045990893412
BH_s29_low,0,338,11.266666666666667,1.2725077241615401,-1.0853878228420542
BH_s29_low,0,339,11.3,1.395474207890747,-0.9048212608856315
BH_s29_low,0,340,11.333333333333334,1.3221159645238303,-0.5752588364174072
BH_s29_low,0,341,11.366666666666667,1.1078218729280138,-0.133967030553984
BH_s29_low,0,342,11.4,0.8171004852593662,0.35659862847258067
BH_s29_low,0,343,11.433333333333334,0.5076302031226738,0.807393203952584
BH_s29_low,0,344,11.466666666666667,0.2199398165407176,1.1638105962618936
BH_s29_low,0,345,11.5,-0.02929969202841319,1.4039931110525108
BH_s29_low,0,346,11.533333333333333,-0.24509775999481548,1.510123787404644
BH_s29_low,0,347,11.566666666666666,-0.44383896064002715,1.4671972612666893
BH_s29_low,0,348,11.6,-0.6377007413567481,1.284202917107691
BH_s29_low,0,349,11.633333333333333,-0.8221305817572958,0.9941685673857275
BH_s29_low,0,350,11.666666666666666,-0.9799526224223252,0.6316215754647208
BH_s29_low,0,351,11.7,-1.0885551857054832,0.23368334924866385
BH_s29_low,0,352,11.733333333333333,-1.119712219816256,-0.16802963397501364
BH_s29_low,0,353,11.766666666666667,-1.042578135279929,-0.5454440203505618
BH_s29_low,0,354,11.8,-0.8292594652427678,-0.8804983715165268
BH_s29_low,0,355,11.833333333333334,-0.46605048779681435,-1.1629364881209527
BH_s29_low,0,356,11.866666666666667,0.021369030267635772,-1.3778918124873252
BH_s29_low,0,357,11.9,0.5486596185360367,-1.5042769569464824
BH_s29_low,0,358,11.933333333333334,0.996946172330849,-1.5155497084118092
BH_s29_low,0,359,11.966666666666667,1.2706008400404818,-1.3795710237021321
BH_s29_low,0,360,12.0,1.3371828701060193,-1.0872247298451096
BH_s29_low,0,361,12.033333333333333,1.2230310069054162,-0.6536684755208353
BH_s29_low,0,362,12.066666666666666,0.9878069220307658,-0.11521939614015571
BH_s29_low,0,363,12.1,0.6984164472795162,0.46856090703353853
BH_s29_low,0,364,12.133333333333333,0.4087255173724097,1.019006912500022
BH_s29_low,0,365,12.166666666666666,0.1496660345477863,1.4364053693386192
BH_s29_low,0,366,12.2,-0.07502249488431287,1.6669204673882172
BH_s29_low,0,367,12.233333333333333,-0.27909282792852624,1.7011335484173036
BH_s29_low,0,368,12.266666666666667,-0.4765969414168762,1.5549984282892741
BH_s29_low,0,369,12.3,-0.6716449578688812,1.269129486279085
BH_s29_low,0,370,12.333333333333334,-0.8540417353675618,0.8867668297670397
BH_s29_low,0,371,12.366666666666667,-1.002719897765077,0.45458679057390694
BH_s29_low,0,372,12.4,-1.0932869196859307,0.0074849738084071145
BH_s29_low,0,373,12.433333333333334,-1.097516057106562,-0.4293133366120536
BH_s29_low,0,374,12.466666666666667,-0.9835890023444089,-0.8329481902040423
BH_s29_low,0,375,12.5,-0.7252072865454321,-1.1804316286096483
BH_s29_low,0,376,12.533333333333333,-0.3183792991264166,-1.4434870511131757
BH_s29_low,0,377,12.566666666666666,0.19114587245893166,-1.5868579152631668
BH_s29_low,0,378,12.6,0.6990184345376518,-1.5802108617582753
BH_s29_low,0,379,12.633333333333333,1.0820363431467515,-1.3979789652410353
BH_s29_low,0,380,12.666666666666666,1.2642153913493042,-1.0421343318177279
BH_s29_low,0,381,12.7,1.2437670448351554,-0.5434483563207604
BH_s29_low,0,382,12.733333333333333,1.0671463585350554,0.02855885011618546
BH_s29_low,0,383,12.766666666666667,0.8007472684962708,0.5640254784853511
BH_s29_low,0,384,12.8,0.511392762707975,0.987997941658443
BH_s29_low,0,385,12.833333333333334,0.2444914592242256,1.2587269535107148
BH_s29_low,0,386,12.866666666666667,0.013725410753995942,1.3675154514458503
BH_s29_low,0,387,12.9,-0.18943368537833782,1.337007262509976
BH_s29_low,0,388,12.933333333333334,-0.3780490256541438,1.1974908725727391
BH_s29_low,0,389,12.966666666666667,-0.5594334733645703,0.9862342524080112
BH_s29_low,0,390,13.0,-0.729586001237288,0.7229627649487718
BH_s29_low,0,391,13.033333333333333,-0.8719143387961104,0.41080647233709294
BH_s29_low,0,392,13.066666666666666,-0.9633450696738083,0.060428171183214016
BH_s29_low,0,393,13.1,-0.9759466105641947,-0.30803475321482476
BH_s29_low,0,394,13.133333333333333,-0.8782366597269708,-0.6655562858761206
BH_s29_low,0,395,13.166666666666666,-0.6439405702025836,-0.9724010451772374
BH_s29_low,0,396,13.2,-0.2703283345602836,-1.1867752745348452
BH_s29_low,0,397,13.233333333333333,0.19697334768759872,-1.2638179033168735
BH_s29_low,0,398,13.266666666666667,0.6587659420277754,-1.1784554504622426
BH_s29_low,0,399,13.3,1.000916262795305,-0.9255655325612783
BH_s29_low,0,400,13.333333333333334,1.1515838063322381,-0.5456140588671601
BH_s29_low,0,401,13.366666666666667,1.1074244666924136,-0.12530385841243685
BH_s29_low,0,402,13.4,0.9172525986005495,0.26770961521396014
BH_s29_low,0,403,13.433333333333334,0.6499380031308994,0.5837462068571398
BH_s29_low,0,404,13.466666666666667,0.3685520950919344,0.7912991330586135
BH_s29_low,0,405,13.5,0.11225606904364278,0.8756659853012243
BH_s29_low,0,406,13.533333333333333,-0.1085718896194305,0.8422857590551476
BH_s29_low,0,407,13.566666666666666,-0.3017623003932745,0.7159676847810781
BH_s29_low,0,408,13.6,-0.4797684159903664,0.5289286727272691
BH_s29_low,0,409,13.633333333333333,-0.649289926177687,0.32076595785593476
BH_s29_low,0,410,13.666666666666666,-0.802064823314106,0.11279636489289269
BH_s29_low,0,411,13.7,-0.9164021978835055,-0.09106412405512625
BH_s29_low,0,412,13.733333333333333,-0.9638393272784107,-0.280435813829457
BH_s29_low,0,413,13.766666666666667,-0.9106577771637994,-0.43730653759656757
BH_s29_low,0,414,13.8,-0.7249496324978189,-0.5381688663670248
BH_s29_low,0,415,13.833333333333334,-0.3923768054263682,-0.5535639744110252
BH_s29_low,0,416,13.866666666666667,0.060337883994724006,-0.4701790606980902
BH_s29_low,0,417,13.9,0.5511675825981465,-0.29111135197173466
BH_s29_low,0,418,13.933333333333334,0.963907254523224,-0.05214050112757526
BH_s29_low,0,419,13.966666666666667,1.2022041806604025,0.1780269360435614
BH_s29_low,0,420,14.0,1.2356362312080735,0.3544437033665796
BH_s29_low,0,421,14.033333333333333,1.094338542754139,0.4555738039675618
BH_s29_low,0,422,14.066666666666666,0.8363768720820701,0.4806783410268739
BH_s29_low,0,423,14.1,0.527277311532232,0.4491172678560287
BH_s29_low,0,424,14.133333333333333,0.22294768580762833,0.37278927458021993
BH_s29_low,0,425,14.166666666666666,-0.045101085164531866,0.25601884980423034
BH_s29_low,0,426,14.2,-0.27224545713146675,0.09684891955901401
BH_s29_low,0,427,14.233333333333333,-0.4703812245422526,-0.11206508632923617
BH_s29_low,0,428,14.266666666666667,-0.6524661586230122,-0.3584363275102062
BH_s29_low,0,429,14.3,-0.819362255951448,-0.6092077141836445
BH_s29_low,0,430,14.333333333333334,-0.955707568956801,-0.8202159266421781
BH_s29_low,0,431,14.366666666666667,-1.0354772553408707,-0.9356785253005865
BH_s29_low,0,432,14.4,-1.0274286400470625,-0.9193825986881499
BH_s29_low,0,433,14.433333333333334,-0.899248585247494,-0.754920898483068
BH_s29_low,0,434,14.466666666666667,-0.6245253639974016,-0.4767189870601749
BH_s29_low,0,435,14.5,-0.20629042561813046,-0.17024919181722137
BH_s29_low,0,436,14.533333333333333,0.29666661120945703,0.10863111174093831
BH_s29_low,0,437,14.566666666666666,0.7770590387501666,0.33306249795335674
BH_s29_low,0,438,14.6,1.1222611582939834,0.5029053696905285
BH_s29_low,0,439,14.633333333333333,1.2684362788108516,0.6431088308965458
BH_s29_low,0,440,14.666666666666666,1.2201790016165481,0.7680995447773455
BH_s29_low,0,441,14.7,1.0246302146771944,0.8803442988856477
BH_s29_low,0,442,14.733333333333333,0.7445895266852524,0.9638955691775399
BH_s29_low,0,443,14.766666666666667,0.44182868534383823,0.984044385164714
BH_s29_low,0,444,14.8,0.15965156312632006,0.9203302888425771
BH_s29_low,0,445,14.833333333333334,-0.08509732701718326,0.7670008969803351
BH_s29_low,0,446,14.866666666666667,-0.29716885973459,0.5387539813046311
BH_s29_low,0,447,14.9,-0.49122916790773896,0.27144181902577463
BH_s29_low,0,448,14.933333333333334,-0.6766881926968404,-0.011017407017044092
BH_s29_low,0,449,14.966666666666667,-0.8461393662415658,-0.29537540241777344
BH_s29_low,0,450,15.0,-0.9797646166081807,-0.5720410808065232
BH_s29_low,0,451,15.033333333333333,-1.05268153796071,-0.8332809689241026
BH_s29_low,0,452,15.066666666666666,-1.0346974405239877,-1.0656092195406865
BH_s29_low,0,453,15.1,-0.8934639552625689,-1.2482739524790327
BH_s29_low,0,454,15.133333333333333,-0.6035159779021412,-1.3552948452568934
BH_s29_low,0,455,15.166666666666666,-0.17191090266175696,-1.3548869946984188
BH_s29_low,0,456,15.2,0.3353633309525345,-1.215656534966145
BH_s29_low,0,457,15.233333333333333,0.8060568076884639,-0.9075089936845637
BH_s29_low,0,458,15.266666666666667,1.1323837114314348,-0.4557144811873868
BH_s29_low,0,459,15.3,1.2613531388641188,0.05759735030755502
BH_s29_low,0,460,15.333333333333334,1.2047672254611799,0.5499995385699871
BH_s29_low,0,461,15.366666666666667,1.0129592473870845,0.9374423929068811
BH_s29_low,0,462,15.4,0.7477271989707853,1.1747505110959646
BH_s29_low,0,463,15.433333333333334,0.46728554744903467,1.2541280786622448
BH_s29_low,0,464,15.466666666666667,0.21117341234150966,1.2015982452698997
BH_s29_low,0,465,15.5,-0.011751694620800342,1.0756750378822069
BH_s29_low,0,466,15.533333333333333,-0.2129239351703745,0.9111583364911372
BH_s29_low,0,467,15.566666666666666,-0.40464578211282126,0.7190396728506844
BH_s29_low,0,468,15.6,-0.5912478587854889,0.5078677870889866
BH_s29_low,0,469,15.633333333333333,-0.7661191880372384,0.28490151121262997
BH_s29_low,0,470,15.666666666666666,-0.9130270762090702,0.05467397061707447
BH_s29_low,0,471,15.7,-1.0108656560394995,-0.1795049507007644
BH_s29_low,0,472,15.733333333333333,-1.0360790559506174,-0.4014869573733721
BH_s29_low,0,473,15.766666666666667,-0.9612670085524888,-0.5810309942226966
BH_s29_low,0,474,15.8,-0.7562899459620825,-0.6938522470304821
BH_s29_low,0,475,15.833333333333334,-0.4062121439319415,-0.7209951831454525
BH_s29_low,0,476,15.866666666666667,0.05856021568345211,-0.6664485510711534
BH_s29_low,0,477,15.9,0.5514181985263621,-0.5568042235012882
BH_s29_low,0,478,15.933333333333334,0.9554882954653263,-0.4306894082240228
BH_s29_low,0,479,15.966666666666667,1.1793489791158975,-0.3384207978889878
BH_s29_low,0,480,16.0,1.1993350298344954,-0.30105112802492795
BH_s29_low,0,481,16.033333333333335,1.0520230148057834,-0.3104202665512599
BH_s29_low,0,482,16.066666666666666,0.8035138434032885,-0.3205376893387939
BH_s29_low,0,483,16.1,0.5215517392720784,-0.24885113085037433
BH_s29_low,0,484,16.133333333333333,0.2545769993242955,-0.07826251994450557
BH_s29_low,0,485,16.166666666666668,0.022237655686623278,0.14184347716394569
BH_s29_low,0,486,16.2,-0.18014405000296396,0.3583474288252184
BH_s29_low,0,487,16.233333333333334,-0.36620709854949185,0.5143186355071621
BH_s29_low,0,488,16.266666666666666,-0.5433043707308761,0.5676237464209235
BH_s29_low,0,489,16.3,-0.7054157776498943,0.490990013381707
BH_s29_low,0,490,16.333333333333332,-0.8374088566136942,0.3046900268371222
BH_s29_low,0,491,16.366666666666667,-0.9198444637189397,0.07647381896671797
BH_s29_low,0,492,16.4,-0.9286776304217222,-0.12192783615144914
BH_s29_low,0,493,16.433333333333334,-0.8353637824063331,-0.2152652722349163
BH_s29_low,0,494,16.466666666666665,-0.611936082183308,-0.18389318460717108
BH_s29_low,0,495,16.5,-0.2525903106919578,-0.06369473291684366
BH_s29_low,0,496,16.533333333333335,0.2006809139651418,0.08545643414608822
BH_s29_low,0,497,16.566666666666666,0.6561725387130855,0.18053697360198415
BH_s29_low,0,498,16.6,1.0038754108687795,0.17978180376654412
BH_s29_low,0,499,16.633333333333333,1.1681940961816653,0.08318721515649326
BH_s29_low,0,500,16.666666666666668,1.138509983624717,-0.07554618122193912
BH_s29_low,0,501,16.7,0.9573123326195151,-0.2293070515043127
BH_s29_low,0,502,16.733333333333334,0.6905692200655745,-0.3219707852957043
BH_s29_low,0,503,16.766666666666666,0.4001009483382466,-0.308925192963159
BH_s29_low,0,504,16.8,0.12812909373890707,-0.1845076960630935
BH_s29_low,0,505,16.833333333333332,-0.10839508716943089,0.017732559852897734
BH_s29_low,0,506,16.866666666666667,-0.3152501683871824,0.2479939664326897
BH_s29_low,0,507,16.9,-0.5055992672048714,0.44020849661608796
BH_s29_low,0,508,16.933333333333334,-0.6842060248261496,0.5336686814972998
BH_s29_low,0,509,16.966666666666665,-0.841653989505294,0.473406218559875
BH_s29_low,0,510,17.0,-0.9569989741146837,0.26883069079319033
BH_s29_low,0,511,17.033333333333335,-1.0035546205659487,-0.006096063977246519
BH_s29_low,0,512,17.066666666666666,-0.9497587618941981,-0.26771122265557656
BH_s29_low,0,513,17.1,-0.7622374819296942,-0.4230713018738123
BH_s29_low,0,514,17.133333333333333,-0.4242088886991228,-0.42589071540954027
BH_s29_low,0,515,17.166666666666668,0.03578651729404898,-0.2767364638837693
BH_s29_low,0,516,17.2,0.5321059436641217,-0.019022339906511476
BH_s29_low,0,517,17.233333333333334,0.9505501667520317,0.2612031785846457
BH_s29_low,0,518,17.266666666666666,1.198264015487398,0.48005016877287615
BH_s29_low,0,519,17.3,1.2420791413249317,0.5562296391022458
BH_s29_low,0,520,17.333333333333332,1.1105171338011097,0.48870872084485073
BH_s29_low,0,521,17.366666666666667,0.8628986741409199,0.35622995819351544
BH_s29_low,0,522,17.4,0.5618423553667262,0.21447710150458776
BH_s29_low,0,523,17.433333333333334,0.2598205405041601,0.09545529833506042
BH_s29_low,0,524,17.466666666666665,-0.013599866953048814,0.017369551159757607
BH_s29_low,0,525,17.5,-0.25373102946939435,-0.01501526960743401
BH_s29_low,0,526,17.533333333333335,-0.4683475572901959,-0.022931561591606475
BH_s29_low,0,527,17.566666666666666,-0.6643575215723427,-0.05274157533470804
BH_s29_low,0,528,17.6,-0.8380329919856699,-0.14953944210543735
BH_s29_low,0,529,17.633333333333333,-0.975913840158679,-0.3556281771065526
BH_s29_low,0,530,17.666666666666668,-1.0563173112226067,-0.651398591939639
BH_s29_low,0,531,17.7,-1.0474343559009132,-0.9544256530968543
BH_s29_low,0,532,17.733333333333334,-0.9124483341857734,-1.1871413765252814
BH_s29_low,0,533,17.766666666666666,-0.6238359880310212,-1.2769278234725239
BH_s29_low,0,534,17.8,-0.19040526834602578,-1.1958585258333616
BH_s29_low,0,535,17.833333333333332,0.3220047448430018,-0.9609105880267426
BH_s29_low,0,536,17.866666666666667,0.8017965457772743,-0.6092155091914223
BH_s29_low,0,537,17.9,1.1388738811661676,-0.19874085094342273
BH_s29_low,0,538,17.933333333333334,1.2762024096503266,0.22231502994725827
BH_s29_low,0,539,17.966666666666665,1.2226932384472828,0.6138935276414768
BH_s29_low,0,540,18.0,1.0299828105738336,0.9222417743299494
BH_s29_low,0,541,18.033333333333335,0.7614156404127065,1.0785801272255808
BH_s29_low,0,542,18.066666666666666,0.4725994195190781,1.0750951914086828
BH_s29_low,0,543,18.1,0.20099301536184463,0.9639816472522156
BH_s29_low,0,544,18.133333333333333,-0.040107337923196665,0.801307361393781
BH_s29_low,0,545,18.166666666666668,-0.2570698460959253,0.6461522023701607
BH_s29_low,0,546,18.2,-0.46217071849763147,0.5263790074450408
BH_s29_low,0,547,18.233333333333334,-0.6605443243173056,0.4389265845603272
BH_s29_low,0,548,18.266666666666666,-0.8460631402979547,0.37272640902458576
BH_s29_low,0,549,18.3,-1.0025617078200924,0.3096591857821657
BH_s29_low,0,550,18.333333333333332,-1.1041517490482826,0.2317570155180932
BH_s29_low,0,551,18.366666666666667,-1.119266848145104,0.12220845532655276
BH_s29_low,0,552,18.4,-1.0161357699121116,-0.013499243560129506
BH_s29_low,0,553,18.433333333333334,-0.7671068641928023,-0.1468984385897287
BH_s29_low,0,554,18.466666666666665,-0.3639657879773607,-0.25656747346494413
BH_s29_low,0,555,18.5,0.1526000775634494,-0.3277242533752621
BH_s29_low,0,556,18.533333333333335,0.6809662542435942,-0.34332775709562324
BH_s29_low,0,557,18.566666666666666,1.0990441108596474,-0.2839851293388577
BH_s29_low,0,558,18.6,1.3238765444185068,-0.17895492082910391
BH_s29_low,0,559,18.633333333333333,1.3413001493828318,-0.10565535940646348
BH_s29_low,0,560,18.666666666666668,1.1942511065117773,-0.10249450073879598
BH_s29_low,0,561,18.7,0.9468383768114563,-0.16822019964873283
BH_s29_low,0,562,18.733333333333334,0.6616879676661893,-0.26041683911180163
BH_s29_low,0,563,18.766666666666666,0.38634496791081324,-0.29619689558464474
BH_s29_low,0,564,18.8,0.1418995447838549,-0.23994563099499916
BH_s29_low,0,565,18.833333333333332,-0.07240527794778304,-0.10404342640738341
BH_s29_low,0,566,18.866666666666667,-0.27060488234348046,0.06340108744452624
BH_s29_low,0,567,18.9,-0.4675452111829672,0.17899651163267655
BH_s29_low,0,568,18.933333333333334,-0.664775097193974,0.1923001603060419
BH_s29_low,0,569,18.966666666666665,-0.8511573199049876,0.08646089198551524
BH_s29_low,0,570,19.0,-1.0080537122002124,-0.11843176259965096
BH_s29_low,0,571,19.033333333333335,-1.111420879213935,-0.36516648621646614
BH_s29_low,0,572,19.066666666666666,-1.1352028098537328,-0.6011591665686379
BH_s29_low,0,573,19.1,-1.053126005451651,-0.7782149988903003
BH_s29_low,0,574,19.133333333333333,-0.8390844139057235,-0.8505606566788114
BH_s29_low,0,575,19.166666666666668,-0.47638386873109506,-0.7749248583151866
BH_s29_low,0,576,19.2,0.011447982901695408,-0.5445314061717751
BH_s29_low,0,577,19.233333333333334,0.5403158520993397,-0.18987910777873107
BH_s29_low,0,578,19.266666666666666,0.9912659783863613,0.2217069277517557
BH_s29_low,0,579,19.3,1.2633253173351155,0.5854238187649228
BH_s29_low,0,580,19.333333333333332,1.318785757563317,0.8387459236499105
BH_s29_low,0,581,19.366666666666667,1.188471512478184,0.9605694207184517
BH_s29_low,0,582,19.4,0.9399943132496288,0.9643331198771672
BH_s29_low,0,583,19.433333333333334,0.6451439291158414,0.8967131957143808
BH_s29_low,0,584,19.466666666666665,0.360383678518322,0.785763282379817
BH_s29_low,0,585,19.5,0.1126079676827522,0.6405550193501119
BH_s29_low,0,586,19.533333333333335,-0.10108652049552541,0.4598812387877607
BH_s29_low,0,587,19.566666666666666,-0.2955022589223145,0.2333056643692441
BH_s29_low,0,588,19.6,-0.4823108319739271,-0.036856486893842355
BH_s29_low,0,589,19.633333333333333,-0.6626926096151793,-0.3339996200027621
BH_s29_low,0,590,19.666666666666668,-0.823647020123033,-0.6300594046401087
BH_s29_low,0,591,19.7,-0.9427728940877182,-0.8842071801029375
BH_s29_low,0,592,19.733333333333334,-0.9929513054594074,-1.0437845992059087
BH_s29_low,0,593,19.766666666666666,-0.942186066576375,-1.0440165143111957
BH_s29_low,0,594,19.8,-0.7598698366520946,-0.8618348907308568
BH_s29_low,0,595,19.833333333333332,-0.4308759647557837,-0.5165633726705987
BH_s29_low,0,596,19.866666666666667,0.019585065511148803,-0.08816672019053165
BH_s29_low,0,597,19.9,0.509016044835262,0.28255224033769955
BH_s29_low,0,598,19.933333333333334,0.9220474045551323,0.5133967451749762
BH_s29_low,0,599,19.966666666666665,1.1628515315748684,0.5804583122731606
BH_s29_low,0,600,20.0,1.196632681227736,0.5139236841212539
BH_s29_low,0,601,20.033333333333335,1.0520296188338936,0.39669606095359583
BH_s29_low,0,602,20.066666666666666,0.7923810725767924,0.2858299949620772
BH_s29_low,0,603,20.1,0.48838930745601605,0.21170362772698795
BH_s29_low,0,604,20.133333333333333,0.19565331028407248,0.18157998828161187
BH_s29_low,0,605,20.166666666666668,-0.06063605337082427,0.17991196004818072
BH_s29_low,0,606,20.2,-0.28183857739919055,0.18719140313771412
BH_s29_low,0,607,20.233333333333334,-0.48042493488108795,0.1805140742732198
BH_s29_low,0,608,20.266666666666666,-0.6631115006326511,0.13657572590187325
BH_s29_low,0,609,20.3,-0.8239288142102149,0.03238922059277927
BH_s29_low,0,610,20.333333333333332,-0.9473899044272253,-0.12456350056508744
BH_s29_low,0,611,20.366666666666667,-1.0089886722801096,-0.2957974707937995
BH_s29_low,0,612,20.4,-0.9763917401546944,-0.4354602422294472
BH_s29_low,0,613,20.433333333333334,-0.8165008560977443,-0.4904198032420607
BH_s29_low,0,614,20.466666666666665,-0.5067335084473453,-0.42898938236856576
BH_s29_low,0,615,20.5,-0.059516681458646525,-0.24143860881625795
BH_s29_low,0,616,20.533333333333335,0.4529582509268164,0.023938328558743407
BH_s29_low,0,617,20.566666666666666,0.9118570286211007,0.2608792702897759
BH_s29_low,0,618,20.6,1.207586316028709,0.39530859389048323
BH_s29_low,0,619,20.633333333333333,1.290090045936891,0.3857839579561838
BH_s29_low,0,620,20.666666666666668,1.1759146691474887,0.246941257062368
BH_s29_low,0,621,20.7,0.9240828952705447,0.04915342863899959
BH_s29_low,0,622,20.733333333333334,0.6068594743744379,-0.13732745576181293
BH_s29_low,0,623,20.766666666666666,0.2885971692779582,-0.24296244904338976
BH_s29_low,0,624,20.8,0.0070579182467110785,-0.2480550350915735
BH_s29_low,0,625,20.833333333333332,-0.23343877294178964,-0.1825447208736584
BH_s29_low,0,626,20.866666666666667,-0.4462515225570552,-0.09722900430512976
BH_s29_low,0,627,20.9,-0.6437541031741144,-0.0627498315932124
BH_s29_low,0,628,20.933333333333334,-0.8248758237986715,-0.10071639333163306
BH_s29_low,0,629,20.966666666666665,-0.9735260513714091,-0.18330727553825515
BH_s29_low,0,630,21.0,-1.0656348229407697,-0.26328849557536577
BH_s29_low,0,631,21.033333333333335,-1.0716041432427466,-0.2747562225269583
BH_s29_low,0,632,21.066666666666666,-0.9566824737091764,-0.1693726510387074
BH_s29_low,0,633,21.1,-0.6890210460093606,0.08235582300228575
BH_s29_low,0,634,21.133333333333333,-0.26560733744742504,0.44482253119465837
BH_s29_low,0,635,21.166666666666668,0.2611601130977647,0.8165832268964852
BH_s29_low,0,636,21.2,0.7821428804756043,1.1089023126123
BH_s29_low,0,637,21.233333333333334,1.1717215883216308,1.2456959584453953
BH_s29_low,0,638,21.266666666666666,1.351295025729469,1.1889307388476993
BH_s29_low,0,639,21.3,1.3168341869955613,0.9387987865357424
BH_s29_low,0,640,21.333333333333332,1.1160473400613269,0.5482436135276938
BH_s29_low,0,641,21.366666666666667,0.8146921130090224,0.12329186889091623
BH_s29_low,0,642,21.4,0.4796844420649313,-0.2707436297061321
BH_s29_low,0,643,21.433333333333334,0.16338289354671343,-0.608037982802897
BH_s29_low,0,644,21.466666666666665,-0.11208897696120265,-0.874385272414157
BH_s29_low,0,645,21.5,-0.35059149192453654,-1.0651399649552165
BH_s29_low,0,646,21.533333333333335,-0.5646769617799348,-1.1806818913720387
BH_s29_low,0,647,21.566666666666666,-0.761281843211412,-1.2250084249537339
BH_s29_low,0,648,21.6,-0.9363216718131426,-1.2061202848641532
BH_s29_low,0,649,21.633333333333333,-1.0727608975735696,-1.1354712410686658
BH_s29_low,0,650,21.666666666666668,-1.1424658424457115,-1.005574142058835
BH_s29_low,0,651,21.7,-1.1125193121835324,-0.790750758592478
BH_s29_low,0,652,21.733333333333334,-0.9471464087888324,-0.4861716813574556
BH_s29_low,0,653,21.766666666666666,-0.6175275602236957,-0.10958975399751103
BH_s29_low,0,654,21.8,-0.13442501870266302,0.2893803924533732
BH_s29_low,0,655,21.833333333333332,0.42843651957263384,0.6279185151601958
BH_s29_low,0,656,21.866666666666667,0.9477102961403446,0.8568241057537784
BH_s29_low,0,657,21.9,1.2996163580007043,0.9594230417005069
BH_s29_low,0,658,21.933333333333334,1.422438452025518,0.939768362892882
BH_s29_low,0,659,21.966666666666665,1.33313219958471,0.8217027091773947
BH_s29_low,0,660,22.0,1.0930292956739631,0.6252428560746519
BH_s29_low,0,661,22.033333333333335,0.7744297903489767,0.36677035972000294
BH_s29_low,0,662,22.066666666666666,0.4440854625669324,0.0816042616299386
BH_s29_low,0,663,22.1,0.1472101115215956,-0.1752312758148226
BH_s29_low,0,664,22.133333333333333,-0.10499331877676177,-0.3621211517717527
BH_s29_low,0,665,22.166666666666668,-0.3259402793494441,-0.4502707760944694
BH_s29_low,0,666,22.2,-0.5326088013437499,-0.42925338312798494
BH_s29_low,0,667,22.233333333333334,-0.7324978578847983,-0.30671677482822757
BH_s29_low,0,668,22.266666666666666,-0.918900702229897,-0.1250324665399814
BH_s29_low,0,669,22.3,-1.0720931548802541,0.039024556037584805
BH_s29_low,0,670,22.333333333333332,-1.1661284201609035,0.15388975925078552
BH_s29_low,0,671,22.366666666666667,-1.173085463763913,0.23293725606863527
BH_s29_low,0,672,22.4,-1.0619337884245783,0.29238732981188986
BH_s29_low,0,673,22.433333333333334,-0.8007758849239882,0.35028571987688095
BH_s29_low,0,674,22.466666666666665,-0.3765816840442083,0.4246644968146853
BH_s29_low,0,675,22.5,0.17301271401327117,0.5326409857619657
BH_s29_low,0,676,22.533333333333335,0.746648405367398,0.6598338270925914
BH_s29_low,0,677,22.566666666666666,1.210267064357176,0.7600576269413123
BH_s29_low,0,678,22.6,1.4626396814991849,0.7917386110430673
BH_s29_low,0,679,22.633333333333333,1.4812202401175085,0.7184670147199363
BH_s29_low,0,680,22.666666666666668,1.3099613034556146,0.5436119941033584
BH_s29_low,0,681,22.7,1.0210739251806613,0.31083635463890286
BH_s29_low,0,682,22.733333333333334,0.6898543161892985,0.0558633909103426
BH_s29_low,0,683,22.766666666666666,0.37401065648622245,-0.19279133184211783
BH_s29_low,0,684,22.8,0.09925967206628578,-0.41391478790255615
BH_s29_low,0,685,22.833333333333332,-0.13715615517314916,-0.5923363636973629
BH_s29_low,0,686,22.866666666666667,-0.3508523352245718,-0.7283565510118613
BH_s29_low,0,687,22.9,-0.5546585965454933,-0.8363840809104298
BH_s29_low,0,688,22.933333333333334,-0.7524659037961273,-0.9208159421705784
BH_s29_low,0,689,22.966666666666665,-0.9365664155247603,-0.9750839247694274
BH_s29_low,0,690,23.0,-1.0873581468209497,-0.9914303566322265
BH_s29_low,0,691,23.033333333333335,-1.179334364669168,-0.96071935894709
BH_s29_low,0,692,23.066666666666666,-1.1858442285791848,-0.8781295530211288
BH_s29_low,0,693,23.1,-1.0768936596147,-0.743521142190246
BH_s29_low,0,694,23.133333333333333,-0.8199997585350729,-0.5491244690364537
BH_s29_low,0,695,23.166666666666668,-0.3984729775257013,-0.28076560136384654
BH_s29_low,0,696,23.2,0.15071488274814582,0.045353521416779
BH_s29_low,0,697,23.233333333333334,0.721204960074314,0.3811388869242169
BH_s29_low,0,698,23.266666666666666,1.1764272376600382,0.6560121087643914
BH_s29_low,0,699,23.3,1.413892451991701,0.7764632993967071
BH_s29_low,0,700,23.333333333333332,1.409757067171572,0.7268306596087344
BH_s29_low,0,701,23.366666666666667,1.2124490774417223,0.5688089960531661
BH_s29_low,0,702,23.4,0.9042006608697921,0.3692665704113662
BH_s29_low,0,703,23.433333333333334,0.5647332905445976,0.19937429356357628
BH_s29_low,0,704,23.466666666666665,0.248574932555231,0.08575791334516275
BH_s29_low,0,705,23.5,-0.019086918666373943,0.010880778943150683
BH_s29_low,0,706,23.533333333333335,-0.2396383133425546,-0.03903245552606713
BH_s29_low,0,707,23.566666666666666,-0.43113412400588513,-0.07311648940821477
BH_s29_low,0,708,23.6,-0.6098263404728267,-0.07584852486024699
BH_s29_low,0,709,23.633333333333333,-0.7791778108244534,-0.007288937592345904
BH_s29_low,0,710,23.666666666666668,-0.9263203242870085,0.13334905895002444
BH_s29_low,0,711,23.7,-1.0252927097957383,0.3071661088758627
BH_s29_low,0,712,23.733333333333334,-1.044832173591364,0.4746905624644489
BH_s29_low,0,713,23.766666666666666,-0.9514644657485469,0.5957704065418237
BH_s29_low,0,714,23.8,-0.7126576228854747,0.6548231520756267
BH_s29_low,0,715,23.833333333333332,-0.31536527610172166,0.6604372754690043
BH_s29_low,0,716,23.866666666666667,0.2009957866318326,0.6279318659142662
BH_s29_low,0,717,23.9,0.7332858508721748,0.5789133556566133
BH_s29_low,0,718,23.933333333333334,1.1486248618751556,0.503252715190616
BH_s29_low,0,719,23.966666666666665,1.3480697846282652,0.35978075865081094
BH_s29_low,0,720,24.0,1.311150815115637,0.140052658818615
BH_s29_low,0,721,24.033333333333335,1.086367965013952,-0.13032129740502624
BH_s29_low,0,722,24.066666666666666,0.7563784971941597,-0.4207555747827493
BH_s29_low,0,723,24.1,0.4041004674844479,-0.6945752927958515
BH_s29_low,0,724,24.133333333333333,0.08469687275101341,-0.9205749865511311
BH_s29_low,0,725,24.166666666666668,-0.1835951748995422,-1.0719082849248882
BH_s29_low,0,726,24.2,-0.40823975798823053,-1.148321465523102
BH_s29_low,0,727,24.233333333333334,-0.604126466266032,-1.1750471801951545
BH_s29_low,0,728,24.266666666666666,-0.7811708947741582,-1.1444247065156037
BH_s29_low,0,729,24.3,-0.934281080460655,-1.015921985607669
BH_s29_low,0,730,24.333333333333332,-1.0424469276878163,-0.7691830117330789
BH_s29_low,0,731,24.366666666666667,-1.076571171178464,-0.4055492984631989
BH_s29_low,0,732,24.4,-0.9996469198691642,0.03628023758725708
BH_s29_low,0,733,24.433333333333334,-0.7726260845280455,0.4787279707675561
BH_s29_low,0,734,24.466666666666665,-0.3791338750412167,0.8463104974564599
BH_s29_low,0,735,24.5,0.14456993126261475,1.0646039422883942
BH_s29_low,0,736,24.533333333333335,0.6973807970503665,1.1147666358655055
BH_s29_low,0,737,24.566666666666666,1.1420937157336966,1.0324789226236852
BH_s29_low,0,738,24.6,1.3734055169916892,0.8639186654738175
BH_s29_low,0,739,24.633333333333333,1.366215680820492,0.6649886511570205
BH_s29_low,0,740,24.666666666666668,1.1631351712012632,0.4625961923451449
BH_s29_low,0,741,24.7,0.8380206645887813,0.25528200115256633
BH_s29_low,0,742,24.733333333333334,0.4697278186807623,0.04069456733464798
BH_s29_low,0,743,24.766666666666666,0.12052238522012416,-0.18286754666620203
BH_s29_low,0,744,24.8,-0.17852787189701794,-0.40717939907533507
BH_s29_low,0,745,24.833333333333332,-0.4246376574848755,-0.6127280281681053
BH_s29_low,0,746,24.866666666666667,-0.6297131083139654,-0.7728297715948044
BH_s29_low,0,747,24.9,-0.8064266201340352,-0.8529254543280439
BH_s29_low,0,748,24.933333333333334,-0.9556248250268917,-0.824276796121085
BH_s29_low,0,749,24.966666666666665,-1.0606365169212995,-0.6642180570768936
BH_s29_low,0,750,25.0,-1.0919307221148506,-0.37466674473914025
BH_s29_low,0,751,25.033333333333335,-1.0116872629165323,0.016788727544462936
BH_s29_low,0,752,25.066666666666666,-0.7808967027684508,0.4434116517372051
BH_s29_low,0,753,25.1,-0.38244683687366016,0.7984424053272879
BH_s29_low,0,754,25.133333333333333,0.1457149374411763,1.01877339066908
BH_s29_low,0,755,25.166666666666668,0.6984540634804737,1.0842375621026954
BH_s29_low,0,756,25.2,1.1382459919939818,1.00867852884371
BH_s29_low,0,757,25.233333333333334,1.3617578133595247,0.8391058577936692
BH_s29_low,0,758,25.266666666666666,1.3462774636292805,0.6113540306435721
BH_s29_low,0,759,25.3,1.1385434561192656,0.3502966999877056
BH_s29_low,0,760,25.333333333333332,0.8148251393489523,0.07689404369455016
BH_s29_low,0,761,25.366666666666667,0.4534338948020262,-0.19050427311873913
BH_s29_low,0,762,25.4,0.11310950598955896,-0.4397646999904342
BH_s29_low,0,763,25.433333333333334,-0.17874875258266096,-0.6633689104779039
BH_s29_low,0,764,25.466666666666665,-0.4188039819839548,-0.8552573075969705
BH_s29_low,0,765,25.5,-0.6175731836516134,-1.0093762517727582
BH_s29_low,0,766,25.533333333333335,-0.7865133078168868,-1.106888763799526
BH_s29_low,0,767,25.566666666666666,-0.9253636683108017,-1.1156032244133254
BH_s29_low,0,768,25.6,-1.018173249163525,-1.0068805287533105
BH_s29_low,0,769,25.633333333333333,-1.0379368723011617,-0.7564054268084276
BH_s29_low,0,770,25.666666666666668,-0.9517220716607385,-0.3920989172864793
BH_s29_low,0,771,25.7,-0.7221869496374271,0.004865412526534385
BH_s29_low,0,772,25.733333333333334,-0.33150872113896585,0.3606887493974373
BH_s29_low,0,773,25.766666666666666,0.1801819693733251,0.6081901472785138
BH_s29_low,0,774,25.8,0.7070095287644684,0.7234607274066668
BH_s29_low,0,775,25.833333333333332,1.116053717793498,0.724734517977123
BH_s29_low,0,776,25.866666666666667,1.3131933279370254,0.6480301337599281
BH_s29_low,0,777,25.9,1.2831659614489968,0.5460603919252992
BH_s29_low,0,778,25.933333333333334,1.0739871624795505,0.44572757042341526
BH_s29_low,0,779,25.966666666666665,0.7591715602054275,0.34804172240852943
BH_s29_low,0,780,26.0,0.4108974962448061,0.2447198634553262
BH_s29_low,0,781,26.033333333333335,0.08391314742434713,0.11909643600991535
BH_s29_low,0,782,26.066666666666666,-0.19404070284532182,-0.029972891306329588
BH_s29_low,0,783,26.1,-0.42183577269378375,-0.18719653837974215
BH_s29_low,0,784,26.133333333333333,-0.6122414283930615,-0.33358041644882086
BH_s29_low,0,785,26.166666666666668,-0.7749550108230447,-0.4458582339583744
BH_s29_low,0,786,26.2,-0.9065966749215675,-0.49522040313526233
BH_s29_low,0,787,26.233333333333334,-0.9909504453977559,-0.4473414733422194
BH_s29_low,0,788,26.266666666666666,-1.002124155504799,-0.2858102377796984
BH_s29_low,0,789,26.3,-0.9053621876124301,-0.012940105183837786
BH_s29_low,0,790,26.333333333333332,-0.6659072552346219,0.322947351631879
BH_s29_low,0,791,26.366666666666667,-0.274454431889376,0.6269727703973748
BH_s29_low,0,792,26.4,0.22172055517979472,0.8387908569095052
BH_s29_low,0,793,26.433333333333334,0.7138618517111405,0.9321725894820297
BH_s29_low,0,794,26.466666666666665,1.0744312991438112,0.900920106882998
BH_s29_low,0,795,26.5,1.2197155265370152,0.758406553375009
BH_s29_low,0,796,26.533333333333335,1.1443222554296697,0.5252779371458136
BH_s29_low,0,797,26.566666666666666,0.9069058426970411,0.22991544810757064
BH_s29_low,0,798,26.6,0.5888890885472529,-0.11063538643147462
BH_s29_low,0,799,26.633333333333333,0.26173781054095485,-0.4890031677431997
BH_s29_low,0,800,26.666666666666668,-0.029047536602133148,-0.8612028181061565
BH_s29_low,0,801,26.7,-0.2683236552031215,-1.1451620238538385
BH_s29_low,0,802,26.733333333333334,-0.46152728885858735,-1.302684139070887
BH_s29_low,0,803,26.766666666666666,-0.6192198118393144,-1.3384975758323758
BH_s29_low,0,804,26.8,-0.7469961610494301,-1.2474171785943924
BH_s29_low,0,805,26.833333333333332,-0.8367114554151525,-1.0142377410350907
BH_s29_low,0,806,26.866666666666667,-0.8653385082273266,-0.6519183422496089
BH_s29_low,0,807,26.9,-0.8013312094611159,-0.20289726103133995
BH_s29_low,0,808,26.933333333333334,-0.6111634647687044,0.26799965787407737
BH_s29_low,0,809,26.966666666666665,-0.27873998913588177,0.6721796100462045
BH_s29_low,0,810,27.0,0.16401810308332318,0.9526798676373964
BH_s29_low,0,811,27.033333333333335,0.6235262245440379,1.0828783234324566
BH_s29_low,0,812,27.066666666666666,0.9768540753101107,1.0634312552228031
BH_s29_low,0,813,27.1,1.1360335470558776,0.9212898227778188
BH_s29_low,0,814,27.133333333333333,1.0854996205720322,0.692363660549525
BH_s29_low,0,815,27.166666666666668,0.8702426026726842,0.42148152272037825
BH_s29_low,0,816,27.2,0.5640965076650949,0.14265657805704807
BH_s29_low,0,817,27.233333333333334,0.23983812566761115,-0.119964981566998
BH_s29_low,0,818,27.266666666666666,-0.05257725051435341,-0.34442847383008646
BH_s29_low,0,819,27.3,-0.29441094716043176,-0.5097234857426916
BH_s29_low,0,820,27.333333333333332,-0.49158049170270657,-0.5982900350577196
BH_s29_low,0,821,27.366666666666667,-0.6573823101536336,-0.5953336480787608
BH_s29_low,0,822,27.4,-0.7975707039880982,-0.48617679137262865
BH_s29_low,0,823,27.433333333333334,-0.9041424008515293,-0.25668985016603985
BH_s29_low,0,824,27.466666666666665,-0.954156429753098,0.06060965049460587
BH_s29_low,0,825,27.5,-0.9151677700836334,0.38586840580744314
BH_s29_low,0,826,27.533333333333335,-0.7510202417799339,0.6553241294707862
BH_s29_low,0,827,27.566666666666666,-0.43395713835283545,0.8208367561746491
BH_s29_low,0,828,27.6,0.020915175282361212,0.8638166629710858
BH_s29_low,0,829,27.633333333333333,0.5328123201287227,0.7946049520028025
BH_s29_low,0,830,27.666666666666668,0.9780963249697378,0.6330790286261107
BH_s29_low,0,831,27.7,1.2458371025327422,0.4086106946032808
BH_s29_low,0,832,27.733333333333334,1.2903020879126814,0.14358737611679875
BH_s29_low,0,833,27.766666666666666,1.1388819123635714,-0.14558952746111214
BH_s29_low,0,834,27.8,0.8584235236242597,-0.4433129756429675
BH_s29_low,0,835,27.833333333333332,0.5221653540005324,-0.7331189976637702
BH_s29_low,0,836,27.866666666666667,0.19095610941011826,-0.9910956864967065
BH_s29_low,0,837,27.9,-0.10011178301782457,-1.1844795332208136
BH_s29_low,0,838,27.933333333333334,-0.3436100300381658,-1.2889048696714163
BH_s29_low,0,839,27.966666666666665,-0.5494672760633907,-1.2877223159252815
BH_s29_low,0,840,28.0,-0.7298532867529255,-1.1829671021478163
BH_s29_low,0,841,28.033333333333335,-0.8862708357949235,-0.995330811519516
BH_s29_low,0,842,28.066666666666666,-1.0047590164800908,-0.7292863433170108
BH_s29_low,0,843,28.1,-1.0599765108553507,-0.3743418225769423
BH_s29_low,0,844,28.133333333333333,-1.0197272738458618,0.05710013511912124
BH_s29_low,0,845,28.166666666666668,-0.846946081856619,0.5275097976071454
BH_s29_low,0,846,28.2,-0.5154855106509948,0.9737659650776418
BH_s29_low,0,847,28.233333333333334,-0.04312853394245128,1.3055597122035412
BH_s29_low,0,848,28.266666666666666,0.48919051389666474,1.47992354411914
BH_s29_low,0,849,28.3,0.957337108956602,1.5000613959155862
BH_s29_low,0,850,28.333333333333332,1.2490936773110972,1.388731152481237
BH_s29_low,0,851,28.366666666666667,1.318534595816931,1.1874362004527865
BH_s29_low,0,852,28.4,1.1908758418947605,0.932222016038889
BH_s29_low,0,853,28.433333333333334,0.9299165535968186,0.6540968716959479
BH_s29_low,0,854,28.466666666666665,0.6075068022915266,0.3772901952028816
BH_s29_low,0,855,28.5,0.2832962748056712,0.12058735663896693
BH_s29_low,0,856,28.533333333333335,-0.007691915906887834,-0.10449159005088819
BH_s29_low,0,857,28.566666666666666,-0.2560163449166503,-0.29212837328996605
BH_s29_low,0,858,28.6,-0.4688400468653825,-0.43789678816642164
BH_s29_low,0,859,28.633333333333333,-0.656396637631808,-0.5374836718120966
BH_s29_low,0,860,28.666666666666668,-0.8190872823230565,-0.6005370009427732
BH_s29_low,0,861,28.7,-0.9457495251840413,-0.6496172343067133
BH_s29_low,0,862,28.733333333333334,-1.015530999187594,-0.7003305686746135
BH_s29_low,0,863,28.766666666666666,-0.999214427401858,-0.7604852260585949
BH_s29_low,0,864,28.8,-0.8630525847355556,-0.8258917544706256
BH_s29_low,0,865,28.833333333333332,-0.5768274215627082,-0.880032043102139
BH_s29_low,0,866,28.866666666666667,-0.14531558620773366,-0.8993388808627455
BH_s29_low,0,867,28.9,0.3637080219088917,-0.8534914850199391
BH_s29_low,0,868,28.933333333333334,0.8325529290242123,-0.726141474296347
BH_s29_low,0,869,28.966666666666665,1.14256165356215,-0.5157412423458788
BH_s29_low,0,870,29.0,1.233965602492321,-0.2376437495663563
BH_s29_low,0,871,29.033333333333335,1.122006570465914,0.07478362790555203
BH_s29_low,0,872,29.066666666666666,0.8661078453947657,0.3789827170181106
BH_s29_low,0,873,29.1,0.5391063095891578,0.6221312169702081
BH_s29_low,0,874,29.133333333333333,0.2053942691251058,0.7650774909277518
BH_s29_low,0,875,29.166666666666668,-0.09283232017786994,0.7816620291300385
BH_s29_low,0,876,29.2,-0.3377282643229967,0.6808700735260174
BH_s29_low,0,877,29.233333333333334,-0.5321106860836925,0.5063944915683595
BH_s29_low,0,878,29.266666666666666,-0.68729554535476,0.3011470491701277
BH_s29_low,0,879,29.3,-0.8078184664485689,0.10722420646905631
BH_s29_low,0,880,29.333333333333332,-0.8840644174238188,-0.02823556794674359
BH_s29_low,0,881,29.366666666666667,-0.8927442043013217,-0.05305276946627476
BH_s29_low,0,882,29.4,-0.7997449526147339,0.04090398228404192
BH_s29_low,0,883,29.433333333333334,-0.5706442466350047,0.21764692411068642
BH_s29_low,0,884,29.466666666666665,-0.19914882005784035,0.4229723434038133
BH_s29_low,0,885,29.5,0.26406665617026487,0.5847594043554436
BH_s29_low,0,886,29.533333333333335,0.7137318206897846,0.6711196852719917
BH_s29_low,0,887,29.566666666666666,1.0334422724967265,0.6901773140172931
BH_s29_low,0,888,29.6,1.1542166428783145,0.6474092588569764
BH_s29_low,0,889,29.633333333333333,1.0781487698592633,0.5453855271276782
BH_s29_low,0,890,29.666666666666668,0.8568205625342438,0.3802691028137368
BH_s29_low,0,891,29.7,0.5591353299723115,0.14270039402044657
BH_s29_low,0,892,29.733333333333334,0.2480088630694234,-0.15597839745733644
BH_s29_low,0,893,29.766666666666666,-0.03380905463427427,-0.48230415974954466
BH_s29_low,0,894,29.8,-0.2690238343187938,-0.8033233093642496
BH_s29_low,0,895,29.833333333333332,-0.4635786404952714,-1.085167295224884
BH_s29_low,0,896,29.866666666666667,-0.6321874225937645,-1.2929177415250392
BH_s29_low,0,897,29.9,-0.7801447285784813,-1.389573145140143
BH_s29_low,0,898,29.933333333333334,-0.8999934339109709,-1.363078083997962
BH_s29_low,0,899,29.966666666666665,-0.9716361133906415,-1.2259788639106028
BH_s29_low,0,900,30.0,-0.9647805202412094,-0.9831027224550666
BH_s29_low,0,901,30.033333333333335,-0.8472030635342043,-0.6324227723796414
BH_s29_low,0,902,30.066666666666666,-0.5886494698415506,-0.20837695476407797
BH_s29_low,0,903,30.1,-0.18188053387320752,0.2165739603361782
BH_s29_low,0,904,30.133333333333333,0.3224357719301103,0.589832403530038
BH_s29_low,0,905,30.166666666666668,0.8141588626796932,0.8770902335373805
BH_s29_low,0,906,30.2,1.1692375647646303,1.0642454938554522
BH_s29_low,0,907,30.233333333333334,1.3123769177609603,1.1557101783505577
BH_s29_low,0,908,30.266666666666666,1.2450817215061432,1.1649285499633715
BH_s29_low,0,909,30.3,1.0242970040177202,1.1133078018425233
BH_s29_low,0,910,30.333333333333332,0.7260110930403114,1.0125438395548085
BH_s29_low,0,911,30.366666666666667,0.4151475986085022,0.8646473218716648
BH_s29_low,0,912,30.4,0.13208618115121257,0.6777703570012037
BH_s29_low,0,913,30.433333333333334,-0.10837579457178587,0.46704569010209185
BH_s29_low,0,914,30.466666666666665,-0.3141385856601934,0.23940479891275188
BH_s29_low,0,915,30.5,-0.5012899970790358,-0.005079705609988085
BH_s29_low,0,916,30.533333333333335,-0.6775776442332421,-0.258362619493799
BH_s29_low,0,917,30.566666666666666,-0.8381026158238413,-0.5028629889049852
BH_s29_low,0,918,30.6,-0.968165799551235,-0.7209307118202206
BH_s29_low,0,919,30.633333333333333,-1.045013475058632,-0.8935575437724245
BH_s29_low,0,920,30.666666666666668,-1.040653948153298,-0.9962076356826176
BH_s29_low,0,921,30.7,-0.9246287741190519,-0.998247357061939
BH_s29_low,0,922,30.733333333333334,-0.6674106989901561,-0.8785698359098946
BH_s29_low,0,923,30.766666666666666,-0.26052132693880536,-0.626159137434898
BH_s29_low,0,924,30.8,0.2495489840679185,-0.26608894438544195
BH_s29_low,0,925,30.833333333333332,0.7547593504609574,0.13940749931817026
BH_s29_low,0,926,30.866666666666667,1.1283742584477134,0.5151438376178411
BH_s29_low,0,927,30.9,1.2891133139152138,0.7722450811644913
BH_s29_low,0,928,30.933333333333334,1.2346438444690204,0.859410932768029
BH_s29_low,0,929,30.966666666666665,1.0204522059042478,0.7625449423746395
BH_s29_low,0,930,31.0,0.723584652406165,0.5056859638188431
BH_s29_low,0,931,31.033333333333335,0.41583713359560087,0.15099422296348577
BH_s29_low,0,932,31.066666666666666,0.14200794777781117,-0.23507495146266366
BH_s29_low,0,933,31.1,-0.08628545350158381,-0.5811681869560431
BH_s29_low,0,934,31.133333333333333,-0.27931519555443723,-0.8472903731238717
BH_s29_low,0,935,31.166666666666668,-0.45283273871025054,-1.0235101438833896
BH_s29_low,0,936,31.2,-0.6172747847688645,-1.0956515264928173
BH_s29_low,0,937,31.233333333333334,-0.7716035439033218,-1.0444819487302806
BH_s29_low,0,938,31.266666666666666,-0.899935492989907,-0.8598551201077091
BH_s29_low,0,939,31.3,-0.9761005571891062,-0.541419203090305
BH_s29_low,0,940,31.333333333333332,-0.9715894437415802,-0.12423042327854411
BH_s29_low,0,941,31.366666666666667,-0.8559706693188318,0.31992439185818045
BH_s29_low,0,942,31.4,-0.600293105253414,0.7217404944238862
BH_s29_low,0,943,31.433333333333334,-0.19918341789184457,1.0131650071548313
BH_s29_low,0,944,31.466666666666665,0.29754889374030447,1.1662123531101545
BH_s29_low,0,945,31.5,0.7829681894725208,1.1916533527991229
BH_s29_low,0,946,31.533333333333335,1.1371037814538882,1.11707267670351
BH_s29_low,0,947,31.566666666666666,1.2836900375531086,0.9858854213727203
BH_s29_low,0,948,31.6,1.2198216360460001,0.8293562338367814
BH_s29_low,0,949,31.633333333333333,1.000574868684246,0.6666583663158245
BH_s29_low,0,950,31.666666666666668,0.7016973539007743,0.5089879435466106
BH_s29_low,0,951,31.7,0.39021936845593697,0.3604522049587733
BH_s29_low,0,952,31.733333333333334,0.10913566526475238,0.21650478889156385
BH_s29_low,0,953,31.766666666666666,-0.12688305092361513,0.06520582005778598
BH_s29_low,0,954,31.8,-0.32740185155593843,-0.1000957177268195
BH_s29_low,0,955,31.833333333333332,-0.5114010071471621,-0.27941043975760116
BH_s29_low,0,956,31.866666666666667,-0.6874746542703648,-0.46297001104792246
BH_s29_low,0,957,31.9,-0.8482464783514034,-0.630147208851522
BH_s29_low,0,958,31.933333333333334,-0.9765319608897925,-0.7548796526601538
BH_s29_low,0,959,31.966666666666665,-1.0471608312808884,-0.8051556700616725
BH_s29_low,0,960,32.0,-1.0290266554440144,-0.8029978439126184
BH_s29_low,0,961,32.03333333333333,-0.8888540211773931,-0.823419057365053
BH_s29_low,0,962,32.06666666666667,-0.5963776041078039,-0.8662778060703507
BH_s29_low,0,963,32.1,-0.1524419729004484,-0.8561097455495503
BH_s29_low,0,964,32.13333333333333,0.3771295687226938,-0.7490320510593687
BH_s29_low,0,965,32.166666666666664,0.8728585676251472,-0.5340786976158947
BH_s29_low,0,966,32.2,1.214716043941137,-0.22821628163595495
BH_s29_low,0,967,32.233333333333334,1.338980789276163,0.12258437647145803
BH_s29_low,0,968,32.266666666666666,1.2557807641861152,0.4572282377670388
BH_s29_low,0,969,32.3,1.0214626925631705,0.698705627555233
BH_s29_low,0,970,32.333333333333336,0.707577266277962,0.8046634070992443
BH_s29_low,0,971,32.36666666666667,0.37963311391048044,0.7668475116033854
BH_s29_low,0,972,32.4,0.08188089873206977,0.6022281072046153
BH_s29_low,0,973,32.43333333333333,-0.16971150687197564,0.3527296115726284
BH_s29_low,0,974,32.46666666666667,-0.3831370410295595,0.0660767754364316
BH_s29_low,0,975,32.5,-0.5720431779080667,-0.20384503037557522
BH_s29_low,0,976,32.53333333333333,-0.7427957410600773,-0.4059988982042296
BH_s29_low,0,977,32.56666666666667,-0.8924917044821238,-0.491783076153393
BH_s29_low,0,978,32.6,-1.004919967044053,-0.4547068569879499
BH_s29_low,0,979,32.63333333333333,-1.0506982359842352,-0.3300096416132495
BH_s29_low,0,980,32.666666666666664,-0.995157375082649,-0.16743965296551555
BH_s29_low,0,981,32.7,-0.8034755307620816,-0.030755688571717878
BH_s29_low,0,982,32.733333333333334,-0.4539990503781305,0.05540838728617847
BH_s29_low,0,983,32.766666666666666,0.028507157470386332,0.10524017572778716
BH_s29_low,0,984,32.8,0.5553945222522614,0.1434999276971507
BH_s29_low,0,985,32.833333333333336,1.001124880704555,0.20442742141317155
BH_s29_low,0,986,32.86666666666667,1.2608839293806429,0.2990733170810395
BH_s29_low,0,987,32.9,1.2998338110506609,0.4145361886403505
BH_s29_low,0,988,32.93333333333333,1.1522444294526446,0.5321449915328309
BH_s29_low,0,989,32.96666666666667,0.886704756695677,0.6271793335196346
BH_s29_low,0,990,33.0,0.5743939609724005,0.6840670141596217
BH_s29_low,0,991,33.03333333333333,0.2704927520785795,0.6961804846641799
BH_s29_low,0,992,33.06666666666667,0.00678094193802874,0.6525011890893233
BH_s29_low,0,993,33.1,-0.21269944219108505,0.5378969138927416
BH_s29_low,0,994,33.13333333333333,-0.403992646697761,0.3549997944143485
BH_s29_low,0,995,33.166666666666664,-0.5836352191220006,0.12501240009291698
BH_s29_low,0,996,33.2,-0.7555166252437902,-0.1271044164557826
BH_s29_low,0,997,33.233333333333334,-0.9097066366264828,-0.37163422219802783
BH_s29_low,0,998,33.266666666666666,-1.0256910628650544,-0.5802977463193116
BH_s29_low,0,999,33.3,-1.0733997363856507,-0.7252469454275308
BH_s29_low,0,1000,33.333333333333336,-1.017305341607461,-0.7891241635546344
BH_s29_low,0,1001,33.36666666666667,-0.8223996899680073,-0.7644625769705912
BH_s29_low,0,1002,33.4,-0.4662094617485334,-0.6564357717200859
BH_s29_low,0,1003,33.43333333333333,0.02841361753667304,-0.4828378341591226
BH_s29_low,0,1004,33.46666666666667,0.5698528571382138,-0.2560785719233584
BH_s29_low,0,1005,33.5,1.0270959978618914,0.01596079475303802
BH_s29_low,0,1006,33.53333333333333,1.2942372715310677,0.2847075257888489
BH_s29_low,0,1007,33.56666666666667,1.3376424659367159,0.4603599817678381
BH_s29_low,0,1008,33.6,1.1919425191073865,0.49140170098825287
BH_s29_low,0,1009,33.63333333333333,0.9259663363299909,0.36482142456043304
BH_s29_low,0,1010,33.666666666666664,0.614872444671442,0.10704362833217644
BH_s29_low,0,1011,33.7,0.31800211163927866,-0.21594878033780912
BH_s29_low,0,1012,33.733333333333334,0.06538558661117003,-0.5441951339732546
BH_s29_low,0,1013,33.766666666666666,-0.14338244116283985,-0.8232100755934602
BH_s29_low,0,1014,33.8,-0.3277914829790354,-1.0101169418087357
BH_s29_low,0,1015,33.833333333333336,-0.5058845368155533,-1.072939498852112
BH_s29_low,0,1016,33.86666666666667,-0.682981360272862,-0.9878378287035787
BH_s29_low,0,1017,33.9,-0.8497924524983153,-0.7394133397239478
BH_s29_low,0,1018,33.93333333333333,-0.9842110461053848,-0.35710296720861767
BH_s29_low,0,1019,33.96666666666667,-1.058163301225255,0.08381367027662025
BH_s29_low,0,1020,34.0,-1.0418986510043133,0.5176457695864298
BH_s29_low,0,1021,34.03333333333333,-0.90335928514395,0.8869509910194805
BH_s29_low,0,1022,34.06666666666667,-0.6132719409664762,1.1579237833928144
BH_s29_low,0,1023,34.1,-0.17296008855199102,1.3186608458247295
BH_s29_low,0,1024,34.13333333333333,0.352508258593269,1.3668983833592647
BH_s29_low,0,1025,34.166666666666664,0.8423491037626128,1.3088830092718338
BH_s29_low,0,1026,34.2,1.174271021651524,1.1572961433026405
BH_s29_low,0,1027,34.233333333333334,1.2844918830628553,0.9312862683993316
BH_s29_low,0,1028,34.266666666666666,1.1856318540796282,0.6446234805463411
BH_s29_low,0,1029,34.3,0.9416752504159349,0.30692833646146483
BH_s29_low,0,1030,34.333333333333336,0.6351679211333515,-0.061808348629382136
BH_s29_low,0,1031,34.36666666666667,0.3360917093996974,-0.42935654883608765
BH_s29_low,0,1032,34.4,0.07942219857526338,-0.7659351784031444
BH_s29_low,0,1033,34.43333333333333,-0.1327388010670367,-1.0424005451654357
BH_s29_low,0,1034,34.46666666666667,-0.3151554380967487,-1.2287086383265058
BH_s29_low,0,1035,34.5,-0.4854188982300087,-1.292761827205831
BH_s29_low,0,1036,34.53333333333333,-0.6503412147630852,-1.2049533030641308
BH_s29_low,0,1037,34.56666666666667,-0.8006855862074936,-0.9385277095549027
BH_s29_low,0,1038,34.6,-0.9176528149004022,-0.515732678732459
BH_s29_low,0,1039,34.63333333333333,-0.974829234409726,-0.009060832677264472
BH_s29_low,0,1040,34.666666666666664,-0.9386446775365469,0.4945143041624754
BH_s29_low,0,1041,34.7,-0.7740441251224232,0.8924331705787003
BH_s29_low,0,1042,34.733333333333334,-0.4565363630806811,1.1197837587006971
BH_s29_low,0,1043,34.766666666666666,-0.0015917923377635201,1.1483366437396714
BH_s29_low,0,1044,34.8,0.5116639896739683,0.9957782432333114
BH_s29_low,0,1045,34.833333333333336,0.9601247500887152,0.7250119343730688
BH_s29_low,0,1046,34.86666666666667,1.2326645291497562,0.3842675276065439
BH_s29_low,0,1047,34.9,1.2829149870254422,0.0076665858951297655
BH_s29_low,0,1048,34.93333333333333,1.1371773518676913,-0.3705163462835388
BH_s29_low,0,1049,34.96666666666667,0.8620225428687505,-0.7141309800270453
BH_s29_low,0,1050,35.0,0.5350864790701516,-0.9868494006940429
BH_s29_low,0,1051,35.03333333333333,0.22083441249252383,-1.150745706184367
BH_s29_low,0,1052,35.06666666666667,-0.048818627258188974,-1.1846535676943948
BH_s29_low,0,1053,35.1,-0.2729332892786172,-1.083607105744476
BH_s29_low,0,1054,35.13333333333333,-0.46772702606743555,-0.8549848369565864
BH_s29_low,0,1055,35.166666666666664,-0.6482076962472847,-0.5190375151016988
BH_s29_low,0,1056,35.2,-0.8148018882822952,-0.12128412304528427
BH_s29_low,0,1057,35.233333333333334,-0.9527902544900132,0.2663680618549975
BH_s29_low,0,1058,35.266666666666666,-1.0375740963674964,0.5935579579510081
BH_s29_low,0,1059,35.3,-1.0381484976647555,0.8301178601552777
BH_s29_low,0,1060,35.333333333333336,-0.9169863728390157,0.9670638227317668
BH_s29_low,0,1061,35.36666666666667,-0.6390833027540543,1.015139014792618
BH_s29_low,0,1062,35.4,-0.2047521570027393,0.9930010561950515
BH_s29_low,0,1063,35.43333333333333,0.32178257235964286,0.9263314397232479
BH_s29_low,0,1064,35.46666666666667,0.8223478616220216,0.8153827259947027
BH_s29_low,0,1065,35.5,1.173807742983567,0.6354553660917592
BH_s29_low,0,1066,35.53333333333333,1.3083577211747324,0.3851812886979573
BH_s29_low,0,1067,35.56666666666667,1.2329159178400875,0.08787307472943805
BH_s29_low,0,1068,35.6,1.0028226408684322,-0.22607804679633395
BH_s29_low,0,1069,35.63333333333333,0.6906498092591722,-0.5179171219375573
BH_s29_low,0,1070,35.666666666666664,0.36507851911700073,-0.7563917879803655
BH_s29_low,0,1071,35.7,0.07207598458848605,-0.9165276287077555
BH_s29_low,0,1072,35.733333333333334,-0.1759414307898065,-0.9835296723351247
BH_s29_low,0,1073,35.766666666666666,-0.38920329144892385,-0.952029643348
BH_s29_low,0,1074,35.8,-0.5800580752455535,-0.8098885545624634
BH_s29_low,0,1075,35.833333333333336,-0.7530564947815679,-0.53874657595348
BH_s29_low,0,1076,35.86666666666667,-0.9007135039304524,-0.14463166185083834
BH_s29_low,0,1077,35.9,-1.0027158176693503,0.34029017705112136
BH_s29_low,0,1078,35.93333333333333,-1.0309762269021416,0.8253369351339139
BH_s29_low,0,1079,35.96666666666667,-0.9497914225078223,1.1604621815558565
BH_s29_low,0,1080,36.0,-0.7217182808429671,1.2643580283056912
BH_s29_low,0,1081,36.03333333333333,-0.3351296401953827,1.1244067527489912
BH_s29_low,0,1082,36.06666666666667,0.16597423442064063,0.7805957935429936
BH_s29_low,0,1083,36.1,0.6779438447601952,0.32537621260183824
BH_s29_low,0,1084,36.13333333333333,1.0748540745319755,-0.16181354476899132
BH_s29_low,0,1085,36.166666666666664,1.2706044605291247,-0.613571758030749
BH_s29_low,0,1086,36.2,1.2523485278153237,-0.9866675475109428
BH_s29_low,0,1087,36.233333333333334,1.0664170403650335,-1.260055823675053
BH_s29_low,0,1088,36.266666666666666,0.7831250884389724,-1.4100196218159289
BH_s29_low,0,1089,36.3,0.4701125386842022,-1.4089142158637915
BH_s29_low,0,1090,36.333333333333336,0.17478132687869075,-1.2347925766708392
BH_s29_low,0,1091,36.36666666666667,-0.08398760652691364,-0.8720801662719888
BH_s29_low,0,1092,36.4,-0.30808635037524346,-0.36721540290510446
BH_s29_low,0,1093,36.43333333333333,-0.5088816076960413,0.17004231894061536
BH_s29_low,0,1094,36.46666666666667,-0.6931408141767619,0.648178005394211
BH_s29_low,0,1095,36.5,-0.85476953058797,0.9926550806975081
BH_s29_low,0,1096,36.53333333333333,-0.977996086024879,1.1726762286701442
BH_s29_low,0,1097,36.56666666666667,-1.038031749891981,1.199551993047424
BH_s29_low,0,1098,36.6,-1.0015752022299633,1.099135911946905
BH_s29_low,0,1099,36.63333333333333,-0.8309326837815292,0.9108468670880134
BH_s29_low,0,1100,36.666666666666664,-0.5013242381692868,0.6694613522882371
BH_s29_low,0,1101,36.7,-0.036738072237388966,0.40543531125305576
BH_s29_low,0,1102,36.733333333333334,0.475330251276295,0.13747216011245894
BH_s29_low,0,1103,36.766666666666666,0.911775909986962,-0.12613401363354798
BH_s29_low,0,1104,36.8,1.1696128472300997,-0.365250409513462
BH_s29_low,0,1105,36.833333333333336,1.2123006941322436,-0.5465933806397164
BH_s29_low,0,1106,36.86666666666667,1.0703547699829998,-0.6493574134678636
BH_s29_low,0,1107,36.9,0.8121260512183504,-0.6645027846493352
BH_s29_low,0,1108,36.93333333333333,0.5110484935998049,-0.5965032653558903
BH_s29_low,0,1109,36.96666666666667,0.22167626618973238,-0.4630910821526648
BH_s29_low,0,1110,37.0,-0.030414112749573816,-0.2862701320833536
BH_s29_low,0,1111,37.03333333333333,-0.24411524726037095,-0.09261718564172307
BH_s29_low,0,1112,37.06666666666667,-0.4299602567236922,0.10751052034363004
BH_s29_low,0,1113,37.1,-0.5975331329403267,0.3189099735836936
BH_s29_low,0,1114,37.13333333333333,-0.7456479978345769,0.5305766904874533
BH_s29_low,0,1115,37.166666666666664,-0.8608853660517328,0.7145350370794646
BH_s29_low,0,1116,37.2,-0.9196402905587723,0.8306785027857885
BH_s29_low,0,1117,37.233333333333334,-0.890888704932541,0.826639990215481
BH_s29_low,0,1118,37.266666666666666,-0.741688965734219,0.6959702617244957
BH_s29_low,0,1119,37.3,-0.44815189756120877,0.47838976200243044
BH_s29_low,0,1120,37.333333333333336,-0.026022639663362074,0.2012444299039287
BH_s29_low,0,1121,37.36666666666667,0.4465571276676029,-0.11968522360459231
BH_s29_low,0,1122,37.4,0.8511428867986249,-0.45214002204105486
BH_s29_low,0,1123,37.43333333333333,1.0858197851016396,-0.7459787263208149
BH_s29_low,0,1124,37.46666666666667,1.1144421081494311,-0.9710189885374063
BH_s29_low,0,1125,37.5,0.967595659828783,-1.115779012068063
BH_s29_low,0,1126,37.53333333333333,0.7117666852883444,-1.1757590351991385
BH_s29_low,0,1127,37.56666666666667,0.4190466573968666,-1.152526895488457
BH_s29_low,0,1128,37.6,0.14308489347624223,-1.0384489010200375
BH_s29_low,0,1129,37.63333333333333,-0.09340514718409418,-0.8170864481512619
BH_s29_low,0,1130,37.666666666666664,-0.2929399142506844,-0.4828670432196947
BH_s29_low,0,1131,37.7,-0.4683343628449489,-0.042855363786273505
BH_s29_low,0,1132,37.733333333333334,-0.6288236223840559,0.45210828285040827
BH_s29_low,0,1133,37.766666666666666,-0.7708121168933181,0.9056878646085825
BH_s29_low,0,1134,37.8,-0.8751821962625761,1.2395427134652057
BH_s29_low,0,1135,37.833333333333336,-0.9119134587324276,1.3923032535755848
BH_s29_low,0,1136,37.86666666666667,-0.8466600313156597,1.3585399427263716
BH_s29_low,0,1137,37.9,-0.644528809780972,1.187802135700733
BH_s29_low,0,1138,37.93333333333333,-0.29176665808106816,0.9253432441489011
BH_s29_low,0,1139,37.96666666666667,0.1717057038755081,0.6120296802443516
BH_s29_low,0,1140,38.0,0.6471996070807098,0.2800109757152645
BH_s29_low,0,1141,38.03333333333333,1.0150076346644612,-0.045960264845931374
BH_s29_low,0,1142,38.06666666666667,1.1931439986473849,-0.35024846179347335
BH_s29_low,0,1143,38.1,1.1663281217582862,-0.6244411108039103
BH_s29_low,0,1144,38.13333333333333,0.974949645101158,-0.8540095288286328
BH_s29_low,0,1145,38.166666666666664,0.6876244815596353,-1.0167529960546429
BH_s29_low,0,1146,38.2,0.37402618748714705,-1.0971854452215322
BH_s29_low,0,1147,38.233333333333334,0.08301651334367575,-1.0858107631253695
BH_s29_low,0,1148,38.266666666666666,-0.1675734809758858,-0.9699300641626554
BH_s29_low,0,1149,38.3,-0.3838051219349777,-0.7340925566872631
BH_s29_low,0,1150,38.333333333333336,-0.5796913743881992,-0.3885729297380561
BH_s29_low,0,1151,38.36666666666667,-0.7592416406880484,0.02922364522193279
BH_s29_low,0,1152,38.4,-0.9122865657321099,0.4617756585012376
BH_s29_low,0,1153,38.43333333333333,-1.0186747570260688,0.8300938825440587
BH_s29_low,0,1154,38.46666666666667,-1.0498673105158374,1.085314468856351
BH_s29_low,0,1155,38.5,-0.970951167166219,1.2074544290724334
BH_s29_low,0,1156,38.53333333333333,-0.7465580287926148,1.1893087109725458
BH_s29_low,0,1157,38.56666666666667,-0.3653688263002591,1.0357757910116587
BH_s29_low,0,1158,38.6,0.13229875037220057,0.767086777324279
BH_s29_low,0,1159,38.63333333333333,0.6486237553500342,0.41932385074813194
BH_s29_low,0,1160,38.666666666666664,1.0595850082652265,0.030493189831406003
BH_s29_low,0,1161,38.7,1.2771271533027142,-0.3580710038548435
BH_s29_low,0,1162,38.733333333333334,1.2847183725817573,-0.7085189830796119
BH_s29_low,0,1163,38.766666666666666,1.1233172701865324,-0.9847835680914462
BH_s29_low,0,1164,38.8,0.8589977992548403,-1.1592422737513945
BH_s29_low,0,1165,38.833333333333336,0.5580299516977466,-1.211530153251645
BH_s29_low,0,1166,38.86666666666667,0.2707967060571481,-1.142187608615881
BH_s29_low,0,1167,38.9,0.018957067241758496,-0.9722754275864773
BH_s29_low,0,1168,38.93333333333333,-0.20248535730444542,-0.714696027651899
BH_s29_low,0,1169,38.96666666666667,-0.4090443997505643,-0.3750534680395794
BH_s29_low,0,1170,39.0,-0.6104633271092632,0.02249218121452092
BH_s29_low,0,1171,39.03333333333333,-0.8035384028982812,0.4334677403707648
BH_s29_low,0,1172,39.06666666666667,-0.9734815649317761,0.8017645833107729
BH_s29_low,0,1173,39.1,-1.097012189012973,1.0582921078601262
BH_s29_low,0,1174,39.13333333333333,-1.145190110155753,1.1811180914167336
BH_s29_low,0,1175,39.166666666666664,-1.084518494462916,1.1942526296873157
BH_s29_low,0,1176,39.2,-0.8823671138045373,1.1164351529221055
BH_s29_low,0,1177,39.233333333333334,-0.5199436720036921,0.9605040886300874
BH_s29_low,0,1178,39.266666666666666,-0.01941684127538361,0.7433825955923824
BH_s29_low,0,1179,39.3,0.5339814940010068,0.48672661775360704
BH_s29_low,0,1180,39.333333333333336,1.0162975152653893,0.20230448428409528
BH_s29_low,0,1181,39.36666666666667,1.321715600563774,-0.10647332901787084
BH_s29_low,0,1182,39.4,1.4082788211137274,-0.4242126364285435
BH_s29_low,0,1183,39.43333333333333,1.3022919881912771,-0.7217319900786047
BH_s29_low,0,1184,39.46666666666667,1.0671570676077615,-0.9688483896968014
BH_s29_low,0,1185,39.5,0.7748887786721271,-1.1330837158799325
BH_s29_low,0,1186,39.53333333333333,0.4864237407678211,-1.1979167012145167
BH_s29_low,0,1187,39.56666666666667,0.23336235680626113,-1.1620609575124918
BH_s29_low,0,1188,39.6,0.01563082690181694,-1.024723599595119
BH_s29_low,0,1189,39.63333333333333,-0.18478368506447157,-0.7858775813775006
BH_s29_low,0,1190,39.666666666666664,-0.3854466501972209,-0.463021806422631
BH_s29_low,0,1191,39.7,-0.5922133620195966,-0.09239394950051508
BH_s29_low,0,1192,39.733333333333334,-0.7988867290205309,0.2849068576714551
BH_s29_low,0,1193,39.766666666666666,-0.9886178345691856,0.6214345167289625
BH_s29_low,0,1194,39.8,-1.1375403285903878,0.8863210893675523
BH_s29_low,0,1195,39.833333333333336,-1.2185797703853858,1.0637394024609927
BH_s29_low,0,1196,39.86666666666667,-1.2032484429720003,1.1438539022369365
BH_s29_low,0,1197,39.9,-1.0626094457580852,1.1218225222188463
BH_s29_low,0,1198,39.93333333333333,-0.7690287856482669,1.00065361214494
BH_s29_low,0,1199,39.96666666666667,-0.3173926466441372,0.7912760486506519
BH_s29_low,0,1200,40.0,0.24221922575545562,0.5136610396677412
BH_s29_low,0,1201,40.03333333333333,0.8005267211368781,0.19775519608283693
BH_s29_low,0,1202,40.06666666666667,1.2290457291012333,-0.12596525180820745
BH_s29_low,0,1203,40.1,1.4436859850547032,-0.42509525878022986
BH_s29_low,0,1204,40.13333333333333,1.4374928578795076,-0.6861112362484721
BH_s29_low,0,1205,40.166666666666664,1.2604073017439206,-0.9126045387005903
BH_s29_low,0,1206,40.2,0.9854498751081651,-1.0938565089707515
BH_s29_low,0,1207,40.233333333333334,0.6834090917519501,-1.203518983779029
BH_s29_low,0,1208,40.266666666666666,0.40361108325910533,-1.2153744819187082
BH_s29_low,0,1209,40.3,0.16440335064638012,-1.103311912894898
BH_s29_low,0,1210,40.333333333333336,-0.04135502439357664,-0.8499462157050593
BH_s29_low,0,1211,40.36666666666667,-0.23257951593542314,-0.4479400933563127
BH_s29_low,0,1212,40.4,-0.4246714912921904,0.05520066086455122
BH_s29_low,0,1213,40.43333333333333,-0.6203598800528731,0.5555895784022368
BH_s29_low,0,1214,40.46666666666667,-0.8110281975409338,0.9714549011343129
BH_s29_low,0,1215,40.5,-0.9783192469110775,1.2418832345269322
BH_s29_low,0,1216,40.53333333333333,-1.0987341176889238,1.343099307735265
BH_s29_low,0,1217,40.56666666666667,-1.1484314718473114,1.287192676858823
BH_s29_low,0,1218,40.6,-1.1003207651371665,1.1028570833758458
BH_s29_low,0,1219,40.63333333333333,-0.9242201757053388,0.8349548737626665
BH_s29_low,0,1220,40.666666666666664,-0.5960048128466217,0.5175410659007855
BH_s29_low,0,1221,40.7,-0.1256740391912346,0.1748042840898687
BH_s29_low,0,1222,40.733333333333334,0.41486474941831275,-0.1663085680424142
BH_s29_low,0,1223,40.766666666666666,0.9057207260315525,-0.4744016521763458
BH_s29_low,0,1224,40.8,1.2309553259705996,-0.7346544973251216
BH_s29_low,0,1225,40.833333333333336,1.333753323821625,-0.9470275467002339
BH_s29_low,0,1226,40.86666666666667,1.2318999614098294,-1.0972841235645325
BH_s29_low,0,1227,40.9,0.9933724643637392,-1.1558686909244442
BH_s29_low,0,1228,40.93333333333333,0.7000558683239432,-1.1062880867733131
BH_s29_low,0,1229,40.96666666666667,0.4148502741326723,-0.9451645060323473
BH_s29_low,0,1230,41.0,0.16727696088322258,-0.6703533891642277
BH_s29_low,0,1231,41.03333333333333,-0.0436162565430595,-0.2821653408231499
BH_s29_low,0,1232,41.06666666666667,-0.23547535061051272,0.1715050335944723
BH_s29_low,0,1233,41.1,-0.4248482755079941,0.593767349312876
BH_s29_low,0,1234,41.13333333333333,-0.6157247537890163,0.9271680336625623
BH_s29_low,0,1235,41.166666666666664,-0.7964552117462407,1.1523113243201482
BH_s29_low,0,1236,41.2,-0.9439536897489961,1.2566193385155968
BH_s29_low,0,1237,41.233333333333334,-1.0303615421653265,1.2330802232332356
BH_s29_low,0,1238,41.266666666666666,-1.0271519003073035,1.0949082576935358
BH_s29_low,0,1239,41.3,-0.903787111022438,0.8753419521901424
BH_s29_low,0,1240,41.333333333333336,-0.6309466420150776,0.5960846695178565
BH_s29_low,0,1241,41.36666666666667,-0.20656021687790221,0.2682733805102102
BH_s29_low,0,1242,41.4,0.31236762148220576,-0.08990597654484796
BH_s29_low,0,1243,41.43333333333333,0.8131806425341886,-0.4513669272710967
BH_s29_low,0,1244,41.46666666666667,1.1739676618161508,-0.7872550425660604
BH_s29_low,0,1245,41.5,1.3223216965321456,-1.0651642540701802
BH_s29_low,0,1246,41.53333333333333,1.2595680884953964,-1.263194122027986
BH_s29_low,0,1247,41.56666666666667,1.0386947058804314,-1.3685738979953899
BH_s29_low,0,1248,41.6,0.7317356258419752,-1.3653311083206863
BH_s29_low,0,1249,41.63333333333333,0.40762229986387355,-1.2339956614168917
BH_s29_low,0,1250,41.666666666666664,0.11344258374477995,-0.9580309743974906
BH_s29_low,0,1251,41.7,-0.13770880732613497,-0.5252657085069038
BH_s29_low,0,1252,41.733333333333334,-0.35672382218764975,0.020589820554476904
BH_s29_low,0,1253,41.766666666666666,-0.5575070469754946,0.5780765779069027
BH_s29_low,0,1254,41.8,-0.7467289632123381,1.052446575318063
BH_s29_low,0,1255,41.833333333333336,-0.918858536840446,1.3543686705373608
BH_s29_low,0,1256,41.86666666666667,-1.052589967801318,1.4510599277425344
BH_s29_low,0,1257,41.9,-1.118316499643581,1.3650415631503443
BH_s29_low,0,1258,41.93333333333333,-1.0825949852445684,1.138894746032266
BH_s29_low,0,1259,41.96666666666667,-0.9068794101532658,0.8346348310930864
BH_s29_low,0,1260,42.0,-0.5637270784882912,0.49582520215944365
BH_s29_low,0,1261,42.03333333333333,-0.07088901622647031,0.14849825790946322
BH_s29_low,0,1262,42.06666666666667,0.48738779244898384,-0.19044044819867273
BH_s29_low,0,1263,42.1,0.9824952199943076,-0.5112061798514389
BH_s29_low,0,1264,42.13333333333333,1.3005497809863984,-0.7989075225005899
BH_s29_low,0,1265,42.166666666666664,1.3936392025099105,-1.0316698796327393
BH_s29_low,0,1266,42.2,1.2838593468588058,-1.1893672533900612
BH_s29_low,0,1267,42.233333333333334,1.0331799983229761,-1.2525302536601433
BH_s29_low,0,1268,42.266666666666666,0.7129368832814058,-1.1953223953184369
BH_s29_low,0,1269,42.3,0.3862098869890607,-0.9858343341749904
BH_s29_low,0,1270,42.333333333333336,0.0934104007551451,-0.6179477906179975
BH_s29_low,0,1271,42.36666666666667,-0.1562811430835198,-0.11302106646463006
BH_s29_low,0,1272,42.4,-0.3736498234153579,0.45752217375311516
BH_s29_low,0,1273,42.43333333333333,-0.5743568860106283,0.970623185613861
BH_s29_low,0,1274,42.46666666666667,-0.7670771467542589,1.3462227886336775
BH_s29_low,0,1275,42.5,-0.9436178541410458,1.5458870846800639
BH_s29_low,0,1276,42.53333333333333,-1.0804872076794745,1.5557454008934837
BH_s29_low,0,1277,42.56666666666667,-1.1485369224097715,1.3854657279987612
BH_s29_low,0,1278,42.6,-1.1156255891796387,1.0620809966525258
BH_s29_low,0,1279,42.63333333333333,-0.9446765556653297,0.6304494604009568
BH_s29_low,0,1280,42.666666666666664,-0.607171183803955,0.14529385127037125
BH_s29_low,0,1281,42.7,-0.1157072611902379,-0.32725346879021444
BH_s29_low,0,1282,42.733333333333334,0.4507663343476578,-0.738814147310831
BH_s29_low,0,1283,42.766666666666666,0.9641730578937031,-1.0567397226656376
BH_s29_low,0,1284,42.8,1.3050164883321613,-1.265431093903309
BH_s29_low,0,1285,42.833333333333336,1.418318453764262,-1.3644833755147547
BH_s29_low,0,1286,42.86666666666667,1.3229878774304298,-1.3571636197269692
BH_s29_low,0,1287,42.9,1.0804040742560583,-1.2495927439155414
BH_s29_low,0,1288,42.93333333333333,0.763438709961211,-1.0407954378515205
BH_s29_low,0,1289,42.96666666666667,0.4373971745353869,-0.7234999161020823
BH_s29_low,0,1290,43.0,0.1436148353920543,-0.3080854554465597
BH_s29_low,0,1291,43.03333333333333,-0.10808705463216323,0.1754294136344504
BH_s29_low,0,1292,43.06666666666667,-0.3297634202889584,0.6649676334027211
BH_s29_low,0,1293,43.1,-0.5371157141707898,1.06469723683264
BH_s29_low,0,1294,43.13333333333333,-0.7346653097761371,1.3152383980966014
BH_s29_low,0,1295,43.166666666666664,-0.9129455309364031,1.3924909814874826
BH_s29_low,0,1296,43.2,-1.0526928386108358,1.3040640390844307
BH_s29_low,0,1297,43.233333333333334,-1.1284162617649116,1.088491873508251
BH_s29_low,0,1298,43.266666666666666,-1.109620125540637,0.789180589870625
BH_s29_low,0,1299,43.3,-0.9603511737080638,0.4547016535579642
BH_s29_low,0,1300,43.333333333333336,-0.6505912082712884,0.11495299727036393
BH_s29_low,0,1301,43.36666666666667,-0.18623208147011727,-0.2172972670336115
BH_s29_low,0,1302,43.4,0.3621944334231846,-0.5267711688686226
BH_s29_low,0,1303,43.43333333333333,0.8711383715382486,-0.7937282034149435
BH_s29_low,0,1304,43.46666666666667,1.2192636804838215,-1.0009771216135923
BH_s29_low,0,1305,43.5,1.3434425364836922,-1.1324491817979354
BH_s29_low,0,1306,43.53333333333333,1.2553277461746402,-1.1767425750122142
BH_s29_low,0,1307,43.56666666666667,1.0167552206899315,-1.126508098014675
BH_s29_low,0,1308,43.6,0.7060294436767529,-0.9695754272120991
BH_s29_low,0,1309,43.63333333333333,0.39068984986363875,-0.6896732906292257
BH_s29_low,0,1310,43.666666666666664,0.10975710938317218,-0.30001530124834586
BH_s29_low,0,1311,43.7,-0.12832071203446743,0.15505743854763848
BH_s29_low,0,1312,43.733333333333334,-0.33409505975598464,0.6150543182838734
BH_s29_low,0,1313,43.766666666666666,-0.5224278205982889,1.001797073978344
BH_s29_low,0,1314,43.8,-0.7002317060819657,1.2666014233256782
BH_s29_low,0,1315,43.833333333333336,-0.8575324004066049,1.3888929524530516
BH_s29_low,0,1316,43.86666666666667,-0.9717674697436536,1.3653575394034378
BH_s29_low,0,1317,43.9,-1.0154031957162712,1.2091550491787648
BH_s29_low,0,1318,43.93333333333333,-0.9563874591034751,0.9323006128509723
BH_s29_low,0,1319,43.96666666666667,-0.7610920932590041,0.546443905848283
BH_s29_low,0,1320,44.0,-0.4119827402642564,0.09301736379541967
BH_s29_low,0,1321,44.03333333333333,0.060159727214967165,-0.3551775469020988
BH_s29_low,0,1322,44.06666666666667,0.563521377303059,-0.7485117948581274
BH_s29_low,0,1323,44.1,0.9734187230038772,-1.0587294232165585
BH_s29_low,0,1324,44.13333333333333,1.1915246528848449,-1.269984709171443
BH_s29_low,0,1325,44.166666666666664,1.1935803954406743,-1.377063175927405
BH_s29_low,0,1326,44.2,1.022629983531348,-1.3683461325843784
BH_s29_low,0,1327,44.233333333333334,0.7506444307895385,-1.22537610438455
BH_s29_low,0,1328,44.266666666666666,0.4482419232928583,-0.9390876932700212
BH_s29_low,0,1329,44.3,0.1655934041323998,-0.5111033126401006
BH_s29_low,0,1330,44.333333333333336,-0.07836381720754612,0.007065989330214503
BH_s29_low,0,1331,44.36666666666667,-0.2892645192731644,0.5124186402925693
BH_s29_low,0,1332,44.4,-0.4802206108074385,0.9295680720664563
BH_s29_low,0,1333,44.43333333333333,-0.65836707859035,1.2092717080013984
BH_s29_low,0,1334,44.46666666666667,-0.817747003992765,1.3313280607250926
BH_s29_low,0,1335,44.5,-0.9388199762815058,1.303137438646121
BH_s29_low,0,1336,44.53333333333333,-0.9934163921696231,1.1462538139887004
BH_s29_low,0,1337,44.56666666666667,-0.9500054788624499,0.8959587199426747
BH_s29_low,0,1338,44.6,-0.7740278709640405,0.5840884692927656
BH_s29_low,0,1339,44.63333333333333,-0.4421916357188341,0.2399146264740372
BH_s29_low,0,1340,44.666666666666664,0.022508556079158054,-0.11242683352575666
BH_s29_low,0,1341,44.7,0.5340155237286929,-0.4521521055129273
BH_s29_low,0,1342,44.733333333333334,0.9702278303238832,-0.7568483329276677
BH_s29_low,0,1343,44.766666666666666,1.2290194111052948,-1.0006698210153038
BH_s29_low,0,1344,44.8,1.2743248151748414,-1.1600969318056262
BH_s29_low,0,1345,44.833333333333336,1.134240780770542,-1.2128549998700346
BH_s29_low,0,1346,44.86666666666667,0.8688126787380698,-1.142779466409688
BH_s29_low,0,1347,44.9,0.547197805910035,-0.9398995874795695
BH_s29_low,0,1348,44.93333333333333,0.23092235906294492,-0.6120762706162941
BH_s29_low,0,1349,44.96666666666667,-0.04552972259018877,-0.18623319509911082
BH_s29_low,0,1350,45.0,-0.2798575959585662,0.283669064321347
BH_s29_low,0,1351,45.03333333333333,-0.48592226813150063,0.7151281633031142
BH_s29_low,0,1352,45.06666666666667,-0.6758331032251227,1.0453008253485483
BH_s29_low,0,1353,45.1,-0.8501717869842659,1.2297152126501754
BH_s29_low,0,1354,45.13333333333333,-0.9942026542786038,1.261970544327809
BH_s29_low,0,1355,45.166666666666664,-1.079984443567042,1.1726007609742188
BH_s29_low,0,1356,45.2,-1.0741319222080004,0.9879352557345419
BH_s29_low,0,1357,45.233333333333334,-0.9435121355896461,0.7299914985639318
BH_s29_low,0,1358,45.266666666666666,-0.6586251760342144,0.4188850599591904
BH_s29_low,0,1359,45.3,-0.21889223712505063,0.07411814996587188
BH_s29_low,0,1360,45.333333333333336,0.31511590805215783,-0.28052902231014265
BH_s29_low,0,1361,45.36666666666667,0.8278522791141295,-0.615189188094022
BH_s29_low,0,1362,45.4,1.1983714015097937,-0.9066795471219316
BH_s29_low,0,1363,45.43333333333333,1.3586810866229528,-1.136751212293549
BH_s29_low,0,1364,45.46666666666667,1.310058600672829,-1.286130484001524
BH_s29_low,0,1365,45.5,1.1006055777742856,-1.3334151964517236
BH_s29_low,0,1366,45.53333333333333,0.7993998865692171,-1.2575553976922733
BH_s29_low,0,1367,45.56666666666667,0.474498464486952,-1.0381244373458345
BH_s29_low,0,1368,45.6,0.17430018199611247,-0.6812558077544142
BH_s29_low,0,1369,45.63333333333333,-0.08414262495268077,-0.22105523325572907
BH_s29_low,0,1370,45.666666666666664,-0.3094167254361623,0.2828886287418417
BH_s29_low,0,1371,45.7,-0.5165360955478651,0.7438990378308108
BH_s29_low,0,1372,45.733333333333334,-0.7130520645962732,1.0987999884197774
BH_s29_low,0,1373,45.766666666666666,-0.8934477474887215,1.3064084910147464
BH_s29_low,0,1374,45.8,-1.0394416162670213,1.3584378205993506
BH_s29_low,0,1375,45.833333333333336,-1.1259087020045844,1.2782316940008858
BH_s29_low,0,1376,45.86666666666667,-1.1242812603792127,1.094465597181014
BH_s29_low,0,1377,45.9,-1.003233290178756,0.8408907198036883
BH_s29_low,0,1378,45.93333333333333,-0.7329240447119627,0.5437228242069911
BH_s29_low,0,1379,45.96666666666667,-0.30556955711117156,0.2227119949465873
BH_s29_low,0,1380,46.0,0.23193837999118552,-0.10442603556051148
BH_s29_low,0,1381,46.03333333333333,0.7707773098948711,-0.42020347459615665
BH_s29_low,0,1382,46.06666666666667,1.1827524923844033,-0.7094008909144122
BH_s29_low,0,1383,46.1,1.3861696999817512,-0.9572249104213212
BH_s29_low,0,1384,46.13333333333333,1.3741722030270185,-1.1446421594925398
BH_s29_low,0,1385,46.166666666666664,1.1936625748960563,-1.2471397522362615
BH_s29_low,0,1386,46.2,0.9142857028203945,-1.2436270580424076
BH_s29_low,0,1387,46.233333333333334,0.6045679995934199,-1.116307944570963
BH_s29_low,0,1388,46.266666666666666,0.31319345403418086,-0.8608730429096225
BH_s29_low,0,1389,46.3,0.059123624238381495,-0.4875474761176553
BH_s29_low,0,1390,46.333333333333336,-0.1637457385883497,-0.03613716001805037
BH_s29_low,0,1391,46.36666666666667,-0.371110501553763,0.4224227903407323
BH_s29_low,0,1392,46.4,-0.572530229892291,0.822800285113604
BH_s29_low,0,1393,46.43333333333333,-0.7665225524087972,1.1038400756106963
BH_s29_low,0,1394,46.46666666666667,-0.9418671316939282,1.2379384824452824
BH_s29_low,0,1395,46.5,-1.0771872062039862,1.2298070690403429
BH_s29_low,0,1396,46.53333333333333,-1.1453767881034427,1.104373461752814
BH_s29_low,0,1397,46.56666666666667,-1.1179508371322404,0.9061138466960044
BH_s29_low,0,1398,46.6,-0.9656709032416786,0.6637800925367205
BH_s29_low,0,1399,46.63333333333333,-0.6639433522071636,0.3909962854131101
BH_s29_low,0,1400,46.666666666666664,-0.2150519725219955,0.09421575835262015
BH_s29_low,0,1401,46.7,0.32338886003757467,-0.22549670040797368
BH_s29_low,0,1402,46.733333333333334,0.8394798489101976,-0.5479890341322451
BH_s29_low,0,1403,46.766666666666666,1.2095006741344438,-0.8322946181872956
BH_s29_low,0,1404,46.8,1.35868432470307,-1.0495197255726536
BH_s29_low,0,1405,46.833333333333336,1.2897836672513763,-1.181625092588361
BH_s29_low,0,1406,46.86666666666667,1.0614119045694137,-1.212755244735927
BH_s29_low,0,1407,46.9,0.7530956530212184,-1.1287434946632664
BH_s29_low,0,1408,46.93333333333333,0.43791367941988807,-0.9191161159822943
BH_s29_low,0,1409,46.96666666666667,0.1606630917469317,-0.5780008618833393
BH_s29_low,0,1410,47.0,-0.06869841365849186,-0.13712027944051636
BH_s29_low,0,1411,47.03333333333333,-0.2641055205841703,0.33266575523269537
BH_s29_low,0,1412,47.06666666666667,-0.444360687178806,0.7629967385849971
BH_s29_low,0,1413,47.1,-0.6175473906188158,1.0866008586307643
BH_s29_low,0,1414,47.13333333333333,-0.7795762251096152,1.2643578512514266
BH_s29_low,0,1415,47.166666666666664,-0.9147671262946854,1.2840983472702947
BH_s29_low,0,1416,47.2,-0.997862036777076,1.159812638171611
BH_s29_low,0,1417,47.233333333333334,-1.0013089092488316,0.9311071901047256
BH_s29_low,0,1418,47.266666666666666,-0.8954637295098777,0.6380910888882008
BH_s29_low,0,1419,47.3,-0.6500896965930035,0.32187166613064555
BH_s29_low,0,1420,47.333333333333336,-0.2564904129514013,0.007327973851840839
BH_s29_low,0,1421,47.36666666666667,0.24369233469825996,-0.2953191266935612
BH_s29_low,0,1422,47.4,0.7510012456718789,-0.5726799849556015
BH_s29_low,0,1423,47.43333333333333,1.1382995362599848,-0.8063895743527283
BH_s29_low,0,1424,47.46666666666667,1.315609214478711,-0.9822514547178427
BH_s29_low,0,1425,47.5,1.2732288528613183,-1.0889524888362643
BH_s29_low,0,1426,47.53333333333333,1.0642207998181674,-1.1171918003418368
BH_s29_low,0,1427,47.56666666666667,0.7650018627339625,-1.0591738848212604
BH_s29_low,0,1428,47.6,0.4479993588463365,-0.9045731723011898
BH_s29_low,0,1429,47.63333333333333,0.15975481555033869,-0.6412479978920937
BH_s29_low,0,1430,47.666666666666664,-0.0874981401520806,-0.27115418440134725
BH_s29_low,0,1431,47.7,-0.30383200253848797,0.18781511994051184
BH_s29_low,0,1432,47.733333333333334,-0.503908141509926,0.6780352865519282
BH_s29_low,0,1433,47.766666666666666,-0.6963309806137895,1.1005093029982793
BH_s29_low,0,1434,47.8,-0.8773074586914127,1.3859400362358185
BH_s29_low,0,1435,47.833333333333336,-1.0274425784578185,1.4936906277253024
BH_s29_low,0,1436,47.86666666666667,-1.119095813789927,1.4149201130986702
BH_s29_low,0,1437,47.9,-1.1225985190971637,1.1720654133012616
BH_s29_low,0,1438,47.93333333333333,-1.0055769721637606,0.7968699668028614
BH_s29_low,0,1439,47.96666666666667,-0.7350687863899008,0.33121762865269816
BH_s29_low,0,1440,48.0,-0.3008078713784547,-0.1732045955727182
BH_s29_low,0,1441,48.03333333333333,0.24987296289900635,-0.6530455225536957
BH_s29_low,0,1442,48.06666666666667,0.805269732029034,-1.0555761124472247
BH_s29_low,0,1443,48.1,1.2303073122882817,-1.3367582167139644
BH_s29_low,0,1444,48.13333333333333,1.4361302045036846,-1.4741558419220533
BH_s29_low,0,1445,48.166666666666664,1.4139019704767728,-1.4655630484171371
BH_s29_low,0,1446,48.2,1.212836778083644,-1.315728761027528
BH_s29_low,0,1447,48.233333333333334,0.905638697406269,-1.0362904603090048
BH_s29_low,0,1448,48.266666666666666,0.5646659988578501,-0.6485803600876349
BH_s29_low,0,1449,48.3,0.24225437166811226,-0.18503420456963499
BH_s29_low,0,1450,48.333333333333336,-0.039510926396891466,0.3078346842245078
BH_s29_low,0,1451,48.36666666666667,-0.28191967402297996,0.7674258734044801
BH_s29_low,0,1452,48.4,-0.49915572073120784,1.142090212315079
BH_s29_low,0,1453,48.43333333333333,-0.7030488870677172,1.3892975958378468
BH_s29_low,0,1454,48.46666666666667,-0.8916603910208998,1.479108311631355
BH_s29_low,0,1455,48.5,-1.0505892599544333,1.3932459240550057
BH_s29_low,0,1456,48.53333333333333,-1.1569440292943716,1.1514976506015604
BH_s29_low,0,1457,48.56666666666667,-1.1818106638777417,0.8117546880033687
BH_s29_low,0,1458,48.6,-1.0906142480453784,0.42386763574461445
BH_s29_low,0,1459,48.63333333333333,-0.8464579266143639,0.030653438986940774
BH_s29_low,0,1460,48.666666666666664,-0.430467434671693,-0.3343740546813743
BH_s29_low,0,1461,48.7,0.12043806696303441,-0.6451341280786344
BH_s29_low,0,1462,48.733333333333334,0.7023989170776814,-0.8822631010268066
BH_s29_low,0,1463,48.766666666666666,1.180056404557648,-1.0314252209986268
BH_s29_low,0,1464,48.8,1.447738656796212,-1.0991531306038467
BH_s29_low,0,1465,48.833333333333336,1.4773838352152946,-1.1115752737817242
BH_s29_low,0,1466,48.86666666666667,1.3110626374615006,-1.0658778191654656
BH_s29_low,0,1467,48.9,1.022139289042893,-0.930290061098289
BH_s29_low,0,1468,48.93333333333333,0.6879713042225319,-0.6868175071442052
BH_s29_low,0,1469,48.96666666666667,0.3681924478671058,-0.3327341737415303
BH_s29_low,0,1470,49.0,0.08912807707180292,0.10649166797882233
BH_s29_low,0,1471,49.03333333333333,-0.15134644188304563,0.5753867382272694
BH_s29_low,0,1472,49.06666666666667,-0.36914305990236396,1.0059362896312507
BH_s29_low,0,1473,49.1,-0.579938747455693,1.3161778904890356
BH_s29_low,0,1474,49.13333333333333,-0.7874928321459274,1.4610403089275255
BH_s29_low,0,1475,49.166666666666664,-0.980506433734676,1.4314208298712723
BH_s29_low,0,1476,49.2,-1.1382045636584448,1.2424053447350731
BH_s29_low,0,1477,49.233333333333334,-1.2337058081881358,0.933058949004022
BH_s29_low,0,1478,49.266666666666666,-1.233497480163586,0.5412904250209587
BH_s29_low,0,1479,49.3,-1.0992440662458607,0.1049997997013358
BH_s29_low,0,1480,49.333333333333336,-0.7966195863122183,-0.3331132146235319
BH_s29_low,0,1481,49.36666666666667,-0.31994585532952735,-0.7236253087847089
BH_s29_low,0,1482,49.4,0.27468069434090947,-1.032619707206019
BH_s29_low,0,1483,49.43333333333333,0.8640165216270611,-1.2398404798071379
BH_s29_low,0,1484,49.46666666666667,1.3061965278298804,-1.3331897351764206
BH_s29_low,0,1485,49.5,1.5115699943499878,-1.3075777618545947
BH_s29_low,0,1486,49.53333333333333,1.4730652016602575,-1.1737160571409715
BH_s29_low,0,1487,49.56666666666667,1.2472257571130423,-0.957994609987028
BH_s29_low,0,1488,49.6,0.9202499127600766,-0.678684593173681
BH_s29_low,0,1489,49.63333333333333,0.5724459692477447,-0.34697617056201896
BH_s29_low,0,1490,49.666666666666664,0.2555897381853337,0.02885845262530411
BH_s29_low,0,1491,49.7,-0.010504162164654537,0.4412965563051168
BH_s29_low,0,1492,49.733333333333334,-0.23349974700354675,0.8511633042815203
BH_s29_low,0,1493,49.766666666666666,-0.4328810482360158,1.1857711869789267
BH_s29_low,0,1494,49.8,-0.6243020062482968,1.3891563829275038
BH_s29_low,0,1495,49.833333333333336,-0.8095514735870322,1.4212635780105802
BH_s29_low,0,1496,49.86666666666667,-0.9748735605281491,1.2773077346972868
BH_s29_low,0,1497,49.9,-1.0979626657820494,0.9876615138426988
BH_s29_low,0,1498,49.93333333333333,-1.1482619156776679,0.5924518589854474
BH_s29_low,0,1499,49.96666666666667,-1.0895260139584064,0.1424697703715605
BH_s29_low,0,1500,50.0,-0.8850363735258988,-0.30929962444625575
BH_s29_low,0,1501,50.03333333333333,-0.5112702811888704,-0.7059810558402301
BH_s29_low,0,1502,50.06666666666667,0.008431151642175228,-1.0083508576839995
BH_s29_low,0,1503,50.1,0.5822062811806443,-1.1931241749635497
BH_s29_low,0,1504,50.13333333333333,1.0721467070136226,-1.2481650337601355
BH_s29_low,0,1505,50.166666666666664,1.3579846016570334,-1.1715149221551877
BH_s29_low,0,1506,50.2,1.3967353936437972,-0.9648239185041556
BH_s29_low,0,1507,50.233333333333334,1.2263183298331983,-0.633861664044201
BH_s29_low,0,1508,50.266666666666666,0.927697066272463,-0.21730243012569378
BH_s29_low,0,1509,50.3,0.5862338400996099,0.21200272057688746
BH_s29_low,0,1510,50.333333333333336,0.26442391606818394,0.5922693982958434
BH_s29_low,0,1511,50.36666666666667,-0.0102649403782633,0.8714674033070173
BH_s29_low,0,1512,50.4,-0.24076224651025133,1.0270888855623221
BH_s29_low,0,1513,50.43333333333333,-0.44510412921267617,1.0647841262692423
BH_s29_low,0,1514,50.46666666666667,-0.6382372205564512,0.9961599729852467
BH_s29_low,0,1515,50.5,-0.8200127227347044,0.8381721911130247
BH_s29_low,0,1516,50.53333333333333,-0.9744430251562116,0.6155521870044615
BH_s29_low,0,1517,50.56666666666667,-1.0751403121526546,0.3612342486828537
BH_s29_low,0,1518,50.6,-1.0902624192322148,0.10252854694794777
BH_s29_low,0,1519,50.63333333333333,-0.9843670311402151,-0.1378264451582501
BH_s29_low,0,1520,50.666666666666664,-0.7216560051065458,-0.34510219310377366
BH_s29_low,0,1521,50.7,-0.2889593564517139,-0.5112606270646252
BH_s29_low,0,1522,50.733333333333334,0.2662966061054621,-0.6473121611181277
BH_s29_low,0,1523,50.766666666666666,0.8264996007229041,-0.781787652895599
BH_s29_low,0,1524,50.8,1.247802305550302,-0.9033354475692852
BH_s29_low,0,1525,50.833333333333336,1.4342151204902909,-0.9600710228680673
BH_s29_low,0,1526,50.86666666666667,1.3771605984579343,-0.9160540011021521
BH_s29_low,0,1527,50.9,1.134670167441362,-0.7519121806222683
BH_s29_low,0,1528,50.93333333333333,0.7899353143601126,-0.47025736175488453
BH_s29_low,0,1529,50.96666666666667,0.42346414300753993,-0.09678943621678446
BH_s29_low,0,1530,51.0,0.09156933458007864,0.31805525768254794
BH_s29_low,0,1531,51.03333333333333,-0.18629588968907057,0.6978736909635157
BH_s29_low,0,1532,51.06666666666667,-0.41763366469413704,0.9871570671034797
BH_s29_low,0,1533,51.1,-0.6193160222783428,1.1501626357519852
BH_s29_low,0,1534,51.13333333333333,-0.8020344372193506,1.1769127732565674
BH_s29_low,0,1535,51.166666666666664,-0.9638730461946508,1.0823148834792249
BH_s29_low,0,1536,51.2,-1.0885767132759194,0.8828072342477526
BH_s29_low,0,1537,51.233333333333334,-1.145627044401277,0.5965720646356354
BH_s29_low,0,1538,51.266666666666666,-1.0958425308810846,0.24957967987514576
BH_s29_low,0,1539,51.3,-0.8977181980894726,-0.12309304864869616
BH_s29_low,0,1540,51.333333333333336,-0.5245056752425392,-0.4896020465290041
BH_s29_low,0,1541,51.36666666666667,0.0018663597628179457,-0.8195653883851157
BH_s29_low,0,1542,51.4,0.5882688141796454,-1.084787427336937
BH_s29_low,0,1543,51.43333333333333,1.0946326405998992,-1.2576933044062422
BH_s29_low,0,1544,51.46666666666667,1.3993833315653266,-1.3122581523071248
BH_s29_low,0,1545,51.5,1.4563361195028475,-1.223513660079892
BH_s29_low,0,1546,51.53333333333333,1.2984297585014992,-0.9913032565764275
BH_s29_low,0,1547,51.56666666666667,1.000904939269492,-0.6409290058615472
BH_s29_low,0,1548,51.6,0.6446713889968082,-0.21546474838823054
BH_s29_low,0,1549,51.63333333333333,0.2949480208201172,0.2229598149537193
BH_s29_low,0,1550,51.666666666666664,-0.011443494205676107,0.628791634026562
BH_s29_low,0,1551,51.7,-0.2692503460703039,0.9712091898567407
BH_s29_low,0,1552,51.733333333333334,-0.4925357891955143,1.2172701879771557
BH_s29_low,0,1553,51.766666666666666,-0.6954936113088365,1.3303972434407567
BH_s29_low,0,1554,51.8,-0.8803178960716909,1.3070886393245558
BH_s29_low,0,1555,51.833333333333336,-1.0366354788468388,1.1762113592900376
BH_s29_low,0,1556,51.86666666666667,-1.1432769059140746,0.9622578366787361
BH_s29_low,0,1557,51.9,-1.1685574108990346,0.6855960930433848
BH_s29_low,0,1558,51.93333333333333,-1.0730704004890022,0.365992178735135
BH_s29_low,0,1559,51.96666666666667,-0.8180227657318554,0.024054137252797283
BH_s29_low,0,1560,52.0,-0.38724242780844664,-0.3139102929884168
BH_s29_low,0,1561,52.03333333333333,0.17762755573925731,-0.6141636803822322
BH_s29_low,0,1562,52.06666666666667,0.7627734888865355,-0.8539705938345502
BH_s29_low,0,1563,52.1,1.2255829972484937,-1.0200651819273696
BH_s29_low,0,1564,52.13333333333333,1.4655022244405291,-1.1075162640590948
BH_s29_low,0,1565,52.166666666666664,1.461832753428187,-1.1186533204846068
BH_s29_low,0,1566,52.2,1.262071258486853,-1.0574643890703563
BH_s29_low,0,1567,52.233333333333334,0.945529877172709,-0.9293909716397895
BH_s29_low,0,1568,52.266666666666666,0.5925695242733819,-0.734691212302129
BH_s29_low,0,1569,52.3,0.26233476572036435,-0.46935658371519995
BH_s29_low,0,1570,52.333333333333336,-0.020205388724463966,-0.13393993515295904
BH_s29_low,0,1571,52.36666666666667,-0.25795644791934236,0.2645390542330965
BH_s29_low,0,1572,52.4,-0.467648904527968,0.6773223280000772
BH_s29_low,0,1573,52.43333333333333,-0.6660690324878047,1.01243505475201
BH_s29_low,0,1574,52.46666666666667,-0.8566522501761494,1.2084530367856314
BH_s29_low,0,1575,52.5,-1.0252163489129407,1.233842348734852
BH_s29_low,0,1576,52.53333333333333,-1.1466791679792978,1.0897782270678922
BH_s29_low,0,1577,52.56666666666667,-1.1917685392131763,0.8099047089950525
BH_s29_low,0,1578,52.6,-1.126912034566156,0.4389033281605287
BH_s29_low,0,1579,52.63333333333333,-0.9144807510334547,0.03319263515937458
BH_s29_low,0,1580,52.666666666666664,-0.5294200126207531,-0.36148798214125055
BH_s29_low,0,1581,52.7,0.004343693960818004,-0.7085031747363987
BH_s29_low,0,1582,52.733333333333334,0.5925877981425458,-0.9748760769269962
BH_s29_low,0,1583,52.766666666666666,1.0964041223477008,-1.1297651607794823
BH_s29_low,0,1584,52.8,1.3966452823550395,-1.1453482125162988
BH_s29_low,0,1585,52.833333333333336,1.449519370872615,-0.9965295378103425
BH_s29_low,0,1586,52.86666666666667,1.2881706572538822,-0.6921273345798511
BH_s29_low,0,1587,52.9,0.9907232637199016,-0.2757044080004407
BH_s29_low,0,1588,52.93333333333333,0.644836988945471,0.18712753905000373
BH_s29_low,0,1589,52.96666666666667,0.3156149966442474,0.6075953669992479
BH_s29_low,0,1590,53.0,0.03421894109984805,0.9263571603566256
BH_s29_low,0,1591,53.03333333333333,-0.1980260416990077,1.1121841713501042
BH_s29_low,0,1592,53.06666666666667,-0.39900343145220407,1.1642183198008658
BH_s29_low,0,1593,53.1,-0.5851416506832353,1.1106593753605987
BH_s29_low,0,1594,53.13333333333333,-0.7589540273469703,0.9725269095018605
BH_s29_low,0,1595,53.166666666666664,-0.9109641284360285,0.7634438367771424
BH_s29_low,0,1596,53.2,-1.0215825385150428,0.4917121215412754
BH_s29_low,0,1597,53.233333333333334,-1.060495051496162,0.16158723448498014
BH_s29_low,0,1598,53.266666666666666,-0.9920629583589049,-0.21687985428603573
BH_s29_low,0,1599,53.3,-0.7814987798286233,-0.6257461397386846
BH_s29_low,0,1600,53.333333333333336,-0.40950856737328334,-1.0171407058124347
BH_s29_low,0,1601,53.36666666666667,0.09329267385417102,-1.3116954229675397
BH_s29_low,0,1602,53.4,0.6298331879248308,-1.4609545997455247
BH_s29_low,0,1603,53.43333333333333,1.065876063161559,-1.446649914994865
BH_s29_low,0,1604,53.46666666666667,1.2931397584183886,-1.2559111292375043
BH_s29_low,0,1605,53.5,1.2830141326165974,-0.8817404011054758
BH_s29_low,0,1606,53.53333333333333,1.0834971293075337,-0.37233000311093883
BH_s29_low,0,1607,53.56666666666667,0.7771456714502004,0.16763373505007761
BH_s29_low,0,1608,53.6,0.44321352064079866,0.6542797007827376
BH_s29_low,0,1609,53.63333333333333,0.13669077974676613,1.0230829592081754
BH_s29_low,0,1610,53.666666666666664,-0.12057762501228739,1.246790514850931
BH_s29_low,0,1611,53.7,-0.33578290399718536,1.3335497682918849
BH_s29_low,0,1612,53.733333333333334,-0.5260865464049455,1.2923490506057227
BH_s29_low,0,1613,53.766666666666666,-0.7008610283378152,1.1321313474595995
BH_s29_low,0,1614,53.8,-0.8552418723053405,0.870642926707251
BH_s29_low,0,1615,53.833333333333336,-0.9731413324635773,0.5350756969577621
BH_s29_low,0,1616,53.86666666666667,-1.0293318599636898,0.15634444623548552
BH_s29_low,0,1617,53.9,-0.9905742643191429,-0.22938405035337173
BH_s29_low,0,1618,53.93333333333333,-0.8217959398979264,-0.5888792378351346
BH_s29_low,0,1619,53.96666666666667,-0.49700174929288665,-0.8900205459511465
BH_s29_low,0,1620,54.0,-0.027056908728165144,-1.104038384280748
BH_s29_low,0,1621,54.03333333333333,0.5123913985713404,-1.2041676884414996
BH_s29_low,0,1622,54.06666666666667,0.9929665070111181,-1.1836432525383063
BH_s29_low,0,1623,54.1,1.2946379756806632,-1.0551671831598255
BH_s29_low,0,1624,54.13333333333333,1.3663293633828348,-0.82227630470815
BH_s29_low,0,1625,54.166666666666664,1.2309934996221092,-0.48016023346492465
BH_s29_low,0,1626,54.2,0.954518786196304,-0.06836805991120262
BH_s29_low,0,1627,54.233333333333334,0.6145352940427504,0.3278730229187272
BH_s29_low,0,1628,54.266666666666666,0.27594696219712345,0.6527287918351061
BH_s29_low,0,1629,54.3,-0.023393384168604897,0.8785187489218356
BH_s29_low,0,1630,54.333333333333336,-0.27570520487603867,1.006273637908464
BH_s29_low,0,1631,54.36666666666667,-0.49305458381730116,1.064083775452414
BH_s29_low,0,1632,54.4,-0.6891736034824925,1.0635772455164996
BH_s29_low,0,1633,54.43333333333333,-0.866613076611346,0.9991759919744205
BH_s29_low,0,1634,54.46666666666667,-1.012633109753032,0.8606618430954893
BH_s29_low,0,1635,54.5,-1.1036093219410887,0.6339486903750918
BH_s29_low,0,1636,54.53333333333333,-1.1098205324059294,0.32780242011285166
BH_s29_low,0,1637,54.56666666666667,-0.9937315837317446,-0.02476235991957835
BH_s29_low,0,1638,54.6,-0.7186773540829487,-0.3902174921067357
BH_s29_low,0,1639,54.63333333333333,-0.2779589054719923,-0.7329338192816433
BH_s29_low,0,1640,54.666666666666664,0.2726100198008957,-1.0201669521930725
BH_s29_low,0,1641,54.7,0.8138318468008298,-1.2205230671928444
BH_s29_low,0,1642,54.733333333333334,1.2138881578848146,-1.3144578108456348
BH_s29_low,0,1643,54.766666666666666,1.3933661060102551,-1.2933936465125533
BH_s29_low,0,1644,54.8,1.3502377304178497,-1.1499840139248838
BH_s29_low,0,1645,54.833333333333336,1.1380908095112123,-0.8784807296207043
BH_s29_low,0,1646,54.86666666666667,0.8312111305608049,-0.493094723006247
BH_s29_low,0,1647,54.9,0.500592798980967,-0.02955034421883472
BH_s29_low,0,1648,54.93333333333333,0.19449717022947494,0.4493743265309429
BH_s29_low,0,1649,54.96666666666667,-0.0694810943263119,0.8523083038017135
BH_s29_low,0,1650,55.0,-0.29527629481987455,1.1297535016920799
BH_s29_low,0,1651,55.03333333333333,-0.49838868906776596,1.2725969014389051
BH_s29_low,0,1652,55.06666666666667,-0.6930541751628837,1.286468417684902
BH_s29_low,0,1653,55.1,-0.8778632933669472,1.1905351729853395
BH_s29_low,0,1654,55.13333333333333,-1.0357713522082386,0.9983524727987992
BH_s29_low,0,1655,55.166666666666664,-1.1425719500295517,0.7181512298571218
BH_s29_low,0,1656,55.2,-1.1699980891491495,0.3714998544053776
BH_s29_low,0,1657,55.233333333333334,-1.0866289222836922,-0.005308699553679824
BH_s29_low,0,1658,55.266666666666666,-0.8582815216603239,-0.3821392250823319
BH_s29_low,0,1659,55.3,-0.46177702476526605,-0.7331761104038921
BH_s29_low,0,1660,55.333333333333336,0.07704923016758536,-1.0286644165072565
BH_s29_low,0,1661,55.36666666666667,0.661750010191157,-1.2332461981538685
BH_s29_low,0,1662,55.4,1.1549495664294354,-1.3196501692234526
BH_s29_low,0,1663,55.43333333333333,1.4435423637806222,-1.2680122917426655
BH_s29_low,0,1664,55.46666666666667,1.4924646172014029,-1.0695139031292753
BH_s29_low,0,1665,55.5,1.3411639353803435,-0.7270154796876467
BH_s29_low,0,1666,55.53333333333333,1.0642592285739156,-0.27688682363989947
BH_s29_low,0,1667,55.56666666666667,0.7408233761652424,0.20956982287839387
BH_s29_low,0,1668,55.6,0.4325392250628358,0.662133186907733
BH_s29_low,0,1669,55.63333333333333,0.16820727532760515,1.0101818740763304
BH_s29_low,0,1670,55.666666666666664,-0.05516056439522449,1.2211260473099612
BH_s29_low,0,1671,55.7,-0.25724179096416,1.298839145052388
BH_s29_low,0,1672,55.733333333333334,-0.4558501697405545,1.2540994267939596
BH_s29_low,0,1673,55.766666666666666,-0.6562885532525468,1.1037201745517233
BH_s29_low,0,1674,55.8,-0.851672687314941,0.8674702258985264
BH_s29_low,0,1675,55.833333333333336,-1.025119869960237,0.5685924829639581
BH_s29_low,0,1676,55.86666666666667,-1.1541094104934482,0.22693167309567658
BH_s29_low,0,1677,55.9,-1.2140467771632444,-0.13947468608936628
BH_s29_low,0,1678,55.93333333333333,-1.176683995782357,-0.5068346092411775
BH_s29_low,0,1679,55.96666666666667,-1.0112323989793097,-0.8436360279356436
BH_s29_low,0,1680,56.0,-0.6909741761159901,-1.1173901772121062
BH_s29_low,0,1681,56.03333333333333,-0.2143006782333236,-1.2931317158856763
BH_s29_low,0,1682,56.06666666666667,0.3606726100057194,-1.3453791283862313
BH_s29_low,0,1683,56.1,0.9125161939822556,-1.2575962970840244
BH_s29_low,0,1684,56.13333333333333,1.3069608658644096,-1.0240481620225599
BH_s29_low,0,1685,56.166666666666664,1.4657718614564104,-0.6505934967044433
BH_s29_low,0,1686,56.2,1.394860172676324,-0.18343862356870533
BH_s29_low,0,1687,56.233333333333334,1.1568422743607232,0.28950926893272433
BH_s29_low,0,1688,56.266666666666666,0.8342675389832594,0.704207124083358
BH_s29_low,0,1689,56.3,0.5027347411262121,1.0189191088768121
BH_s29_low,0,1690,56.333333333333336,0.2105650534168036,1.2109591682797722
BH_s29_low,0,1691,56.36666666666667,-0.0286004926923979,1.2750787292043406
BH_s29_low,0,1692,56.4,-0.228124791142343,1.2158459548248362
BH_s29_low,0,1693,56.43333333333333,-0.40943808974170304,1.0470515092690291
BH_s29_low,0,1694,56.46666666666667,-0.5866976914268685,0.7888590095848342
BH_s29_low,0,1695,56.5,-0.7587735033557497,0.46843993387225835
BH_s29_low,0,1696,56.53333333333333,-0.9099366387136388,0.11147089398283966
BH_s29_low,0,1697,56.56666666666667,-1.0195935899223767,-0.2562967901379009
BH_s29_low,0,1698,56.6,-1.061793110209614,-0.6079509388666025
BH_s29_low,0,1699,56.63333333333333,-1.0025248395933501,-0.9135440799576747
BH_s29_low,0,1700,56.666666666666664,-0.8087448461776416,-1.145886151123006
BH_s29_low,0,1701,56.7,-0.46058866352935646,-1.279129320968401
BH_s29_low,0,1702,56.733333333333334,0.02467271957033887,-1.2959011589644125
BH_s29_low,0,1703,56.766666666666666,0.5687065386004019,-1.1868525768119311
BH_s29_low,0,1704,56.8,1.0439236967953418,-0.9517523656482906
BH_s29_low,0,1705,56.833333333333336,1.3321282958888552,-0.6002898721095078
BH_s29_low,0,1706,56.86666666666667,1.3853969906007382,-0.17239288841209685
BH_s29_low,0,1707,56.9,1.2331303979181083,0.2603802112610559
BH_s29_low,0,1708,56.93333333333333,0.9493069737423996,0.6409234810543056
BH_s29_low,0,1709,56.96666666666667,0.6157348638681743,0.9251007023225624
BH_s29_low,0,1710,57.0,0.2942872097099164,1.1026091517883136
BH_s29_low,0,1711,57.03333333333333,0.014453482649912943,1.1952184696182153
BH_s29_low,0,1712,57.06666666666667,-0.22224008814192878,1.2138492660182818
BH_s29_low,0,1713,57.1,-0.4295245726788701,1.1575850762532525
BH_s29_low,0,1714,57.13333333333333,-0.6229487141907092,1.018868405462517
BH_s29_low,0,1715,57.166666666666664,-0.8080934842155966,0.7841266577442175
BH_s29_low,0,1716,57.2,-0.9741441671646028,0.46088337160064186
BH_s29_low,0,1717,57.233333333333334,-1.0969056326537494,0.07924178946668525
BH_s29_low,0,1718,57.266666666666666,-1.1464049167491206,-0.3253965883551565
BH_s29_low,0,1719,57.3,-1.0898662923617635,-0.710591532983872
BH_s29_low,0,1720,57.333333333333336,-0.8921270694831768,-1.0378344794114367
BH_s29_low,0,1721,57.36666666666667,-0.5270451927531266,-1.2708725268324836
BH_s29_low,0,1722,57.4,-0.01212444511713584,-1.3873716069894335
BH_s29_low,0,1723,57.43333333333333,0.5660005074412829,-1.3778723457527322
BH_s29_low,0,1724,57.46666666666667,1.0727620182809345,-1.2282876094492876
BH_s29_low,0,1725,57.5,1.3878223393362172,-0.9203700872738578
BH_s29_low,0,1726,57.53333333333333,1.4636933757810726,-0.478042864645943
BH_s29_low,0,1727,57.56666666666667,1.3276245987839534,0.031079033632310897
BH_s29_low,0,1728,57.6,1.0470170959106564,0.5353090854575728
BH_s29_low,0,1729,57.63333333333333,0.7000695708603768,0.9572961738127339
BH_s29_low,0,1730,57.666666666666664,0.3520028478801942,1.2471878103208585
BH_s29_low,0,1731,57.7,0.04183575076178615,1.3810334491737921
BH_s29_low,0,1732,57.733333333333334,-0.21975747620635347,1.3584366424338365
BH_s29_low,0,1733,57.766666666666666,-0.4442664073777264,1.201605416039136
BH_s29_low,0,1734,57.8,-0.6474925947258308,0.9390770238700685
BH_s29_low,0,1735,57.833333333333336,-0.8370547081356726,0.6060276266249497
BH_s29_low,0,1736,57.86666666666667,-1.0080182319860915,0.23154013251853467
BH_s29_low,0,1737,57.9,-1.1392279782126509,-0.1598307805651888
BH_s29_low,0,1738,57.93333333333333,-1.200837280082717,-0.5397515618943678
BH_s29_low,0,1739,57.96666666666667,-1.1594475713185832,-0.8741024060170618
BH_s29_low,0,1740,58.0,-0.9761213906191176,-1.1308204613033452
BH_s29_low,0,1741,58.03333333333333,-0.6230033996494235,-1.2784127371185654
BH_s29_low,0,1742,58.06666666666667,-0.11940369380944506,-1.3023398806603907
BH_s29_low,0,1743,58.1,0.44764515467221005,-1.2043726762294058
BH_s29_low,0,1744,58.13333333333333,0.947015434421047,-0.9810311119670928
BH_s29_low,0,1745,58.166666666666664,1.2645582880402215,-0.624394375545217
BH_s29_low,0,1746,58.2,1.356658300708277,-0.17677830640407946
BH_s29_low,0,1747,58.233333333333334,1.252541542940674,0.26790990011763266
BH_s29_low,0,1748,58.266666666666666,1.02268488792211,0.644489706051998
BH_s29_low,0,1749,58.3,0.7471769569084046,0.9151753011163176
BH_s29_low,0,1750,58.333333333333336,0.4926258678192624,1.0703082764763194
BH_s29_low,0,1751,58.36666666666667,0.2988336272369323,1.1266750011094515
BH_s29_low,0,1752,58.4,0.17396861543990716,1.1011437131798087
BH_s29_low,0,1753,58.43333333333333,0.10031898681686004,1.0097613111260841
BH_s29_low,0,1754,58.46666666666667,0.05222311231594047,0.872140952108617
BH_s29_low,0,1755,58.5,0.012017131509137774,0.7115490294300779
BH_s29_low,0,1756,58.53333333333333,-0.027793551140076422,0.5468114199004616
BH_s29_low,0,1757,58.56666666666667,-0.0675193957159448,0.39292778962489494
BH_s29_low,0,1758,58.6,-0.10486027177547483,0.26224730785907646
BH_s29_low,0,1759,58.63333333333333,-0.13872412598117462,0.16522388745379252
