recording_id,measurement_id,sample_index,time_seconds,gt_signal,predicted_signal
COHFACE_s07_session0_lamp,0,0,0.0,-24.125232696533203,-0.14312018985061414
COHFACE_s07_session0_lamp,0,1,0.03333333333333333,-17.318187713623047,1.1336327075688333
COHFACE_s07_session0_lamp,0,2,0.06666666666666667,-0.6567872166633606,2.275468848742053
COHFACE_s07_session0_lamp,0,3,0.1,1.5793782472610474,3.1624092244705526
COHFACE_s07_session0_lamp,0,4,0.13333333333333333,-0.9985930323600769,3.7215309957570426
COHFACE_s07_session0_lamp,0,5,0.16666666666666666,-0.46617886424064636,3.9410970953846567
COHFACE_s07_session0_lamp,0,6,0.2,0.15877075493335724,3.861510925852841
COHFACE_s07_session0_lamp,0,7,0.23333333333333334,0.3976151943206787,3.5530839214170475
COHFACE_s07_session0_lamp,0,8,0.26666666666666666,0.8284955620765686,3.0919968777264506
COHFACE_s07_session0_lamp,0,9,0.3,1.073612928390503,2.544592793751034
COHFACE_s07_session0_lamp,0,10,0.3333333333333333,1.0343317985534668,1.962888489579636
COHFACE_s07_session0_lamp,0,11,0.36666666666666664,0.9389411211013794,1.3867429608512143
COHFACE_s07_session0_lamp,0,12,0.4,0.8000298142433167,0.8479733512250818
COHFACE_s07_session0_lamp,0,13,0.43333333333333335,0.6598638892173767,0.37293972486184623
COHFACE_s07_session0_lamp,0,14,0.4666666666666667,0.5713949799537659,-0.018043177072079544
COHFACE_s07_session0_lamp,0,15,0.5,0.5420206785202026,-0.3139139651392473
COHFACE_s07_session0_lamp,0,16,0.5333333333333333,0.5175349116325378,-0.5166634248830907
COHFACE_s07_session0_lamp,0,17,0.5666666666666667,0.45307591557502747,-0.6427401472972966
COHFACE_s07_session0_lamp,0,18,0.6,0.3678515553474426,-0.7199519198488245
COHFACE_s07_session0_lamp,0,19,0.6333333333333333,0.2936588227748871,-0.7792391879922584
COHFACE_s07_session0_lamp,0,20,0.6666666666666666,0.21821148693561554,-0.844206825310763
COHFACE_s07_session0_lamp,0,21,0.7,0.12801212072372437,-0.9242536406907065
COHFACE_s07_session0_lamp,0,22,0.7333333333333333,0.058361779898405075,-1.0139215930781038
COHFACE_s07_session0_lamp,0,23,0.7666666666666667,0.009173926897346973,-1.097333744507126
COHFACE_s07_session0_lamp,0,24,0.8,-0.03330845758318901,-1.1556709234734517
COHFACE_s07_session0_lamp,0,25,0.8333333333333334,-0.0781269371509552,-1.17515733308273
COHFACE_s07_session0_lamp,0,26,0.8666666666666667,-0.12242628633975983,-1.1525275287222667
COHFACE_s07_session0_lamp,0,27,0.9,-0.16516824066638947,-1.0950385051515674
COHFACE_s07_session0_lamp,0,28,0.9333333333333333,-0.18792356550693512,-1.015488890387261
COHFACE_s07_session0_lamp,0,29,0.9666666666666667,-0.21379369497299194,-0.9259543888951203
COHFACE_s07_session0_lamp,0,30,1.0,-0.26458221673965454,-0.8332149959751023
COHFACE_s07_session0_lamp,0,31,1.0333333333333334,-0.2905821204185486,-0.7374539434268235
COHFACE_s07_session0_lamp,0,32,1.0666666666666667,-0.27955055236816406,-0.6342791906861488
COHFACE_s07_session0_lamp,0,33,1.1,-0.0892450362443924,-0.518638518095573
COHFACE_s07_session0_lamp,0,34,1.1333333333333333,0.33203139901161194,-0.38859941762115446
COHFACE_s07_session0_lamp,0,35,1.1666666666666667,0.8405221700668335,-0.2468342519986535
COHFACE_s07_session0_lamp,0,36,1.2,1.136168360710144,-0.09933131471792495
COHFACE_s07_session0_lamp,0,37,1.2333333333333334,1.1589237451553345,0.04738369397405473
COHFACE_s07_session0_lamp,0,38,1.2666666666666666,1.0789772272109985,0.18897561973513063
COHFACE_s07_session0_lamp,0,39,1.3,0.9433104991912842,0.32454515289396907
COHFACE_s07_session0_lamp,0,40,1.3333333333333333,0.7816870808601379,0.4561054663532488
COHFACE_s07_session0_lamp,0,41,1.3666666666666667,0.6902764439582825,0.5871758810470759
COHFACE_s07_session0_lamp,0,42,1.4,0.6493514180183411,0.7206356922067091
COHFACE_s07_session0_lamp,0,43,1.4333333333333333,0.6143965125083923,0.8552633389697866
COHFACE_s07_session0_lamp,0,44,1.4666666666666666,0.5578542351722717,0.9823819962739749
COHFACE_s07_session0_lamp,0,45,1.5,0.4855649769306183,1.0857403580247622
COHFACE_s07_session0_lamp,0,46,1.5333333333333334,0.4002108573913574,1.1454880702344636
COHFACE_s07_session0_lamp,0,47,1.5666666666666667,0.30698323249816895,1.1445645987903839
COHFACE_s07_session0_lamp,0,48,1.6,0.21003513038158417,1.0752574927711303
COHFACE_s07_session0_lamp,0,49,1.6333333333333333,0.13281410932540894,0.9435431194812102
COHFACE_s07_session0_lamp,0,50,1.6666666666666667,0.07761295884847641,0.7678860934717635
COHFACE_s07_session0_lamp,0,51,1.7,0.014192212373018265,0.5691231548471289
COHFACE_s07_session0_lamp,0,52,1.7333333333333334,-0.04109545052051544,0.3570668259916967
COHFACE_s07_session0_lamp,0,53,1.7666666666666666,-0.08539479970932007,0.1271297007436441
COHFACE_s07_session0_lamp,0,54,1.8,-0.12052280455827713,-0.13023817875502994
COHFACE_s07_session0_lamp,0,55,1.8333333333333333,-0.14777728915214539,-0.41577392152588033
COHFACE_s07_session0_lamp,0,56,1.8666666666666667,-0.1973544806241989,-0.7119285241951878
COHFACE_s07_session0_lamp,0,57,1.9,-0.26873525977134705,-0.9843587916221992
COHFACE_s07_session0_lamp,0,58,1.9333333333333333,-0.31943726539611816,-1.193495749117483
COHFACE_s07_session0_lamp,0,59,1.9666666666666666,-0.3357899487018585,-1.3079879015420708
COHFACE_s07_session0_lamp,0,60,2.0,-0.16919152438640594,-1.3137739585076904
COHFACE_s07_session0_lamp,0,61,2.033333333333333,0.2637653946876526,-1.2158892331159896
COHFACE_s07_session0_lamp,0,62,2.066666666666667,0.7756738066673279,-1.0332597174249682
COHFACE_s07_session0_lamp,0,63,2.1,1.065696120262146,-0.7897198083003077
COHFACE_s07_session0_lamp,0,64,2.1333333333333333,1.0786744356155396,-0.5062181529341251
COHFACE_s07_session0_lamp,0,65,2.1666666666666665,0.9690076112747192,-0.19971790678713505
COHFACE_s07_session0_lamp,0,66,2.2,0.8183292150497437,0.11245619991913669
COHFACE_s07_session0_lamp,0,67,2.2333333333333334,0.6322200298309326,0.4103720918509634
COHFACE_s07_session0_lamp,0,68,2.2666666666666666,0.5260140895843506,0.6736648010506917
COHFACE_s07_session0_lamp,0,69,2.3,0.5045133233070374,0.8845926241756097
COHFACE_s07_session0_lamp,0,70,2.3333333333333335,0.49811068177223206,1.0299685817410986
COHFACE_s07_session0_lamp,0,71,2.3666666666666667,0.4464569687843323,1.1020234146697294
COHFACE_s07_session0_lamp,0,72,2.4,0.3526669442653656,1.0989739172064248
COHFACE_s07_session0_lamp,0,73,2.433333333333333,0.25982865691185,1.0264936017369997
COHFACE_s07_session0_lamp,0,74,2.466666666666667,0.1534496396780014,0.8980226066332446
COHFACE_s07_session0_lamp,0,75,2.5,0.043653011322021484,0.7292068350121979
COHFACE_s07_session0_lamp,0,76,2.533333333333333,-0.028939086943864822,0.5291858657346754
COHFACE_s07_session0_lamp,0,77,2.566666666666667,-0.09646964073181152,0.2982608931873305
COHFACE_s07_session0_lamp,0,78,2.6,-0.1764593869447708,0.03414044984774689
COHFACE_s07_session0_lamp,0,79,2.6333333333333333,-0.24143752455711365,-0.25899130952721927
COHFACE_s07_session0_lamp,0,80,2.6666666666666665,-0.2924855947494507,-0.5639677161903668
COHFACE_s07_session0_lamp,0,81,2.7,-0.32480162382125854,-0.8504050082857487
COHFACE_s07_session0_lamp,0,82,2.7333333333333334,-0.3490278422832489,-1.0812301043473047
COHFACE_s07_session0_lamp,0,83,2.7666666666666666,-0.41201597452163696,-1.2231125786067958
COHFACE_s07_session0_lamp,0,84,2.8,-0.4548444449901581,-1.2564345477528323
COHFACE_s07_session0_lamp,0,85,2.8333333333333335,-0.491053968667984,-1.179853117824255
COHFACE_s07_session0_lamp,0,86,2.8666666666666667,-0.5348342061042786,-1.0088258291594814
COHFACE_s07_session0_lamp,0,87,2.9,-0.4752204120159149,-0.7717640063564057
COHFACE_s07_session0_lamp,0,88,2.933333333333333,-0.14691206812858582,-0.504711091117679
COHFACE_s07_session0_lamp,0,89,2.966666666666667,0.44632717967033386,-0.24256927114236884
COHFACE_s07_session0_lamp,0,90,3.0,1.0124850273132324,-0.009458709867538365
COHFACE_s07_session0_lamp,0,91,3.033333333333333,1.2317754030227661,0.18506854553211027
COHFACE_s07_session0_lamp,0,92,3.066666666666667,1.2177587747573853,0.3425087962813863
COHFACE_s07_session0_lamp,0,93,3.1,1.1613463163375854,0.4687093196560088
COHFACE_s07_session0_lamp,0,94,3.1333333333333333,1.0529773235321045,0.5681989128550596
COHFACE_s07_session0_lamp,0,95,3.1666666666666665,0.885297417640686,0.6427892356286306
COHFACE_s07_session0_lamp,0,96,3.2,0.7622628808021545,0.6935369535861516
COHFACE_s07_session0_lamp,0,97,3.2333333333333334,0.7185691595077515,0.7213802355098379
COHFACE_s07_session0_lamp,0,98,3.2666666666666666,0.6942564249038696,0.7257700161583222
COHFACE_s07_session0_lamp,0,99,3.3,0.6001635789871216,0.70481011666507
COHFACE_s07_session0_lamp,0,100,3.3333333333333335,0.48902586102485657,0.6575929185735965
COHFACE_s07_session0_lamp,0,101,3.3666666666666667,0.39644715189933777,0.5863483406626797
COHFACE_s07_session0_lamp,0,102,3.4,0.25701668858528137,0.4970685432713526
COHFACE_s07_session0_lamp,0,103,3.433333333333333,0.13324671983718872,0.398644146244579
COHFACE_s07_session0_lamp,0,104,3.466666666666667,0.05178609490394592,0.30044596268007845
COHFACE_s07_session0_lamp,0,105,3.5,-0.04135501757264137,0.20824830469218553
COHFACE_s07_session0_lamp,0,106,3.533333333333333,-0.13380394876003265,0.12075674071293764
COHFACE_s07_session0_lamp,0,107,3.566666666666667,-0.20942433178424835,0.030828881899033076
COHFACE_s07_session0_lamp,0,108,3.6,-0.2850879728794098,-0.06886861110926808
COHFACE_s07_session0_lamp,0,109,3.6333333333333333,-0.33617931604385376,-0.18034755903054775
COHFACE_s07_session0_lamp,0,110,3.6666666666666665,-0.3865784704685211,-0.2981696784060275
COHFACE_s07_session0_lamp,0,111,3.7,-0.4451107084751129,-0.41180882083929876
COHFACE_s07_session0_lamp,0,112,3.7333333333333334,-0.5015231370925903,-0.5105330330305372
COHFACE_s07_session0_lamp,0,113,3.7666666666666666,-0.5292102694511414,-0.5862925110615236
COHFACE_s07_session0_lamp,0,114,3.8,-0.569962203502655,-0.6337758307297778
COHFACE_s07_session0_lamp,0,115,3.8333333333333335,-0.6327340006828308,-0.650603813859279
COHFACE_s07_session0_lamp,0,116,3.8666666666666667,-0.5469040274620056,-0.638353400585471
COHFACE_s07_session0_lamp,0,117,3.9,-0.1445326954126358,-0.6025887168820566
COHFACE_s07_session0_lamp,0,118,3.933333333333333,0.5459574460983276,-0.5508517194285334
COHFACE_s07_session0_lamp,0,119,3.966666666666667,1.1391966342926025,-0.48868944658512176
COHFACE_s07_session0_lamp,0,120,4.0,1.3057950735092163,-0.41575402922604443
COHFACE_s07_session0_lamp,0,121,4.033333333333333,1.2722245454788208,-0.3255015769440789
COHFACE_s07_session0_lamp,0,122,4.066666666666666,1.230044960975647,-0.20929844441802134
COHFACE_s07_session0_lamp,0,123,4.1,1.1329238414764404,-0.06277296945837227
COHFACE_s07_session0_lamp,0,124,4.133333333333334,0.9857496023178101,0.10873638897798239
COHFACE_s07_session0_lamp,0,125,4.166666666666667,0.8785918951034546,0.2890596080974782
COHFACE_s07_session0_lamp,0,126,4.2,0.8281927704811096,0.45514437267047864
COHFACE_s07_session0_lamp,0,127,4.233333333333333,0.801327645778656,0.5839606441807106
COHFACE_s07_session0_lamp,0,128,4.266666666666667,0.7306390404701233,0.6593946666804709
COHFACE_s07_session0_lamp,0,129,4.3,0.5978274941444397,0.6759539024024938
COHFACE_s07_session0_lamp,0,130,4.333333333333333,0.4669627249240875,0.6386700901152698
COHFACE_s07_session0_lamp,0,131,4.366666666666666,0.3346703052520752,0.5611702670107195
COHFACE_s07_session0_lamp,0,132,4.4,0.1986142098903656,0.4625658054530194
COHFACE_s07_session0_lamp,0,133,4.433333333333334,0.07826187461614609,0.36237221039251344
COHFACE_s07_session0_lamp,0,134,4.466666666666667,-0.012499876320362091,0.27459240144242775
COHFACE_s07_session0_lamp,0,135,4.5,-0.08288566023111343,0.20389577341533813
COHFACE_s07_session0_lamp,0,136,4.533333333333333,-0.17018651962280273,0.14536338049042782
COHFACE_s07_session0_lamp,0,137,4.566666666666666,-0.243730366230011,0.08750993075995506
COHFACE_s07_session0_lamp,0,138,4.6,-0.3259696960449219,0.01746736701533094
COHFACE_s07_session0_lamp,0,139,4.633333333333334,-0.4022822380065918,-0.07339871788110279
COHFACE_s07_session0_lamp,0,140,4.666666666666667,-0.4458461403846741,-0.18515542654120692
COHFACE_s07_session0_lamp,0,141,4.7,-0.5015664100646973,-0.3076756292340731
COHFACE_s07_session0_lamp,0,142,4.733333333333333,-0.5506677627563477,-0.4225938950608388
COHFACE_s07_session0_lamp,0,143,4.766666666666667,-0.5959188342094421,-0.5089689917629951
COHFACE_s07_session0_lamp,0,144,4.8,-0.6208372116088867,-0.5506967367947613
COHFACE_s07_session0_lamp,0,145,4.833333333333333,-0.6554461121559143,-0.5419984530787282
COHFACE_s07_session0_lamp,0,146,4.866666666666666,-0.6912230253219604,-0.488876522765754
COHFACE_s07_session0_lamp,0,147,4.9,-0.6005910634994507,-0.40641485737307864
COHFACE_s07_session0_lamp,0,148,4.933333333333334,-0.23075203597545624,-0.313091960925959
COHFACE_s07_session0_lamp,0,149,4.966666666666667,0.37788814306259155,-0.22431591496692152
COHFACE_s07_session0_lamp,0,150,5.0,0.9222856163978577,-0.14774804065016733
COHFACE_s07_session0_lamp,0,151,5.033333333333333,1.1008241176605225,-0.08281659303662664
COHFACE_s07_session0_lamp,0,152,5.066666666666666,1.0566978454589844,-0.024113815698057033
COHFACE_s07_session0_lamp,0,153,5.1,0.9876963496208191,0.03421830172256962
COHFACE_s07_session0_lamp,0,154,5.133333333333334,0.8811010718345642,0.09528410395321135
COHFACE_s07_session0_lamp,0,155,5.166666666666667,0.7451314926147461,0.1583686305898066
COHFACE_s07_session0_lamp,0,156,5.2,0.6586958169937134,0.22001011946462057
COHFACE_s07_session0_lamp,0,157,5.233333333333333,0.6175112724304199,0.2763079550821921
COHFACE_s07_session0_lamp,0,158,5.266666666666667,0.6018507480621338,0.3251655012929976
COHFACE_s07_session0_lamp,0,159,5.3,0.5707027912139893,0.3670778585235301
COHFACE_s07_session0_lamp,0,160,5.333333333333333,0.4814551770687103,0.404120892111784
COHFACE_s07_session0_lamp,0,161,5.366666666666666,0.37057700753211975,0.43791587870844306
COHFACE_s07_session0_lamp,0,162,5.4,0.24183203279972076,0.46765610221868353
COHFACE_s07_session0_lamp,0,163,5.433333333333334,0.11923012137413025,0.4893399259429948
COHFACE_s07_session0_lamp,0,164,5.466666666666667,0.013500034809112549,0.49632156982759706
COHFACE_s07_session0_lamp,0,165,5.5,-0.06925841420888901,0.4802658371582581
COHFACE_s07_session0_lamp,0,166,5.533333333333333,-0.16434627771377563,0.43237218441308034
COHFACE_s07_session0_lamp,0,167,5.566666666666666,-0.2417403608560562,0.34551528366761786
COHFACE_s07_session0_lamp,0,168,5.6,-0.3054639399051666,0.21718127024584405
COHFACE_s07_session0_lamp,0,169,5.633333333333334,-0.3570311367511749,0.05224458223100879
COHFACE_s07_session0_lamp,0,170,5.666666666666667,-0.42053842544555664,-0.13564560113459723
COHFACE_s07_session0_lamp,0,171,5.7,-0.4700290858745575,-0.32531454630781187
COHFACE_s07_session0_lamp,0,172,5.733333333333333,-0.5188708305358887,-0.492703281101382
COHFACE_s07_session0_lamp,0,173,5.766666666666667,-0.5644680261611938,-0.618861429762874
COHFACE_s07_session0_lamp,0,174,5.8,-0.6122715473175049,-0.6974572017188045
COHFACE_s07_session0_lamp,0,175,5.833333333333333,-0.5697891712188721,-0.7350458531681621
COHFACE_s07_session0_lamp,0,176,5.866666666666666,-0.26613959670066833,-0.7439076319913409
COHFACE_s07_session0_lamp,0,177,5.9,0.283881813287735,-0.7338924169579918
COHFACE_s07_session0_lamp,0,178,5.933333333333334,0.7844557762145996,-0.7076085829746188
COHFACE_s07_session0_lamp,0,179,5.966666666666667,0.9591873288154602,-0.6601793596851194
COHFACE_s07_session0_lamp,0,180,6.0,0.9190410375595093,-0.5828779597987018
COHFACE_s07_session0_lamp,0,181,6.033333333333333,0.8387484550476074,-0.4682837199356353
COHFACE_s07_session0_lamp,0,182,6.066666666666666,0.6815376877784729,-0.31472196541566844
COHFACE_s07_session0_lamp,0,183,6.1,0.5415015816688538,-0.1283440480528412
COHFACE_s07_session0_lamp,0,184,6.133333333333334,0.4798545241355896,0.07787138562260236
COHFACE_s07_session0_lamp,0,185,6.166666666666667,0.4671790301799774,0.2878613544345635
COHFACE_s07_session0_lamp,0,186,6.2,0.458050936460495,0.4866658785155944
COHFACE_s07_session0_lamp,0,187,6.233333333333333,0.3976151943206787,0.66137218176397
COHFACE_s07_session0_lamp,0,188,6.266666666666667,0.3052527904510498,0.7996253909743606
COHFACE_s07_session0_lamp,0,189,6.3,0.17278733849525452,0.8907051548072819
COHFACE_s07_session0_lamp,0,190,6.333333333333333,0.05619872361421585,0.9290946076568781
COHFACE_s07_session0_lamp,0,191,6.366666666666666,-0.04918527603149414,0.9153754499615656
COHFACE_s07_session0_lamp,0,192,6.4,-0.1579003781080246,0.8535085775873301
COHFACE_s07_session0_lamp,0,193,6.433333333333334,-0.23538097739219666,0.7480593609807109
COHFACE_s07_session0_lamp,0,194,6.466666666666667,-0.3201294541358948,0.6036184919004435
COHFACE_s07_session0_lamp,0,195,6.5,-0.3729512095451355,0.42675451314330803
COHFACE_s07_session0_lamp,0,196,6.533333333333333,-0.4394434988498688,0.22841958120012137
COHFACE_s07_session0_lamp,0,197,6.566666666666666,-0.5016962289810181,0.022898928707115365
COHFACE_s07_session0_lamp,0,198,6.6,-0.5463416576385498,-0.17637336765489883
COHFACE_s07_session0_lamp,0,199,6.633333333333334,-0.6157757043838501,-0.3596407534771712
COHFACE_s07_session0_lamp,0,200,6.666666666666667,-0.6569602489471436,-0.5203275859541635
COHFACE_s07_session0_lamp,0,201,6.7,-0.6866373419761658,-0.6522998073109352
COHFACE_s07_session0_lamp,0,202,6.733333333333333,-0.6143913269042969,-0.7473553470441878
COHFACE_s07_session0_lamp,0,203,6.766666666666667,-0.2438601553440094,-0.7961395121415276
COHFACE_s07_session0_lamp,0,204,6.8,0.416130930185318,-0.7924108930195833
COHFACE_s07_session0_lamp,0,205,6.833333333333333,0.9517031311988831,-0.7372964990911961
COHFACE_s07_session0_lamp,0,206,6.866666666666666,1.0926910638809204,-0.6408888831320342
COHFACE_s07_session0_lamp,0,207,6.9,1.0645281076431274,-0.5199082646057709
COHFACE_s07_session0_lamp,0,208,6.933333333333334,1.0207479000091553,-0.3922864304499702
COHFACE_s07_session0_lamp,0,209,6.966666666666667,0.9011309742927551,-0.27149163342932037
COHFACE_s07_session0_lamp,0,210,7.0,0.7555141448974609,-0.1631766971302191
COHFACE_s07_session0_lamp,0,211,7.033333333333333,0.6660934686660767,-0.06592327451448797
COHFACE_s07_session0_lamp,0,212,7.066666666666666,0.6511684060096741,0.02512529026868876
COHFACE_s07_session0_lamp,0,213,7.1,0.659214973449707,0.11557219239959315
COHFACE_s07_session0_lamp,0,214,7.133333333333334,0.5977409482002258,0.21054823951777046
COHFACE_s07_session0_lamp,0,215,7.166666666666667,0.48599758744239807,0.31216443877841815
COHFACE_s07_session0_lamp,0,216,7.2,0.36551547050476074,0.41629351509286966
COHFACE_s07_session0_lamp,0,217,7.233333333333333,0.24780206382274628,0.5127098017272758
COHFACE_s07_session0_lamp,0,218,7.266666666666667,0.13151627779006958,0.5889882868753319
COHFACE_s07_session0_lamp,0,219,7.3,0.005756301339715719,0.6347950944692949
COHFACE_s07_session0_lamp,0,220,7.333333333333333,-0.11424994468688965,0.6446589557893401
COHFACE_s07_session0_lamp,0,221,7.366666666666666,-0.1973544806241989,0.6191861848956636
COHFACE_s07_session0_lamp,0,222,7.4,-0.27976685762405396,0.5648366856268804
COHFACE_s07_session0_lamp,0,223,7.433333333333334,-0.3904719650745392,0.4924312256090316
COHFACE_s07_session0_lamp,0,224,7.466666666666667,-0.43736696243286133,0.4140905824074213
COHFACE_s07_session0_lamp,0,225,7.5,-0.4968942403793335,0.33801500826327197
COHFACE_s07_session0_lamp,0,226,7.533333333333333,-0.5796093940734863,0.2632403343366817
COHFACE_s07_session0_lamp,0,227,7.566666666666666,-0.6354162096977234,0.17879769504853654
COHFACE_s07_session0_lamp,0,228,7.6,-0.670284628868103,0.0687413556565585
COHFACE_s07_session0_lamp,0,229,7.633333333333334,-0.724317729473114,-0.07889461188619086
COHFACE_s07_session0_lamp,0,230,7.666666666666667,-0.7677085995674133,-0.2631879944463881
COHFACE_s07_session0_lamp,0,231,7.7,-0.7928000092506409,-0.4666287598251457
COHFACE_s07_session0_lamp,0,232,7.733333333333333,-0.780340850353241,-0.6589380355560389
COHFACE_s07_session0_lamp,0,233,7.766666666666667,-0.512035608291626,-0.8072975167011638
COHFACE_s07_session0_lamp,0,234,7.8,0.14112022519111633,-0.8883502399265439
COHFACE_s07_session0_lamp,0,235,7.833333333333333,0.8930844068527222,-0.8948251673687833
COHFACE_s07_session0_lamp,0,236,7.866666666666666,1.2419849634170532,-0.8347243439997483
COHFACE_s07_session0_lamp,0,237,7.9,1.2723110914230347,-0.7264473131827968
COHFACE_s07_session0_lamp,0,238,7.933333333333334,1.2855921983718872,-0.5923125406897741
COHFACE_s07_session0_lamp,0,239,7.966666666666667,1.2432829141616821,-0.45145864553710374
COHFACE_s07_session0_lamp,0,240,8.0,1.0961952209472656,-0.31419287033717014
COHFACE_s07_session0_lamp,0,241,8.033333333333333,0.9715167284011841,-0.1806159635958016
COHFACE_s07_session0_lamp,0,242,8.066666666666666,0.9098696708679199,-0.04442290159797175
COHFACE_s07_session0_lamp,0,243,8.1,0.8937333226203918,0.09939069778840842
COHFACE_s07_session0_lamp,0,244,8.133333333333333,0.8379265069961548,0.2476485307697179
COHFACE_s07_session0_lamp,0,245,8.166666666666666,0.7464293241500854,0.38996755428360214
COHFACE_s07_session0_lamp,0,246,8.2,0.6206693649291992,0.5166465911478766
COHFACE_s07_session0_lamp,0,247,8.233333333333333,0.4537680745124817,0.6248244572344607
COHFACE_s07_session0_lamp,0,248,8.266666666666667,0.3234657049179077,0.7182395567403335
COHFACE_s07_session0_lamp,0,249,8.3,0.22470064461231232,0.8011319325080752
COHFACE_s07_session0_lamp,0,250,8.333333333333334,0.09080759435892105,0.8704352510846671
COHFACE_s07_session0_lamp,0,251,8.366666666666667,-0.0446428619325161,0.9129556430582358
COHFACE_s07_session0_lamp,0,252,8.4,-0.14777728915214539,0.909132307430333
COHFACE_s07_session0_lamp,0,253,8.433333333333334,-0.22759398818016052,0.8395029682712389
COHFACE_s07_session0_lamp,0,254,8.466666666666667,-0.3232874870300293,0.6912913797869589
COHFACE_s07_session0_lamp,0,255,8.5,-0.40020570158958435,0.46436072783335447
COHFACE_s07_session0_lamp,0,256,8.533333333333333,-0.4725382328033447,0.17490058730544839
COHFACE_s07_session0_lamp,0,257,8.566666666666666,-0.5493266582489014,-0.14543067928342032
COHFACE_s07_session0_lamp,0,258,8.6,-0.6125311255455017,-0.45582126757474867
COHFACE_s07_session0_lamp,0,259,8.633333333333333,-0.6735292077064514,-0.7172919327794651
COHFACE_s07_session0_lamp,0,260,8.666666666666666,-0.7164442539215088,-0.9038771470118554
COHFACE_s07_session0_lamp,0,261,8.7,-0.7681412100791931,-1.0067773931312152
COHFACE_s07_session0_lamp,0,262,8.733333333333333,-0.8007168173789978,-1.030745522743413
COHFACE_s07_session0_lamp,0,263,8.766666666666667,-0.8191460371017456,-0.9885054738317505
COHFACE_s07_session0_lamp,0,264,8.8,-0.8556151390075684,-0.896215725483071
COHFACE_s07_session0_lamp,0,265,8.833333333333334,-0.8806200623512268,-0.7694993282984045
COHFACE_s07_session0_lamp,0,266,8.866666666666667,-0.8698480129241943,-0.6206522627606216
COHFACE_s07_session0_lamp,0,267,8.9,-0.6409536600112915,-0.45872691085452644
COHFACE_s07_session0_lamp,0,268,8.933333333333334,-0.022796014323830605,-0.29136124579530387
COHFACE_s07_session0_lamp,0,269,8.966666666666667,0.7398103475570679,-0.12475478209761859
COHFACE_s07_session0_lamp,0,270,9.0,1.1163115501403809,0.038039244720248805
COHFACE_s07_session0_lamp,0,271,9.033333333333333,1.165585994720459,0.19663333813161538
COHFACE_s07_session0_lamp,0,272,9.066666666666666,1.1571500301361084,0.3503554055849138
COHFACE_s07_session0_lamp,0,273,9.1,1.1317558288574219,0.4962612729347217
COHFACE_s07_session0_lamp,0,274,9.133333333333333,1.0143018960952759,0.6292322041618982
COHFACE_s07_session0_lamp,0,275,9.166666666666666,0.9028181433677673,0.7427010439829171
COHFACE_s07_session0_lamp,0,276,9.2,0.8490878343582153,0.8292668569373812
COHFACE_s07_session0_lamp,0,277,9.233333333333333,0.8439397811889648,0.881386801674954
COHFACE_s07_session0_lamp,0,278,9.266666666666667,0.8121861815452576,0.8925885364082119
COHFACE_s07_session0_lamp,0,279,9.3,0.7426655888557434,0.8597205670891511
COHFACE_s07_session0_lamp,0,280,9.333333333333334,0.6350319981575012,0.7852761039406818
COHFACE_s07_session0_lamp,0,281,9.366666666666667,0.5149825215339661,0.6775492351619353
COHFACE_s07_session0_lamp,0,282,9.4,0.36888983845710754,0.5479924334939832
COHFACE_s07_session0_lamp,0,283,9.433333333333334,0.24235115945339203,0.4069554055479926
COHFACE_s07_session0_lamp,0,284,9.466666666666667,0.1433265507221222,0.25982474608834627
COHFACE_s07_session0_lamp,0,285,9.5,0.035866014659404755,0.1059715880002474
COHFACE_s07_session0_lamp,0,286,9.533333333333333,-0.06726840883493423,-0.058962951410141656
COHFACE_s07_session0_lamp,0,287,9.566666666666666,-0.14063920080661774,-0.2389146621656871
COHFACE_s07_session0_lamp,0,288,9.6,-0.22863225638866425,-0.4332565955671732
COHFACE_s07_session0_lamp,0,289,9.633333333333333,-0.3084489405155182,-0.6345575868370554
COHFACE_s07_session0_lamp,0,290,9.666666666666666,-0.3664620518684387,-0.8288653569818757
COHFACE_s07_session0_lamp,0,291,9.7,-0.43446847796440125,-0.9977966364814765
COHFACE_s07_session0_lamp,0,292,9.733333333333333,-0.5358291864395142,-1.1217946504008791
COHFACE_s07_session0_lamp,0,293,9.766666666666667,-0.5913764238357544,-1.18410651904241
COHFACE_s07_session0_lamp,0,294,9.8,-0.6257690191268921,-1.1743357079397316
COHFACE_s07_session0_lamp,0,295,9.833333333333334,-0.6794559955596924,-1.089914419589415
COHFACE_s07_session0_lamp,0,296,9.866666666666667,-0.7234957814216614,-0.9356250836273726
COHFACE_s07_session0_lamp,0,297,9.9,-0.7547735571861267,-0.7229730555669445
COHFACE_s07_session0_lamp,0,298,9.933333333333334,-0.7976452708244324,-0.46950488217430214
COHFACE_s07_session0_lamp,0,299,9.966666666666667,-0.8445402979850769,-0.196457346662549
COHFACE_s07_session0_lamp,1,0,10.0,-0.852500319480896,-0.06114702739310954
COHFACE_s07_session0_lamp,1,1,10.033333333333333,-0.6759951114654541,0.5199761442440873
COHFACE_s07_session0_lamp,1,2,10.066666666666666,-0.15084882080554962,1.023324132267891
COHFACE_s07_session0_lamp,1,3,10.1,0.5011389851570129,1.3874729720605348
COHFACE_s07_session0_lamp,1,4,10.133333333333333,0.8050913214683533,1.5872395917397586
COHFACE_s07_session0_lamp,1,5,10.166666666666666,0.8162959814071655,1.6382983522677048
COHFACE_s07_session0_lamp,1,6,10.2,0.7692711353302002,1.582067786735461
COHFACE_s07_session0_lamp,1,7,10.233333333333333,0.6911848783493042,1.4653514326400865
COHFACE_s07_session0_lamp,1,8,10.266666666666667,0.5540905594825745,1.3249923892508777
COHFACE_s07_session0_lamp,1,9,10.3,0.4522106945514679,1.1812149387388187
COHFACE_s07_session0_lamp,1,10,10.333333333333334,0.43170493841171265,1.0395894069966727
COHFACE_s07_session0_lamp,1,11,10.366666666666667,0.46168485283851624,0.8981612625185164
COHFACE_s07_session0_lamp,1,12,10.4,0.46103593707084656,0.7551376137592312
COHFACE_s07_session0_lamp,1,13,10.433333333333334,0.3858049213886261,0.6125084947871369
COHFACE_s07_session0_lamp,1,14,10.466666666666667,0.2618619203567505,0.47450698242232986
COHFACE_s07_session0_lamp,1,15,10.5,0.14488394558429718,0.3435051221325575
COHFACE_s07_session0_lamp,1,16,10.533333333333333,0.05338675528764725,0.2167651349702705
COHFACE_s07_session0_lamp,1,17,10.566666666666666,-0.03698565065860748,0.08736937253815151
COHFACE_s07_session0_lamp,1,18,10.6,-0.15569406747817993,-0.05069984419338895
COHFACE_s07_session0_lamp,1,19,10.633333333333333,-0.26337090134620667,-0.1967452081074407
COHFACE_s07_session0_lamp,1,20,10.666666666666666,-0.34288477897644043,-0.340717586306614
COHFACE_s07_session0_lamp,1,21,10.7,-0.4164286255836487,-0.4671687629279582
COHFACE_s07_session0_lamp,1,22,10.733333333333333,-0.5016096830368042,-0.5636634954727467
COHFACE_s07_session0_lamp,1,23,10.766666666666667,-0.5626943111419678,-0.6264817675317312
COHFACE_s07_session0_lamp,1,24,10.8,-0.6175926327705383,-0.6603848193000956
COHFACE_s07_session0_lamp,1,25,10.833333333333334,-0.6753461956977844,-0.6739379255818619
COHFACE_s07_session0_lamp,1,26,10.866666666666667,-0.7398484945297241,-0.6735173003757623
COHFACE_s07_session0_lamp,1,27,10.9,-0.7987700700759888,-0.6599670780080453
COHFACE_s07_session0_lamp,1,28,10.933333333333334,-0.8257217407226562,-0.629412966618634
COHFACE_s07_session0_lamp,1,29,10.966666666666667,-0.876553475856781,-0.5769531283355634
COHFACE_s07_session0_lamp,1,30,11.0,-0.9290724396705627,-0.5011426880891582
COHFACE_s07_session0_lamp,1,31,11.033333333333333,-0.8990924954414368,-0.40688026637972124
COHFACE_s07_session0_lamp,1,32,11.066666666666666,-0.6190635561943054,-0.3055249569195289
COHFACE_s07_session0_lamp,1,33,11.1,-0.018123816698789597,-0.21252313161143474
COHFACE_s07_session0_lamp,1,34,11.133333333333333,0.5642136335372925,-0.14310586112882373
COHFACE_s07_session0_lamp,1,35,11.166666666666666,0.7650315761566162,-0.1068293798856082
COHFACE_s07_session0_lamp,1,36,11.2,0.7668052911758423,-0.10271671512234014
COHFACE_s07_session0_lamp,1,37,11.233333333333333,0.749414324760437,-0.11744370157937889
COHFACE_s07_session0_lamp,1,38,11.266666666666667,0.6816674470901489,-0.12778891676674786
COHFACE_s07_session0_lamp,1,39,11.3,0.555128812789917,-0.10704166162640054
COHFACE_s07_session0_lamp,1,40,11.333333333333334,0.4412223696708679,-0.033967255719233924
COHFACE_s07_session0_lamp,1,41,11.366666666666667,0.37836402654647827,0.09802171273169166
COHFACE_s07_session0_lamp,1,42,11.4,0.3818681538105011,0.27551893415501344
COHFACE_s07_session0_lamp,1,43,11.433333333333334,0.3697117865085602,0.46844374660374055
COHFACE_s07_session0_lamp,1,44,11.466666666666667,0.29101988673210144,0.6405956522669083
COHFACE_s07_session0_lamp,1,45,11.5,0.15980902314186096,0.7600529999768361
COHFACE_s07_session0_lamp,1,46,11.533333333333333,0.05035847797989845,0.8057385818877884
COHFACE_s07_session0_lamp,1,47,11.566666666666666,-0.062336646020412445,0.770888160240468
COHFACE_s07_session0_lamp,1,48,11.6,-0.15945777297019958,0.6638344178130102
COHFACE_s07_session0_lamp,1,49,11.633333333333333,-0.2461097240447998,0.5058899242893115
COHFACE_s07_session0_lamp,1,50,11.666666666666666,-0.35045546293258667,0.32606064604693963
COHFACE_s07_session0_lamp,1,51,11.7,-0.4174668788909912,0.15246996000837937
COHFACE_s07_session0_lamp,1,52,11.733333333333333,-0.47033193707466125,0.0033423238153928014
COHFACE_s07_session0_lamp,1,53,11.766666666666667,-0.5340122580528259,-0.11714780708861228
COHFACE_s07_session0_lamp,1,54,11.8,-0.6092865467071533,-0.2163589277873984
COHFACE_s07_session0_lamp,1,55,11.833333333333334,-0.6805375218391418,-0.30609408056067433
COHFACE_s07_session0_lamp,1,56,11.866666666666667,-0.7503176331520081,-0.3942469885144152
COHFACE_s07_session0_lamp,1,57,11.9,-0.7966935634613037,-0.4789768300477235
COHFACE_s07_session0_lamp,1,58,11.933333333333334,-0.8604171276092529,-0.547948226223598
COHFACE_s07_session0_lamp,1,59,11.966666666666667,-0.8994818925857544,-0.583380501523833
COHFACE_s07_session0_lamp,1,60,12.0,-0.9206365346908569,-0.5708014867389574
COHFACE_s07_session0_lamp,1,61,12.033333333333333,-0.9551156163215637,-0.5069889764269164
COHFACE_s07_session0_lamp,1,62,12.066666666666666,-0.942223846912384,-0.40341773277006426
COHFACE_s07_session0_lamp,1,63,12.1,-0.7843641042709351,-0.2831711114594187
COHFACE_s07_session0_lamp,1,64,12.133333333333333,-0.27120116353034973,-0.1722208879977004
COHFACE_s07_session0_lamp,1,65,12.166666666666666,0.4224037826061249,-0.08877828887692954
COHFACE_s07_session0_lamp,1,66,12.2,0.8091146349906921,-0.03582024644865854
COHFACE_s07_session0_lamp,1,67,12.233333333333333,0.8511211276054382,-0.0021466286494596556
COHFACE_s07_session0_lamp,1,68,12.266666666666667,0.8008084893226624,0.028859065391939442
COHFACE_s07_session0_lamp,1,69,12.3,0.721251368522644,0.0695613894446907
COHFACE_s07_session0_lamp,1,70,12.333333333333334,0.6207558512687683,0.1227345655341433
COHFACE_s07_session0_lamp,1,71,12.366666666666667,0.5193086266517639,0.18299398693635074
COHFACE_s07_session0_lamp,1,72,12.4,0.4673953354358673,0.24284374836179448
COHFACE_s07_session0_lamp,1,73,12.433333333333334,0.45575809478759766,0.2972300357324366
COHFACE_s07_session0_lamp,1,74,12.466666666666667,0.4370260536670685,0.34404243580463717
COHFACE_s07_session0_lamp,1,75,12.5,0.3927699625492096,0.3821678130729069
COHFACE_s07_session0_lamp,1,76,12.533333333333333,0.32497984170913696,0.409367454783593
COHFACE_s07_session0_lamp,1,77,12.566666666666666,0.238847017288208,0.4222618965442426
COHFACE_s07_session0_lamp,1,78,12.6,0.12528666853904724,0.41826290488547135
COHFACE_s07_session0_lamp,1,79,12.633333333333333,0.022887689992785454,0.3969058272633667
COHFACE_s07_session0_lamp,1,80,12.666666666666666,-0.05563117563724518,0.3594875646585352
COHFACE_s07_session0_lamp,1,81,12.7,-0.13986051082611084,0.30766472497695857
COHFACE_s07_session0_lamp,1,82,12.733333333333333,-0.2105923742055893,0.2420200955794469
COHFACE_s07_session0_lamp,1,83,12.766666666666667,-0.2744457423686981,0.16169875124445476
COHFACE_s07_session0_lamp,1,84,12.8,-0.3497200310230255,0.06555698395415588
COHFACE_s07_session0_lamp,1,85,12.833333333333334,-0.3904719650745392,-0.04551849924131668
COHFACE_s07_session0_lamp,1,86,12.866666666666667,-0.4220525622367859,-0.16633857888654266
COHFACE_s07_session0_lamp,1,87,12.9,-0.48962637782096863,-0.28699827619465135
COHFACE_s07_session0_lamp,1,88,12.933333333333334,-0.5516194701194763,-0.39464246751225507
COHFACE_s07_session0_lamp,1,89,12.966666666666667,-0.6076425909996033,-0.47616301807857553
COHFACE_s07_session0_lamp,1,90,13.0,-0.6474428176879883,-0.5208767266821496
COHFACE_s07_session0_lamp,1,91,13.033333333333333,-0.6695924997329712,-0.5227154924316932
COHFACE_s07_session0_lamp,1,92,13.066666666666666,-0.7061048150062561,-0.4816756755228913
COHFACE_s07_session0_lamp,1,93,13.1,-0.7194725275039673,-0.4044644787826233
COHFACE_s07_session0_lamp,1,94,13.133333333333333,-0.605998694896698,-0.30413688330055194
COHFACE_s07_session0_lamp,1,95,13.166666666666666,-0.17092196643352509,-0.19840376705624346
COHFACE_s07_session0_lamp,1,96,13.2,0.5535714030265808,-0.10657597119630483
COHFACE_s07_session0_lamp,1,97,13.233333333333333,1.0043951272964478,-0.04548046174638106
COHFACE_s07_session0_lamp,1,98,13.266666666666667,1.0979688167572021,-0.024735118877256664
COHFACE_s07_session0_lamp,1,99,13.3,1.043243646621704,-0.04189330462118439
COHFACE_s07_session0_lamp,1,100,13.333333333333334,0.9430509209632874,-0.0803399169072237
COHFACE_s07_session0_lamp,1,101,13.366666666666667,0.8269382119178772,-0.11448423074276792
COHFACE_s07_session0_lamp,1,102,13.4,0.7086623907089233,-0.12059063367371656
COHFACE_s07_session0_lamp,1,103,13.433333333333334,0.6677806377410889,-0.08567365457771134
COHFACE_s07_session0_lamp,1,104,13.466666666666667,0.7263994216918945,-0.01068433627037006
COHFACE_s07_session0_lamp,1,105,13.5,0.7451314926147461,0.0911831590773653
COHFACE_s07_session0_lamp,1,106,13.533333333333333,0.6873779296875,0.19970436388367596
COHFACE_s07_session0_lamp,1,107,13.566666666666666,0.5839406847953796,0.2948260705399681
COHFACE_s07_session0_lamp,1,108,13.6,0.47518232464790344,0.36338132325220907
COHFACE_s07_session0_lamp,1,109,13.633333333333333,0.35517606139183044,0.40234865902538774
COHFACE_s07_session0_lamp,1,110,13.666666666666666,0.24005833268165588,0.41749839523722276
COHFACE_s07_session0_lamp,1,111,13.7,0.1307375729084015,0.4183040578052787
COHFACE_s07_session0_lamp,1,112,13.733333333333333,0.03539014235138893,0.41168448212578684
COHFACE_s07_session0_lamp,1,113,13.766666666666667,-0.04979093000292778,0.3982478712928805
COHFACE_s07_session0_lamp,1,114,13.8,-0.1362265795469284,0.37268108871406347
COHFACE_s07_session0_lamp,1,115,13.833333333333334,-0.20163732767105103,0.3275504121901053
COHFACE_s07_session0_lamp,1,116,13.866666666666667,-0.2813675105571747,0.25804956198416257
COHFACE_s07_session0_lamp,1,117,13.9,-0.3520561158657074,0.16412241901286506
COHFACE_s07_session0_lamp,1,118,13.933333333333334,-0.4172505736351013,0.049479024075956
COHFACE_s07_session0_lamp,1,119,13.966666666666667,-0.474874347448349,-0.07983586650225286
COHFACE_s07_session0_lamp,1,120,14.0,-0.5643815398216248,-0.21572892915950023
COHFACE_s07_session0_lamp,1,121,14.033333333333333,-0.6287972927093506,-0.3471320747372299
COHFACE_s07_session0_lamp,1,122,14.066666666666666,-0.6784177422523499,-0.45945295115575735
COHFACE_s07_session0_lamp,1,123,14.1,-0.7390697598457336,-0.5371754030803836
COHFACE_s07_session0_lamp,1,124,14.133333333333333,-0.6967604160308838,-0.568945531222386
COHFACE_s07_session0_lamp,1,125,14.166666666666666,-0.3647316098213196,-0.5511382800984742
COHFACE_s07_session0_lamp,1,126,14.2,0.33981838822364807,-0.4881201723397717
COHFACE_s07_session0_lamp,1,127,14.233333333333333,0.9387248158454895,-0.390059093340543
COHFACE_s07_session0_lamp,1,128,14.266666666666667,1.109519600868225,-0.2695338395818946
COHFACE_s07_session0_lamp,1,129,14.3,1.0649174451828003,-0.13829455328695478
COHFACE_s07_session0_lamp,1,130,14.333333333333334,0.977443516254425,-0.005274205413858762
COHFACE_s07_session0_lamp,1,131,14.366666666666667,0.8424689173698425,0.12350334356268615
COHFACE_s07_session0_lamp,1,132,14.4,0.6743996143341064,0.2436180195612797
COHFACE_s07_session0_lamp,1,133,14.433333333333334,0.5889157056808472,0.35103412064597517
COHFACE_s07_session0_lamp,1,134,14.466666666666667,0.6119306087493896,0.44149773760178634
COHFACE_s07_session0_lamp,1,135,14.5,0.6445494890213013,0.5100262799336361
COHFACE_s07_session0_lamp,1,136,14.533333333333333,0.6030188202857971,0.5507068294824665
COHFACE_s07_session0_lamp,1,137,14.566666666666666,0.49495261907577515,0.557723011055583
COHFACE_s07_session0_lamp,1,138,14.6,0.3577284812927246,0.5270480380862048
COHFACE_s07_session0_lamp,1,139,14.633333333333333,0.22651760280132294,0.45689923301249136
COHFACE_s07_session0_lamp,1,140,14.666666666666666,0.08453473448753357,0.3473111034975733
COHFACE_s07_session0_lamp,1,141,14.7,-0.041225235909223557,0.20130619877029848
COHFACE_s07_session0_lamp,1,142,14.733333333333333,-0.10481902956962585,0.027643792160022274
COHFACE_s07_session0_lamp,1,143,14.766666666666667,-0.18558746576309204,-0.15743274798558143
COHFACE_s07_session0_lamp,1,144,14.8,-0.27976685762405396,-0.33148532149046644
COHFACE_s07_session0_lamp,1,145,14.833333333333334,-0.3649479150772095,-0.4711252688292407
COHFACE_s07_session0_lamp,1,146,14.866666666666667,-0.43412238359451294,-0.5595800504728142
COHFACE_s07_session0_lamp,1,147,14.9,-0.49066463112831116,-0.5926824490115624
COHFACE_s07_session0_lamp,1,148,14.933333333333334,-0.5404581427574158,-0.5797773993165672
COHFACE_s07_session0_lamp,1,149,14.966666666666667,-0.6131367683410645,-0.5372998772046221
COHFACE_s07_session0_lamp,1,150,15.0,-0.6643146276473999,-0.47880381236004566
COHFACE_s07_session0_lamp,1,151,15.033333333333333,-0.7167903184890747,-0.41032647276994233
COHFACE_s07_session0_lamp,1,152,15.066666666666666,-0.7616520524024963,-0.33292269588271983
COHFACE_s07_session0_lamp,1,153,15.1,-0.6662613749504089,-0.24677898688479527
COHFACE_s07_session0_lamp,1,154,15.133333333333333,-0.16624976694583893,-0.15367367069137386
COHFACE_s07_session0_lamp,1,155,15.166666666666666,0.6782931089401245,-0.05775823402749551
COHFACE_s07_session0_lamp,1,156,15.2,1.2669899463653564,0.03491259228287552
COHFACE_s07_session0_lamp,1,157,15.233333333333333,1.381934642791748,0.11741387931053221
COHFACE_s07_session0_lamp,1,158,15.266666666666667,1.3043242692947388,0.18330568594129232
COHFACE_s07_session0_lamp,1,159,15.3,1.2157255411148071,0.22854579596579716
COHFACE_s07_session0_lamp,1,160,15.333333333333334,1.0901386737823486,0.2532218056419212
COHFACE_s07_session0_lamp,1,161,15.366666666666667,0.9360426664352417,0.2615377243211529
COHFACE_s07_session0_lamp,1,162,15.4,0.8409115076065063,0.25993123144951624
COHFACE_s07_session0_lamp,1,163,15.433333333333334,0.8132244348526001,0.25467925970702815
COHFACE_s07_session0_lamp,1,164,15.466666666666667,0.807557225227356,0.2498011536659355
COHFACE_s07_session0_lamp,1,165,15.5,0.739291250705719,0.2453737016146937
COHFACE_s07_session0_lamp,1,166,15.533333333333333,0.627158522605896,0.23751205240492304
COHFACE_s07_session0_lamp,1,167,15.566666666666666,0.47842690348625183,0.22207640899362183
COHFACE_s07_session0_lamp,1,168,15.6,0.30880019068717957,0.20005620905124485
COHFACE_s07_session0_lamp,1,169,15.633333333333333,0.17291712760925293,0.1789581354335863
COHFACE_s07_session0_lamp,1,170,15.666666666666666,0.05944330617785454,0.16901865480783995
COHFACE_s07_session0_lamp,1,171,15.7,-0.051088761538267136,0.17787203538503457
COHFACE_s07_session0_lamp,1,172,15.733333333333333,-0.11342798173427582,0.2066950325566622
COHFACE_s07_session0_lamp,1,173,15.766666666666667,-0.18459247052669525,0.2495105766815052
COHFACE_s07_session0_lamp,1,174,15.8,-0.2626354694366455,0.2954394419212939
COHFACE_s07_session0_lamp,1,175,15.833333333333334,-0.33985650539398193,0.3319057031520878
COHFACE_s07_session0_lamp,1,176,15.866666666666667,-0.4062190055847168,0.34714725191145823
COHFACE_s07_session0_lamp,1,177,15.9,-0.4750906527042389,0.33111878550043206
COHFACE_s07_session0_lamp,1,178,15.933333333333334,-0.5269606709480286,0.2757973907563837
COHFACE_s07_session0_lamp,1,179,15.966666666666667,-0.5962216854095459,0.1774514738891581
COHFACE_s07_session0_lamp,1,180,16.0,-0.6656124591827393,0.04088550509516847
COHFACE_s07_session0_lamp,1,181,16.033333333333335,-0.7160548567771912,-0.11699623336893383
COHFACE_s07_session0_lamp,1,182,16.066666666666666,-0.7352195382118225,-0.267771106525379
COHFACE_s07_session0_lamp,1,183,16.1,-0.7661944627761841,-0.3795395748589971
COHFACE_s07_session0_lamp,1,184,16.133333333333333,-0.6438088417053223,-0.4297198090142204
COHFACE_s07_session0_lamp,1,185,16.166666666666668,-0.0895911231637001,-0.4143621106719888
COHFACE_s07_session0_lamp,1,186,16.2,0.8171612024307251,-0.3497878682332281
COHFACE_s07_session0_lamp,1,187,16.233333333333334,1.4437979459762573,-0.2673091509886826
COHFACE_s07_session0_lamp,1,188,16.266666666666666,1.5535513162612915,-0.20396353206345452
COHFACE_s07_session0_lamp,1,189,16.3,1.459977626800537,-0.19366046830895514
COHFACE_s07_session0_lamp,1,190,16.333333333333332,1.3579246997833252,-0.25991059005234063
COHFACE_s07_session0_lamp,1,191,16.366666666666667,1.2232962846755981,-0.40813609302587106
COHFACE_s07_session0_lamp,1,192,16.4,1.074131965637207,-0.619002226555223
COHFACE_s07_session0_lamp,1,193,16.433333333333334,1.001799464225769,-0.8475698449785829
COHFACE_s07_session0_lamp,1,194,16.466666666666665,0.9981222748756409,-1.0314135862918015
COHFACE_s07_session0_lamp,1,195,16.5,1.0176763534545898,-1.1082146177653664
COHFACE_s07_session0_lamp,1,196,16.533333333333335,0.9784384965896606,-1.036905334659906
COHFACE_s07_session0_lamp,1,197,16.566666666666666,0.8462758660316467,-0.811101163863689
COHFACE_s07_session0_lamp,1,198,16.6,0.6528555750846863,-0.45998633085075397
COHFACE_s07_session0_lamp,1,199,16.633333333333333,0.4721972942352295,-0.03917921303056693
COHFACE_s07_session0_lamp,1,200,16.666666666666668,0.34215447306632996,0.38452020462839065
COHFACE_s07_session0_lamp,1,201,16.7,0.23741939663887024,0.750055573654206
COHFACE_s07_session0_lamp,1,202,16.733333333333334,0.1531035453081131,1.0161312507702056
COHFACE_s07_session0_lamp,1,203,16.766666666666666,0.14168262481689453,1.1682792631548113
COHFACE_s07_session0_lamp,1,204,16.8,0.1642216444015503,1.217019513438191
COHFACE_s07_session0_lamp,1,205,16.833333333333332,0.1241186261177063,1.1875598050572143
COHFACE_s07_session0_lamp,1,206,16.866666666666667,0.02388269454240799,1.1057951104648378
COHFACE_s07_session0_lamp,1,207,16.9,-0.09547463059425354,0.9886473264225748
COHFACE_s07_session0_lamp,1,208,16.933333333333334,-0.24649907648563385,0.8425101072650824
COHFACE_s07_session0_lamp,1,209,16.966666666666665,-0.40189290046691895,0.6685290083394643
COHFACE_s07_session0_lamp,1,210,17.0,-0.5565945506095886,0.47038951950760344
COHFACE_s07_session0_lamp,1,211,17.033333333333335,-0.716487467288971,0.2583725183847651
COHFACE_s07_session0_lamp,1,212,17.066666666666666,-0.8567831516265869,0.047589093629449575
COHFACE_s07_session0_lamp,1,213,17.1,-0.9817644357681274,-0.14707458383425212
COHFACE_s07_session0_lamp,1,214,17.133333333333333,-1.0027893781661987,-0.31582649895555764
COHFACE_s07_session0_lamp,1,215,17.166666666666668,-0.7283410429954529,-0.4551332127007375
COHFACE_s07_session0_lamp,1,216,17.2,0.03742341324687004,-0.564595081067482
COHFACE_s07_session0_lamp,1,217,17.233333333333334,0.9534335732460022,-0.6420242400687028
COHFACE_s07_session0_lamp,1,218,17.266666666666666,1.3792091608047485,-0.6805754013681522
COHFACE_s07_session0_lamp,1,219,17.3,1.3686102628707886,-0.6721191060894082
COHFACE_s07_session0_lamp,1,220,17.333333333333332,1.207592487335205,-0.6148635913720452
COHFACE_s07_session0_lamp,1,221,17.366666666666667,1.0137395858764648,-0.5175350474995929
COHFACE_s07_session0_lamp,1,222,17.4,0.7927619218826294,-0.39714518190432535
COHFACE_s07_session0_lamp,1,223,17.433333333333334,0.6061336398124695,-0.27285740331311253
COHFACE_s07_session0_lamp,1,224,17.466666666666665,0.5284367203712463,-0.1591894599748215
COHFACE_s07_session0_lamp,1,225,17.5,0.5407228469848633,-0.061750446967310704
COHFACE_s07_session0_lamp,1,226,17.533333333333335,0.5373485088348389,0.022986411091965607
COHFACE_s07_session0_lamp,1,227,17.566666666666666,0.4540276527404785,0.1043521823959959
COHFACE_s07_session0_lamp,1,228,17.6,0.30283015966415405,0.19191550234305924
COHFACE_s07_session0_lamp,1,229,17.633333333333333,0.12070100009441376,0.2895882658093382
COHFACE_s07_session0_lamp,1,230,17.666666666666668,-0.04438329488039017,0.3917659610407521
COHFACE_s07_session0_lamp,1,231,17.7,-0.17918482422828674,0.48384447952593695
COHFACE_s07_session0_lamp,1,232,17.733333333333334,-0.29940739274024963,0.5464846572275928
COHFACE_s07_session0_lamp,1,233,17.766666666666666,-0.3981291651725769,0.5602158675082137
COHFACE_s07_session0_lamp,1,234,17.8,-0.49468791484832764,0.5090319967740266
COHFACE_s07_session0_lamp,1,235,17.833333333333332,-0.5745478868484497,0.3839164978725626
COHFACE_s07_session0_lamp,1,236,17.866666666666667,-0.6378821134567261,0.1870474097369874
COHFACE_s07_session0_lamp,1,237,17.9,-0.6990965604782104,-0.06318271382890181
COHFACE_s07_session0_lamp,1,238,17.933333333333334,-0.7533891797065735,-0.32975954623986214
COHFACE_s07_session0_lamp,1,239,17.966666666666665,-0.8336817622184753,-0.5633779641652679
COHFACE_s07_session0_lamp,1,240,18.0,-0.8966266512870789,-0.7174594516060783
COHFACE_s07_session0_lamp,1,241,18.033333333333335,-0.9428294897079468,-0.7653377649623916
COHFACE_s07_session0_lamp,1,242,18.066666666666666,-0.9795581102371216,-0.7111168186748243
COHFACE_s07_session0_lamp,1,243,18.1,-1.0470454692840576,-0.5856782197585444
COHFACE_s07_session0_lamp,1,244,18.133333333333333,-0.9750589728355408,-0.4298033113149699
COHFACE_s07_session0_lamp,1,245,18.166666666666668,-0.528042197227478,-0.2764220875508885
COHFACE_s07_session0_lamp,1,246,18.2,0.2905007600784302,-0.14071126474334314
COHFACE_s07_session0_lamp,1,247,18.233333333333334,1.0261121988296509,-0.021487379397937177
COHFACE_s07_session0_lamp,1,248,18.266666666666666,1.2267138957977295,0.08884921114203095
COHFACE_s07_session0_lamp,1,249,18.3,1.1028140783309937,0.19393226620635895
COHFACE_s07_session0_lamp,1,250,18.333333333333332,0.9419693946838379,0.2883294085894759
COHFACE_s07_session0_lamp,1,251,18.366666666666667,0.7730781435966492,0.3597065237981626
COHFACE_s07_session0_lamp,1,252,18.4,0.5627859830856323,0.3963094741387563
COHFACE_s07_session0_lamp,1,253,18.433333333333334,0.46138203144073486,0.39442470380438127
COHFACE_s07_session0_lamp,1,254,18.466666666666665,0.44104933738708496,0.361764161077273
COHFACE_s07_session0_lamp,1,255,18.5,0.4673953354358673,0.3149576020248194
COHFACE_s07_session0_lamp,1,256,18.533333333333335,0.44014084339141846,0.2724071110074679
COHFACE_s07_session0_lamp,1,257,18.566666666666666,0.3142510950565338,0.24653701892817628
COHFACE_s07_session0_lamp,1,258,18.6,0.15150289237499237,0.23919577406735712
COHFACE_s07_session0_lamp,1,259,18.633333333333333,-0.008173767477273941,0.24283825829178646
COHFACE_s07_session0_lamp,1,260,18.666666666666668,-0.15859255194664001,0.24605014924253865
COHFACE_s07_session0_lamp,1,261,18.7,-0.28547731041908264,0.2383237344032481
COHFACE_s07_session0_lamp,1,262,18.733333333333334,-0.3901258707046509,0.21218119347080694
COHFACE_s07_session0_lamp,1,263,18.766666666666666,-0.4832669794559479,0.164314498988453
COHFACE_s07_session0_lamp,1,264,18.8,-0.5582817196846008,0.09626616879660058
COHFACE_s07_session0_lamp,1,265,18.833333333333332,-0.6178089380264282,0.013801308039373211
COHFACE_s07_session0_lamp,1,266,18.866666666666667,-0.6762546896934509,-0.0748719862952154
COHFACE_s07_session0_lamp,1,267,18.9,-0.7468567490577698,-0.16088719695848755
COHFACE_s07_session0_lamp,1,268,18.933333333333334,-0.8195353746414185,-0.23598785567047434
COHFACE_s07_session0_lamp,1,269,18.966666666666665,-0.8740443587303162,-0.29346932392885844
COHFACE_s07_session0_lamp,1,270,19.0,-0.9258278608322144,-0.32911008997600927
COHFACE_s07_session0_lamp,1,271,19.033333333333335,-0.9818509817123413,-0.34238655125720036
COHFACE_s07_session0_lamp,1,272,19.066666666666666,-1.0242035388946533,-0.33727336055853246
COHFACE_s07_session0_lamp,1,273,19.1,-1.0698872804641724,-0.3211106979051504
COHFACE_s07_session0_lamp,1,274,19.133333333333333,-1.032336711883545,-0.30176030795621045
COHFACE_s07_session0_lamp,1,275,19.166666666666668,-0.6971930265426636,-0.28499542676494705
COHFACE_s07_session0_lamp,1,276,19.2,0.051440004259347916,-0.2728032457766804
COHFACE_s07_session0_lamp,1,277,19.233333333333334,0.8432475924491882,-0.2619207079184909
COHFACE_s07_session0_lamp,1,278,19.266666666666666,1.125266671180725,-0.24331590456634658
COHFACE_s07_session0_lamp,1,279,19.3,1.0355863571166992,-0.20456081342087504
COHFACE_s07_session0_lamp,1,280,19.333333333333332,0.8770777583122253,-0.13509583667283126
COHFACE_s07_session0_lamp,1,281,19.366666666666667,0.7263994216918945,-0.0323202279546885
COHFACE_s07_session0_lamp,1,282,19.4,0.535012423992157,0.09443519971881344
COHFACE_s07_session0_lamp,1,283,19.433333333333334,0.4025469720363617,0.2252134430442573
COHFACE_s07_session0_lamp,1,284,19.466666666666665,0.35898303985595703,0.3360229303720694
COHFACE_s07_session0_lamp,1,285,19.5,0.3901742994785309,0.40750684754019934
COHFACE_s07_session0_lamp,1,286,19.533333333333335,0.37732574343681335,0.4314945597181168
COHFACE_s07_session0_lamp,1,287,19.566666666666666,0.2866072654724121,0.41120670178058916
COHFACE_s07_session0_lamp,1,288,19.6,0.13722673058509827,0.35612206109272243
COHFACE_s07_session0_lamp,1,289,19.633333333333333,-0.0017278662417083979,0.27741151342847825
COHFACE_s07_session0_lamp,1,290,19.666666666666668,-0.11533147096633911,0.18635740285126334
COHFACE_s07_session0_lamp,1,291,19.7,-0.2342129349708557,0.09412133287430627
COHFACE_s07_session0_lamp,1,292,19.733333333333334,-0.34954696893692017,0.011249127749672985
COHFACE_s07_session0_lamp,1,293,19.766666666666666,-0.4246482253074646,-0.0541333773481887
COHFACE_s07_session0_lamp,1,294,19.8,-0.4875498414039612,-0.09853218538325018
COHFACE_s07_session0_lamp,1,295,19.833333333333332,-0.5524846911430359,-0.1230729240521922
COHFACE_s07_session0_lamp,1,296,19.866666666666667,-0.612185001373291,-0.13122894935384063
COHFACE_s07_session0_lamp,1,297,19.9,-0.6471832394599915,-0.12686787746089612
COHFACE_s07_session0_lamp,1,298,19.933333333333334,-0.6775957942008972,-0.11364928274993598
COHFACE_s07_session0_lamp,1,299,19.966666666666665,-0.7286871075630188,-0.09501809825069774
COHFACE_s07_session0_lamp,2,0,20.0,-0.7791727781295776,0.004974543154031175
COHFACE_s07_session0_lamp,2,1,20.033333333333335,-0.8100612163543701,1.589426164604741
COHFACE_s07_session0_lamp,2,2,20.066666666666666,-0.8313456773757935,2.9926574328265625
COHFACE_s07_session0_lamp,2,3,20.1,-0.8604171276092529,4.059912337098
COHFACE_s07_session0_lamp,2,4,20.133333333333333,-0.9076149463653564,4.703547570550603
COHFACE_s07_session0_lamp,2,5,20.166666666666668,-0.8704536557197571,4.917708165937526
COHFACE_s07_session0_lamp,2,6,20.2,-0.5475096702575684,4.759698057920552
COHFACE_s07_session0_lamp,2,7,20.233333333333334,0.12792560458183289,4.319954724933134
COHFACE_s07_session0_lamp,2,8,20.266666666666666,0.8565287590026855,3.695832726381997
COHFACE_s07_session0_lamp,2,9,20.3,1.159529447555542,2.974190032707162
COHFACE_s07_session0_lamp,2,10,20.333333333333332,1.065696120262146,2.2237250716915287
COHFACE_s07_session0_lamp,2,11,20.366666666666667,0.879716694355011,1.4944863751746005
COHFACE_s07_session0_lamp,2,12,20.4,0.6784228682518005,0.8210499522354211
COHFACE_s07_session0_lamp,2,13,20.433333333333334,0.49720221757888794,0.22603072386282708
COHFACE_s07_session0_lamp,2,14,20.466666666666665,0.3867999315261841,-0.2775128865327302
COHFACE_s07_session0_lamp,2,15,20.5,0.39406779408454895,-0.6840939790360042
COHFACE_s07_session0_lamp,2,16,20.533333333333335,0.42621076107025146,-0.9943381966817423
COHFACE_s07_session0_lamp,2,17,20.566666666666666,0.3929862678050995,-1.2150349544519656
COHFACE_s07_session0_lamp,2,18,20.6,0.32813790440559387,-1.360019327874002
COHFACE_s07_session0_lamp,2,19,20.633333333333333,0.210857093334198,-1.4497485949683475
COHFACE_s07_session0_lamp,2,20,20.666666666666668,0.06982596218585968,-1.5081968984524985
COHFACE_s07_session0_lamp,2,21,20.7,-0.06886906921863556,-1.556902148569671
COHFACE_s07_session0_lamp,2,22,20.733333333333334,-0.16482214629650116,-1.6080333146320651
COHFACE_s07_session0_lamp,2,23,20.766666666666666,-0.22590680420398712,-1.6600436392436213
COHFACE_s07_session0_lamp,2,24,20.8,-0.29819607734680176,-1.698049367130582
COHFACE_s07_session0_lamp,2,25,20.833333333333332,-0.37424907088279724,-1.699151359515741
COHFACE_s07_session0_lamp,2,26,20.866666666666667,-0.40708422660827637,-1.640344445924369
COHFACE_s07_session0_lamp,2,27,20.9,-0.4273304045200348,-1.5045994805378675
COHFACE_s07_session0_lamp,2,28,20.933333333333334,-0.4828343689441681,-1.2834970380458472
COHFACE_s07_session0_lamp,2,29,20.966666666666665,-0.5242785215377808,-0.9778243001126135
COHFACE_s07_session0_lamp,2,30,21.0,-0.5987740755081177,-0.5983352793740233
COHFACE_s07_session0_lamp,2,31,21.033333333333335,-0.6627572178840637,-0.1689058298251541
COHFACE_s07_session0_lamp,2,32,21.066666666666666,-0.6137856841087341,0.2719324513272114
COHFACE_s07_session0_lamp,2,33,21.1,-0.3145487606525421,0.6801778865944494
COHFACE_s07_session0_lamp,2,34,21.133333333333333,0.31944242119789124,1.0227580580272462
COHFACE_s07_session0_lamp,2,35,21.166666666666668,1.0005881786346436,1.285740688781803
COHFACE_s07_session0_lamp,2,36,21.2,1.2909998893737793,1.4693398177788042
COHFACE_s07_session0_lamp,2,37,21.233333333333334,1.228227972984314,1.5763546766540704
COHFACE_s07_session0_lamp,2,38,21.266666666666666,1.0427244901657104,1.602365361103783
COHFACE_s07_session0_lamp,2,39,21.3,0.807557225227356,1.5355483362890263
COHFACE_s07_session0_lamp,2,40,21.333333333333332,0.5658143162727356,1.3659533064714409
COHFACE_s07_session0_lamp,2,41,21.366666666666667,0.44667327404022217,1.0961312687421572
COHFACE_s07_session0_lamp,2,42,21.4,0.44325563311576843,0.7471277879656776
COHFACE_s07_session0_lamp,2,43,21.433333333333334,0.4627663791179657,0.3574022960840361
COHFACE_s07_session0_lamp,2,44,21.466666666666665,0.440054327249527,-0.025112257081396895
COHFACE_s07_session0_lamp,2,45,21.5,0.3382609784603119,-0.35498458402996097
COHFACE_s07_session0_lamp,2,46,21.533333333333335,0.1978355050086975,-0.6006582470608185
COHFACE_s07_session0_lamp,2,47,21.566666666666666,0.04763302952051163,-0.7497223834494947
COHFACE_s07_session0_lamp,2,48,21.6,-0.10326162725687027,-0.8074224393236725
COHFACE_s07_session0_lamp,2,49,21.633333333333333,-0.20617975294589996,-0.7925603199417388
COHFACE_s07_session0_lamp,2,50,21.666666666666668,-0.302651971578598,-0.7321311072418606
COHFACE_s07_session0_lamp,2,51,21.7,-0.3956632912158966,-0.6530101477466241
COHFACE_s07_session0_lamp,2,52,21.733333333333334,-0.4565748870372772,-0.5735394765912158
COHFACE_s07_session0_lamp,2,53,21.766666666666666,-0.5114732384681702,-0.5018671694574043
COHFACE_s07_session0_lamp,2,54,21.8,-0.5778789520263672,-0.44036887408193137
COHFACE_s07_session0_lamp,2,55,21.833333333333332,-0.6312198638916016,-0.38824573788720995
COHFACE_s07_session0_lamp,2,56,21.866666666666667,-0.6791099309921265,-0.3408122242709353
COHFACE_s07_session0_lamp,2,57,21.9,-0.7224575281143188,-0.2907539678811575
COHFACE_s07_session0_lamp,2,58,21.933333333333334,-0.6483080387115479,-0.23170614162244466
COHFACE_s07_session0_lamp,2,59,21.966666666666665,-0.20570386946201324,-0.1593919668489244
COHFACE_s07_session0_lamp,2,60,22.0,0.6880268454551697,-0.0702029074301017
COHFACE_s07_session0_lamp,2,61,22.033333333333335,1.5179474353790283,0.038267155260635066
COHFACE_s07_session0_lamp,2,62,22.066666666666666,1.7913142442703247,0.1641897893416587
COHFACE_s07_session0_lamp,2,63,22.1,1.7156506776809692,0.29960136150877426
COHFACE_s07_session0_lamp,2,64,22.133333333333333,1.568043828010559,0.43111293904412923
COHFACE_s07_session0_lamp,2,65,22.166666666666668,1.3866933584213257,0.5421699786672469
COHFACE_s07_session0_lamp,2,66,22.2,1.1505743265151978,0.6163819328567115
COHFACE_s07_session0_lamp,2,67,22.233333333333334,0.9870474338531494,0.642074536411464
COHFACE_s07_session0_lamp,2,68,22.266666666666666,0.9565483927726746,0.6163412016268672
COHFACE_s07_session0_lamp,2,69,22.3,0.9726415276527405,0.5453384616817585
COHFACE_s07_session0_lamp,2,70,22.333333333333332,0.93764328956604,0.44123228564017897
COHFACE_s07_session0_lamp,2,71,22.366666666666667,0.8035339117050171,0.3197135612925171
COHFACE_s07_session0_lamp,2,72,22.4,0.6106760501861572,0.1986368424544141
COHFACE_s07_session0_lamp,2,73,22.433333333333334,0.3988265097141266,0.09490851683212166
COHFACE_s07_session0_lamp,2,74,22.466666666666665,0.22565238177776337,0.019521016646367836
COHFACE_s07_session0_lamp,2,75,22.5,0.07090749591588974,-0.026413359014236963
COHFACE_s07_session0_lamp,2,76,22.533333333333335,-0.07107537984848022,-0.052394064552607325
COHFACE_s07_session0_lamp,2,77,22.566666666666666,-0.18091528117656708,-0.07495470083394389
COHFACE_s07_session0_lamp,2,78,22.6,-0.27794986963272095,-0.11062370136796315
COHFACE_s07_session0_lamp,2,79,22.633333333333333,-0.39008259773254395,-0.1680955551380874
COHFACE_s07_session0_lamp,2,80,22.666666666666668,-0.49235180020332336,-0.24364364712909126
COHFACE_s07_session0_lamp,2,81,22.7,-0.5771002769470215,-0.32422569906736187
COHFACE_s07_session0_lamp,2,82,22.733333333333334,-0.6484377980232239,-0.3963873914579075
COHFACE_s07_session0_lamp,2,83,22.766666666666666,-0.7118152976036072,-0.4531876166228951
COHFACE_s07_session0_lamp,2,84,22.8,-0.7911128401756287,-0.49505230522209254
COHFACE_s07_session0_lamp,2,85,22.833333333333332,-0.8475252985954285,-0.5251495057715936
COHFACE_s07_session0_lamp,2,86,22.866666666666667,-0.8898779153823853,-0.5429388183363705
COHFACE_s07_session0_lamp,2,87,22.9,-0.8148632049560547,-0.5416413142874084
COHFACE_s07_session0_lamp,2,88,22.933333333333334,-0.3334971070289612,-0.5111783423802412
COHFACE_s07_session0_lamp,2,89,22.966666666666665,0.7325857877731323,-0.44355524263206547
COHFACE_s07_session0_lamp,2,90,23.0,1.8015670776367188,-0.33770109775976087
COHFACE_s07_session0_lamp,2,91,23.033333333333335,2.252434253692627,-0.20152647621386496
COHFACE_s07_session0_lamp,2,92,23.066666666666666,2.1955459117889404,-0.04981955792722424
COHFACE_s07_session0_lamp,2,93,23.1,2.059316635131836,0.10218958339680474
COHFACE_s07_session0_lamp,2,94,23.133333333333333,1.9728378057479858,0.24560765492560593
COHFACE_s07_session0_lamp,2,95,23.166666666666668,1.7775572538375854,0.37784832812363384
COHFACE_s07_session0_lamp,2,96,23.2,1.5530321598052979,0.49647088670103035
COHFACE_s07_session0_lamp,2,97,23.233333333333334,1.440077543258667,0.5951776278736804
COHFACE_s07_session0_lamp,2,98,23.266666666666666,1.403694987297058,0.6650644479167154
COHFACE_s07_session0_lamp,2,99,23.3,1.3257817029953003,0.6982112118275655
COHFACE_s07_session0_lamp,2,100,23.333333333333332,1.1775259971618652,0.6911077483758337
COHFACE_s07_session0_lamp,2,101,23.366666666666667,0.961609959602356,0.6464715841322943
COHFACE_s07_session0_lamp,2,102,23.4,0.7230682969093323,0.572582608457133
COHFACE_s07_session0_lamp,2,103,23.433333333333334,0.4975050389766693,0.48002366423540016
COHFACE_s07_session0_lamp,2,104,23.466666666666665,0.312996506690979,0.3775072722960803
COHFACE_s07_session0_lamp,2,105,23.5,0.1442350298166275,0.269867708347634
COHFACE_s07_session0_lamp,2,106,23.533333333333335,0.00324715836904943,0.1590438040623968
COHFACE_s07_session0_lamp,2,107,23.566666666666666,-0.12805022299289703,0.04644846570866487
COHFACE_s07_session0_lamp,2,108,23.6,-0.24602320790290833,-0.06502379149400941
COHFACE_s07_session0_lamp,2,109,23.633333333333333,-0.35391634702682495,-0.170791993170746
COHFACE_s07_session0_lamp,2,110,23.666666666666668,-0.4512537717819214,-0.26634986838316543
COHFACE_s07_session0_lamp,2,111,23.7,-0.5546478033065796,-0.3498370585244913
COHFACE_s07_session0_lamp,2,112,23.733333333333334,-0.6678187847137451,-0.4232099115181099
COHFACE_s07_session0_lamp,2,113,23.766666666666666,-0.7715588212013245,-0.4893488984765443
COHFACE_s07_session0_lamp,2,114,23.8,-0.8426368236541748,-0.5467016570056165
COHFACE_s07_session0_lamp,2,115,23.833333333333332,-0.9130658507347107,-0.5869443604579218
COHFACE_s07_session0_lamp,2,116,23.866666666666667,-0.9774383306503296,-0.5979819007151067
COHFACE_s07_session0_lamp,2,117,23.9,-1.0448391437530518,-0.5707975678371219
COHFACE_s07_session0_lamp,2,118,23.933333333333334,-1.0833414793014526,-0.5058243751005287
COHFACE_s07_session0_lamp,2,119,23.966666666666665,-1.1212382316589355,-0.4127569261029468
COHFACE_s07_session0_lamp,2,120,24.0,-1.1776074171066284,-0.3045626767307213
COHFACE_s07_session0_lamp,2,121,24.033333333333335,-1.2124757766723633,-0.1930453169926036
COHFACE_s07_session0_lamp,2,122,24.066666666666666,-1.2608850002288818,-0.08851982592048174
COHFACE_s07_session0_lamp,2,123,24.1,-1.2109616994857788,-0.0007368980964961875
COHFACE_s07_session0_lamp,2,124,24.133333333333333,-0.7909398078918457,0.061918460698874134
COHFACE_s07_session0_lamp,2,125,24.166666666666668,0.23854419589042664,0.09710553699797825
COHFACE_s07_session0_lamp,2,126,24.2,1.4259743690490723,0.11373210296837913
COHFACE_s07_session0_lamp,2,127,24.233333333333334,1.9775099754333496,0.12970264670091153
COHFACE_s07_session0_lamp,2,128,24.266666666666666,1.9415600299835205,0.16201788019815602
COHFACE_s07_session0_lamp,2,129,24.3,1.7779465913772583,0.21699985201642258
COHFACE_s07_session0_lamp,2,130,24.333333333333332,1.6776241064071655,0.2864587998161215
COHFACE_s07_session0_lamp,2,131,24.366666666666667,1.5006862878799438,0.35223029410191936
COHFACE_s07_session0_lamp,2,132,24.4,1.2873659133911133,0.39633027447820995
COHFACE_s07_session0_lamp,2,133,24.433333333333334,1.1649370193481445,0.40947378312205757
COHFACE_s07_session0_lamp,2,134,24.466666666666665,1.1393697261810303,0.3934876895675935
COHFACE_s07_session0_lamp,2,135,24.5,1.1091735363006592,0.3569779716378599
COHFACE_s07_session0_lamp,2,136,24.533333333333335,1.009932518005371,0.3079980251511868
COHFACE_s07_session0_lamp,2,137,24.566666666666666,0.8133541941642761,0.2508327088577189
COHFACE_s07_session0_lamp,2,138,24.6,0.5840704441070557,0.18809909998558025
COHFACE_s07_session0_lamp,2,139,24.633333333333333,0.39982151985168457,0.12321922767917629
COHFACE_s07_session0_lamp,2,140,24.666666666666668,0.23010827600955963,0.06070755658526336
COHFACE_s07_session0_lamp,2,141,24.7,0.0722053274512291,0.0048206298269143025
COHFACE_s07_session0_lamp,2,142,24.733333333333334,-0.05247311666607857,-0.042211850704767906
COHFACE_s07_session0_lamp,2,143,24.766666666666666,-0.17901179194450378,-0.08082373934724081
COHFACE_s07_session0_lamp,2,144,24.8,-0.2809349000453949,-0.11322735106494805
COHFACE_s07_session0_lamp,2,145,24.833333333333332,-0.3528348207473755,-0.1418747494067776
COHFACE_s07_session0_lamp,2,146,24.866666666666667,-0.44359657168388367,-0.16809687165834036
COHFACE_s07_session0_lamp,2,147,24.9,-0.5308974385261536,-0.191518109958548
COHFACE_s07_session0_lamp,2,148,24.933333333333334,-0.6258987784385681,-0.2102719249526661
COHFACE_s07_session0_lamp,2,149,24.966666666666665,-0.716271162033081,-0.22149299517852947
COHFACE_s07_session0_lamp,2,150,25.0,-0.7752792835235596,-0.22186106561837862
COHFACE_s07_session0_lamp,2,151,25.033333333333335,-0.8401276469230652,-0.20832135261754306
COHFACE_s07_session0_lamp,2,152,25.066666666666666,-0.8949826955795288,-0.17919179204808067
COHFACE_s07_session0_lamp,2,153,25.1,-0.9179111123085022,-0.135845367601639
COHFACE_s07_session0_lamp,2,154,25.133333333333333,-0.9398877024650574,-0.08423350642712091
COHFACE_s07_session0_lamp,2,155,25.166666666666668,-0.9857444763183594,-0.03474735230195586
COHFACE_s07_session0_lamp,2,156,25.2,-1.0412051677703857,0.00040910881499769177
COHFACE_s07_session0_lamp,2,157,25.233333333333334,-1.0117011070251465,0.01220561155822424
COHFACE_s07_session0_lamp,2,158,25.266666666666666,-0.7244475483894348,-0.0003723090774840846
COHFACE_s07_session0_lamp,2,159,25.3,0.04572954401373863,-0.02992827707854706
COHFACE_s07_session0_lamp,2,160,25.333333333333332,0.981553316116333,-0.0648152513677287
COHFACE_s07_session0_lamp,2,161,25.366666666666667,1.4762437343597412,-0.09374986281777241
COHFACE_s07_session0_lamp,2,162,25.4,1.4547863006591797,-0.10823016429025725
COHFACE_s07_session0_lamp,2,163,25.433333333333334,1.2227771282196045,-0.10220535545702081
COHFACE_s07_session0_lamp,2,164,25.466666666666665,0.9561590552330017,-0.0706175960274239
COHFACE_s07_session0_lamp,2,165,25.5,0.6834844350814819,-0.010095116843791798
COHFACE_s07_session0_lamp,2,166,25.533333333333335,0.5196114778518677,0.07785005014867238
COHFACE_s07_session0_lamp,2,167,25.566666666666666,0.5067196488380432,0.1838419804017278
COHFACE_s07_session0_lamp,2,168,25.6,0.5762834548950195,0.2902728626986802
COHFACE_s07_session0_lamp,2,169,25.633333333333333,0.6003798842430115,0.3749795600364149
COHFACE_s07_session0_lamp,2,170,25.666666666666668,0.5039509534835815,0.41819724821341236
COHFACE_s07_session0_lamp,2,171,25.7,0.32891660928726196,0.4098982979170024
COHFACE_s07_session0_lamp,2,172,25.733333333333334,0.13419845700263977,0.35373623844169083
COHFACE_s07_session0_lamp,2,173,25.766666666666666,-0.02608385682106018,0.26381164143318464
COHFACE_s07_session0_lamp,2,174,25.8,-0.17438285052776337,0.15619921870063957
COHFACE_s07_session0_lamp,2,175,25.833333333333332,-0.29897478222846985,0.04242494580215065
COHFACE_s07_session0_lamp,2,176,25.866666666666667,-0.4010276794433594,-0.07187051430183942
COHFACE_s07_session0_lamp,2,177,25.9,-0.4643186330795288,-0.18453924620618986
COHFACE_s07_session0_lamp,2,178,25.933333333333334,-0.5295996069908142,-0.2927530660318637
COHFACE_s07_session0_lamp,2,179,25.966666666666665,-0.5629971623420715,-0.38897911712617056
COHFACE_s07_session0_lamp,2,180,26.0,-0.5974762439727783,-0.4598243307792159
COHFACE_s07_session0_lamp,2,181,26.033333333333335,-0.6538454294204712,-0.49057833437625126
COHFACE_s07_session0_lamp,2,182,26.066666666666666,-0.716141402721405,-0.4734704482409215
COHFACE_s07_session0_lamp,2,183,26.1,-0.7953957319259644,-0.4132703475689522
COHFACE_s07_session0_lamp,2,184,26.133333333333333,-0.8727465271949768,-0.3265606358563119
COHFACE_s07_session0_lamp,2,185,26.166666666666668,-0.8453622460365295,-0.2346361339440246
COHFACE_s07_session0_lamp,2,186,26.2,-0.4682121276855469,-0.15360297509546506
COHFACE_s07_session0_lamp,2,187,26.233333333333334,0.3227735161781311,-0.08804564709167256
COHFACE_s07_session0_lamp,2,188,26.266666666666666,1.0624947547912598,-0.031106374306033115
COHFACE_s07_session0_lamp,2,189,26.3,1.328117847442627,0.03032170152353833
COHFACE_s07_session0_lamp,2,190,26.333333333333332,1.230304479598999,0.10819381098290694
COHFACE_s07_session0_lamp,2,191,26.366666666666667,1.0047844648361206,0.20752451966982058
COHFACE_s07_session0_lamp,2,192,26.4,0.7220300436019897,0.32428494288154813
COHFACE_s07_session0_lamp,2,193,26.433333333333334,0.45926225185394287,0.44692803140599474
COHFACE_s07_session0_lamp,2,194,26.466666666666665,0.34038078784942627,0.5601975421297619
COHFACE_s07_session0_lamp,2,195,26.5,0.35902631282806396,0.6489598034942364
COHFACE_s07_session0_lamp,2,196,26.533333333333335,0.4250427186489105,0.7007039179314962
COHFACE_s07_session0_lamp,2,197,26.566666666666666,0.4097282886505127,0.7065220417570248
COHFACE_s07_session0_lamp,2,198,26.6,0.2866072654724121,0.6613419582349458
COHFACE_s07_session0_lamp,2,199,26.633333333333333,0.10309373587369919,0.5648480567661245
COHFACE_s07_session0_lamp,2,200,26.666666666666668,-0.05152137205004692,0.422853082690611
COHFACE_s07_session0_lamp,2,201,26.7,-0.1947588175535202,0.2472460666891416
COHFACE_s07_session0_lamp,2,202,26.733333333333334,-0.33570343255996704,0.053952567649169135
COHFACE_s07_session0_lamp,2,203,26.766666666666666,-0.44515398144721985,-0.14015998364087875
COHFACE_s07_session0_lamp,2,204,26.8,-0.528042197227478,-0.3205043668799683
COHFACE_s07_session0_lamp,2,205,26.833333333333332,-0.5959621071815491,-0.47735855954967066
COHFACE_s07_session0_lamp,2,206,26.866666666666667,-0.6499086618423462,-0.6068180767939725
COHFACE_s07_session0_lamp,2,207,26.9,-0.702211320400238,-0.7090964097591295
COHFACE_s07_session0_lamp,2,208,26.933333333333334,-0.7740247249603271,-0.7848065201209187
COHFACE_s07_session0_lamp,2,209,26.966666666666665,-0.8483472466468811,-0.8313967401725914
COHFACE_s07_session0_lamp,2,210,27.0,-0.8784570097923279,-0.8415250181879382
COHFACE_s07_session0_lamp,2,211,27.033333333333335,-0.6893627643585205,-0.8043672638805571
COHFACE_s07_session0_lamp,2,212,27.066666666666666,-0.007438329514116049,-0.7105906703005571
COHFACE_s07_session0_lamp,2,213,27.1,0.9279960989952087,-0.5611460815720077
COHFACE_s07_session0_lamp,2,214,27.133333333333333,1.4489892721176147,-0.37425605671564416
COHFACE_s07_session0_lamp,2,215,27.166666666666668,1.4693219661712646,-0.18060423138971862
COHFACE_s07_session0_lamp,2,216,27.2,1.3294156789779663,-0.008545378151179362
COHFACE_s07_session0_lamp,2,217,27.233333333333334,1.177958607673645,0.12739491580065926
COHFACE_s07_session0_lamp,2,218,27.266666666666666,0.9708245396614075,0.22862663640389386
COHFACE_s07_session0_lamp,2,219,27.3,0.7572013139724731,0.3077080237477213
COHFACE_s07_session0_lamp,2,220,27.333333333333332,0.6428189873695374,0.37986600807285925
COHFACE_s07_session0_lamp,2,221,27.366666666666667,0.6402233242988586,0.453916834289884
COHFACE_s07_session0_lamp,2,222,27.4,0.6545427441596985,0.5268355523285291
COHFACE_s07_session0_lamp,2,223,27.433333333333334,0.5799606442451477,0.5864415211438864
COHFACE_s07_session0_lamp,2,224,27.466666666666665,0.4252590239048004,0.6203206900758677
COHFACE_s07_session0_lamp,2,225,27.5,0.23313654959201813,0.6232398948540268
COHFACE_s07_session0_lamp,2,226,27.533333333333335,0.03707732632756233,0.5988467915323542
COHFACE_s07_session0_lamp,2,227,27.566666666666666,-0.11896540224552155,0.5559975611094705
COHFACE_s07_session0_lamp,2,228,27.6,-0.24225948750972748,0.5022841447526484
COHFACE_s07_session0_lamp,2,229,27.633333333333333,-0.3530943989753723,0.4389004243814726
COHFACE_s07_session0_lamp,2,230,27.666666666666668,-0.4423852562904358,0.36001731518210645
COHFACE_s07_session0_lamp,2,231,27.7,-0.5314165949821472,0.2580828160735484
COHFACE_s07_session0_lamp,2,232,27.733333333333334,-0.6092000007629395,0.13167586442899298
COHFACE_s07_session0_lamp,2,233,27.766666666666666,-0.6602048277854919,-0.01140054920074904
COHFACE_s07_session0_lamp,2,234,27.8,-0.7180448770523071,-0.157039476990494
COHFACE_s07_session0_lamp,2,235,27.833333333333332,-0.784580409526825,-0.28870541697745533
COHFACE_s07_session0_lamp,2,236,27.866666666666667,-0.852673351764679,-0.390609591895177
COHFACE_s07_session0_lamp,2,237,27.9,-0.9355615973472595,-0.4522876718729516
COHFACE_s07_session0_lamp,2,238,27.933333333333334,-0.978563129901886,-0.47305667398534723
COHFACE_s07_session0_lamp,2,239,27.966666666666665,-0.7419250011444092,-0.46147494864801236
COHFACE_s07_session0_lamp,2,240,28.0,0.08713039755821228,-0.4302339198698552
COHFACE_s07_session0_lamp,2,241,28.033333333333335,1.151958703994751,-0.39210041762707293
COHFACE_s07_session0_lamp,2,242,28.066666666666666,1.7293643951416016,-0.3581245926359143
COHFACE_s07_session0_lamp,2,243,28.1,1.7727552652359009,-0.3347265116057291
COHFACE_s07_session0_lamp,2,244,28.133333333333333,1.64076566696167,-0.32057118713091753
COHFACE_s07_session0_lamp,2,245,28.166666666666668,1.5521669387817383,-0.3082805856948987
COHFACE_s07_session0_lamp,2,246,28.2,1.4329826831817627,-0.2903390354657556
COHFACE_s07_session0_lamp,2,247,28.233333333333334,1.1893362998962402,-0.2629766090526585
COHFACE_s07_session0_lamp,2,248,28.266666666666666,0.9908544421195984,-0.22597737442395147
COHFACE_s07_session0_lamp,2,249,28.3,0.9352639317512512,-0.18100416001613323
COHFACE_s07_session0_lamp,2,250,28.333333333333332,0.9041159749031067,-0.1300425996059208
COHFACE_s07_session0_lamp,2,251,28.366666666666667,0.8108883500099182,-0.07413609936698476
COHFACE_s07_session0_lamp,2,252,28.4,0.627418041229248,-0.012696517898040638
COHFACE_s07_session0_lamp,2,253,28.433333333333334,0.4235285818576813,0.05623497006034693
COHFACE_s07_session0_lamp,2,254,28.466666666666665,0.2487105429172516,0.13505710054923006
COHFACE_s07_session0_lamp,2,255,28.5,0.06571616232395172,0.22585937252362956
COHFACE_s07_session0_lamp,2,256,28.533333333333335,-0.09577745944261551,0.32949547621889663
COHFACE_s07_session0_lamp,2,257,28.566666666666666,-0.22720463573932648,0.4430677112663758
COHFACE_s07_session0_lamp,2,258,28.6,-0.33985650539398193,0.5573594577826134
COHFACE_s07_session0_lamp,2,259,28.633333333333333,-0.4354202151298523,0.6583237846075484
COHFACE_s07_session0_lamp,2,260,28.666666666666668,-0.5319356918334961,0.7325339392677986
COHFACE_s07_session0_lamp,2,261,28.7,-0.619928777217865,0.7722576464119938
COHFACE_s07_session0_lamp,2,262,28.733333333333334,-0.6936888694763184,0.776480673841828
COHFACE_s07_session0_lamp,2,263,28.766666666666666,-0.7815954089164734,0.7458384184504878
COHFACE_s07_session0_lamp,2,264,28.8,-0.8628829717636108,0.6754584478695501
COHFACE_s07_session0_lamp,2,265,28.833333333333332,-0.9448627233505249,0.5547055037978423
COHFACE_s07_session0_lamp,2,266,28.866666666666667,-1.0290920734405518,0.37469833420026005
COHFACE_s07_session0_lamp,2,267,28.9,-1.0990885496139526,0.13607808786012185
COHFACE_s07_session0_lamp,2,268,28.933333333333334,-1.1557172536849976,-0.14693453421614147
COHFACE_s07_session0_lamp,2,269,28.966666666666665,-1.220176339149475,-0.4456920057428773
COHFACE_s07_session0_lamp,2,270,29.0,-1.2684556245803833,-0.7204205193748052
COHFACE_s07_session0_lamp,2,271,29.033333333333335,-1.2923357486724854,-0.9297987395842068
COHFACE_s07_session0_lamp,2,272,29.066666666666666,-1.3519062995910645,-1.044268671595661
COHFACE_s07_session0_lamp,2,273,29.1,-1.3818862438201904,-1.0562237229502525
COHFACE_s07_session0_lamp,2,274,29.133333333333333,-1.4044252634048462,-0.9818298601700753
COHFACE_s07_session0_lamp,2,275,29.166666666666668,-1.360601782798767,-0.8520748979472985
COHFACE_s07_session0_lamp,2,276,29.2,-0.9127197861671448,-0.697373536278734
COHFACE_s07_session0_lamp,2,277,29.233333333333334,0.1447974294424057,-0.5358170868771351
COHFACE_s07_session0_lamp,2,278,29.266666666666666,1.1964311599731445,-0.37131152126609906
COHFACE_s07_session0_lamp,2,279,29.3,1.5861269235610962,-0.20252225034837648
COHFACE_s07_session0_lamp,2,280,29.333333333333332,1.5186396837234497,-0.035536242888474054
COHFACE_s07_session0_lamp,2,281,29.366666666666667,1.408021092414856,0.1129847893283322
COHFACE_s07_session0_lamp,2,282,29.4,1.3047568798065186,0.2244266975680824
COHFACE_s07_session0_lamp,2,283,29.433333333333334,1.1624711751937866,0.2893523653527143
COHFACE_s07_session0_lamp,2,284,29.466666666666665,0.963556706905365,0.31342333486755286
COHFACE_s07_session0_lamp,2,285,29.5,0.8522026538848877,0.31394096574618563
COHFACE_s07_session0_lamp,2,286,29.533333333333335,0.857480525970459,0.3096960732848062
COHFACE_s07_session0_lamp,2,287,29.566666666666666,0.8531111478805542,0.3129556344561076
COHFACE_s07_session0_lamp,2,288,29.6,0.7544758915901184,0.32745843435661703
COHFACE_s07_session0_lamp,2,289,29.633333333333333,0.5759806632995605,0.3504568773299666
COHFACE_s07_session0_lamp,2,290,29.666666666666668,0.4072624146938324,0.3762574262126415
COHFACE_s07_session0_lamp,2,291,29.7,0.23923636972904205,0.3988616269777652
COHFACE_s07_session0_lamp,2,292,29.733333333333334,0.06991248577833176,0.41275212718530957
COHFACE_s07_session0_lamp,2,293,29.766666666666666,-0.06103881075978279,0.4124888903735252
COHFACE_s07_session0_lamp,2,294,29.8,-0.15815994143486023,0.3925991238290677
COHFACE_s07_session0_lamp,2,295,29.833333333333332,-0.2397070825099945,0.34959463267187557
COHFACE_s07_session0_lamp,2,296,29.866666666666667,-0.32614272832870483,0.2848781833498166
COHFACE_s07_session0_lamp,2,297,29.9,-0.4125351011753082,0.204540538462947
COHFACE_s07_session0_lamp,2,298,29.933333333333334,-0.48088762164115906,0.11601521119232225
COHFACE_s07_session0_lamp,2,299,29.966666666666665,-0.555902361869812,0.02554552956358056
COHFACE_s07_session0_lamp,3,0,30.0,-0.6506873965263367,0.025868389412872644
COHFACE_s07_session0_lamp,3,1,30.033333333333335,-0.7144975066184998,1.9631465877257654
COHFACE_s07_session0_lamp,3,2,30.066666666666666,-0.7738084197044373,3.696331574254233
COHFACE_s07_session0_lamp,3,3,30.1,-0.8255054354667664,5.047235337905744
COHFACE_s07_session0_lamp,3,4,30.133333333333333,-0.8727465271949768,5.90006390876383
COHFACE_s07_session0_lamp,3,5,30.166666666666668,-0.9223669767379761,6.220335230582801
COHFACE_s07_session0_lamp,3,6,30.2,-0.9604799747467041,6.043911149788583
COHFACE_s07_session0_lamp,3,7,30.233333333333334,-0.990503191947937,5.4581829372698305
COHFACE_s07_session0_lamp,3,8,30.266666666666666,-1.0157676935195923,4.584273111167355
COHFACE_s07_session0_lamp,3,9,30.3,-1.0523664951324463,3.553959545070825
COHFACE_s07_session0_lamp,3,10,30.333333333333332,-1.0175414085388184,2.484365598780372
COHFACE_s07_session0_lamp,3,11,30.366666666666667,-0.6355892419815063,1.4628978146859404
COHFACE_s07_session0_lamp,3,12,30.4,0.26013147830963135,0.546029799608662
COHFACE_s07_session0_lamp,3,13,30.433333333333334,1.1163980960845947,-0.2338894963914951
COHFACE_s07_session0_lamp,3,14,30.466666666666665,1.4347131252288818,-0.8602949233357795
COHFACE_s07_session0_lamp,3,15,30.5,1.3291561603546143,-1.3279762228521907
COHFACE_s07_session0_lamp,3,16,30.533333333333335,1.099915623664856,-1.6427648954437595
COHFACE_s07_session0_lamp,3,17,30.566666666666666,0.9103888273239136,-1.8204964600067144
COHFACE_s07_session0_lamp,3,18,30.6,0.6958138346672058,-1.8832114171364664
COHFACE_s07_session0_lamp,3,19,30.633333333333333,0.5517112016677856,-1.8540804573109082
COHFACE_s07_session0_lamp,3,20,30.666666666666668,0.5601903200149536,-1.7531423433770288
COHFACE_s07_session0_lamp,3,21,30.7,0.6096377372741699,-1.5960821403165149
COHFACE_s07_session0_lamp,3,22,30.733333333333334,0.6150886416435242,-1.396072523991027
COHFACE_s07_session0_lamp,3,23,30.766666666666666,0.5244134068489075,-1.1665174693613525
COHFACE_s07_session0_lamp,3,24,30.8,0.3753789961338043,-0.9229031774761763
COHFACE_s07_session0_lamp,3,25,30.833333333333332,0.1816558688879013,-0.6827497585666278
COHFACE_s07_session0_lamp,3,26,30.866666666666667,-0.00445331446826458,-0.4633145265561265
COHFACE_s07_session0_lamp,3,27,30.9,-0.13765418529510498,-0.2774523101360994
COHFACE_s07_session0_lamp,3,28,30.933333333333334,-0.24693168699741364,-0.1298376245164914
COHFACE_s07_session0_lamp,3,29,30.966666666666665,-0.33501124382019043,-0.017024157084510685
COHFACE_s07_session0_lamp,3,30,31.0,-0.41123726963996887,0.0684902880400747
COHFACE_s07_session0_lamp,3,31,31.033333333333335,-0.47279781103134155,0.1333950692079454
COHFACE_s07_session0_lamp,3,32,31.066666666666666,-0.5395063757896423,0.18049620736290867
COHFACE_s07_session0_lamp,3,33,31.1,-0.5886510014533997,0.20883188039764103
COHFACE_s07_session0_lamp,3,34,31.133333333333333,-0.6531100273132324,0.21619407249113975
COHFACE_s07_session0_lamp,3,35,31.166666666666668,-0.7328834533691406,0.2013574252282863
COHFACE_s07_session0_lamp,3,36,31.2,-0.8279712796211243,0.16512631798392516
COHFACE_s07_session0_lamp,3,37,31.233333333333334,-0.8994386196136475,0.11129344302417495
COHFACE_s07_session0_lamp,3,38,31.266666666666666,-0.9296780824661255,0.047257050622675295
COHFACE_s07_session0_lamp,3,39,31.3,-0.7446504235267639,-0.017274623554750634
COHFACE_s07_session0_lamp,3,40,31.333333333333332,-0.06038989499211311,-0.07349258821492682
COHFACE_s07_session0_lamp,3,41,31.366666666666667,0.7728185653686523,-0.11697663161854326
COHFACE_s07_session0_lamp,3,42,31.4,1.2206573486328125,-0.1490965604888187
COHFACE_s07_session0_lamp,3,43,31.433333333333334,1.1980750560760498,-0.17383370393307493
COHFACE_s07_session0_lamp,3,44,31.466666666666665,0.973550021648407,-0.1915554417970538
COHFACE_s07_session0_lamp,3,45,31.5,0.7269618511199951,-0.19496419870705378
COHFACE_s07_session0_lamp,3,46,31.533333333333335,0.47877299785614014,-0.17047243216732869
COHFACE_s07_session0_lamp,3,47,31.566666666666666,0.2893759608268738,-0.10542149391798065
COHFACE_s07_session0_lamp,3,48,31.6,0.2320982962846756,0.0025020194420332263
COHFACE_s07_session0_lamp,3,49,31.633333333333333,0.26385191082954407,0.1405261207831302
COHFACE_s07_session0_lamp,3,50,31.666666666666668,0.2978118658065796,0.28408178339398205
COHFACE_s07_session0_lamp,3,51,31.7,0.21769234538078308,0.4070876556143022
COHFACE_s07_session0_lamp,3,52,31.733333333333334,0.07315707206726074,0.4933013842483565
COHFACE_s07_session0_lamp,3,53,31.766666666666666,-0.08383740484714508,0.5393575521937743
COHFACE_s07_session0_lamp,3,54,31.8,-0.2340831458568573,0.5489756869304497
COHFACE_s07_session0_lamp,3,55,31.833333333333332,-0.3489413261413574,0.5267099327642594
COHFACE_s07_session0_lamp,3,56,31.866666666666667,-0.4617229700088501,0.47566058279652423
COHFACE_s07_session0_lamp,3,57,31.9,-0.5721685290336609,0.398478673862194
COHFACE_s07_session0_lamp,3,58,31.933333333333334,-0.6590800285339355,0.2998559918467087
COHFACE_s07_session0_lamp,3,59,31.966666666666665,-0.7186937928199768,0.18810166288687027
COHFACE_s07_session0_lamp,3,60,32.0,-0.7519183158874512,0.07444570623731776
COHFACE_s07_session0_lamp,3,61,32.03333333333333,-0.8046968579292297,-0.029890497773182027
COHFACE_s07_session0_lamp,3,62,32.06666666666667,-0.8547499179840088,-0.11736862523758501
COHFACE_s07_session0_lamp,3,63,32.1,-0.8918246626853943,-0.1859665200762501
COHFACE_s07_session0_lamp,3,64,32.13333333333333,-0.9194684624671936,-0.23859918309921224
COHFACE_s07_session0_lamp,3,65,32.166666666666664,-0.9980738759040833,-0.2816685657329811
COHFACE_s07_session0_lamp,3,66,32.2,-1.0260205268859863,-0.3230988335013659
COHFACE_s07_session0_lamp,3,67,32.233333333333334,-0.7163577079772949,-0.36898532282804364
COHFACE_s07_session0_lamp,3,68,32.266666666666666,0.14566265046596527,-0.4198010844396909
COHFACE_s07_session0_lamp,3,69,32.3,1.1264346837997437,-0.4687805349677987
COHFACE_s07_session0_lamp,3,70,32.333333333333336,1.5707693099975586,-0.5036642340064855
COHFACE_s07_session0_lamp,3,71,32.36666666666667,1.5110256671905518,-0.5112447353429266
COHFACE_s07_session0_lamp,3,72,32.4,1.3169565200805664,-0.4821692300434691
COHFACE_s07_session0_lamp,3,73,32.43333333333333,1.1648504734039307,-0.4120878955988478
COHFACE_s07_session0_lamp,3,74,32.46666666666667,0.9621723294258118,-0.3000395884513356
COHFACE_s07_session0_lamp,3,75,32.5,0.739291250705719,-0.14941864116651637
COHFACE_s07_session0_lamp,3,76,32.53333333333333,0.6143965125083923,0.02856920694451584
COHFACE_s07_session0_lamp,3,77,32.56666666666667,0.5783600211143494,0.2145105735465767
COHFACE_s07_session0_lamp,3,78,32.6,0.5778408646583557,0.3851464754035121
COHFACE_s07_session0_lamp,3,79,32.63333333333333,0.5142470598220825,0.5198062650622945
COHFACE_s07_session0_lamp,3,80,32.666666666666664,0.36205458641052246,0.6056320478836147
COHFACE_s07_session0_lamp,3,81,32.7,0.17421495914459229,0.6384903845520981
COHFACE_s07_session0_lamp,3,82,32.733333333333334,-0.003415048588067293,0.6199053675502577
COHFACE_s07_session0_lamp,3,83,32.766666666666666,-0.1360102742910385,0.5536392451232705
COHFACE_s07_session0_lamp,3,84,32.8,-0.2660098373889923,0.4438052516983808
COHFACE_s07_session0_lamp,3,85,32.833333333333336,-0.3952306807041168,0.2942153507776302
COHFACE_s07_session0_lamp,3,86,32.86666666666667,-0.498927503824234,0.10943615841855646
COHFACE_s07_session0_lamp,3,87,32.9,-0.5594497323036194,-0.10133099359834022
COHFACE_s07_session0_lamp,3,88,32.93333333333333,-0.6242548823356628,-0.31931602940804155
COHFACE_s07_session0_lamp,3,89,32.96666666666667,-0.6764709949493408,-0.5144826876136085
COHFACE_s07_session0_lamp,3,90,33.0,-0.7330997586250305,-0.650686042847232
COHFACE_s07_session0_lamp,3,91,33.03333333333333,-0.8008465766906738,-0.6995367300967182
COHFACE_s07_session0_lamp,3,92,33.06666666666667,-0.8679012656211853,-0.6558120727927159
COHFACE_s07_session0_lamp,3,93,33.1,-0.9221939444541931,-0.5399172544046897
COHFACE_s07_session0_lamp,3,94,33.13333333333333,-0.9780439734458923,-0.3852828829038489
COHFACE_s07_session0_lamp,3,95,33.166666666666664,-1.0339806079864502,-0.22154847123876076
COHFACE_s07_session0_lamp,3,96,33.2,-0.9616480469703674,-0.06374085725728754
COHFACE_s07_session0_lamp,3,97,33.233333333333334,-0.39864832162857056,0.08551469849981483
COHFACE_s07_session0_lamp,3,98,33.266666666666666,0.6327824592590332,0.22472800080627195
COHFACE_s07_session0_lamp,3,99,33.3,1.4262340068817139,0.3470224142943576
COHFACE_s07_session0_lamp,3,100,33.333333333333336,1.6179238557815552,0.4425305696386259
COHFACE_s07_session0_lamp,3,101,33.36666666666667,1.4793152809143066,0.5032210010815895
COHFACE_s07_session0_lamp,3,102,33.4,1.2887935638427734,0.5258424992215848
COHFACE_s07_session0_lamp,3,103,33.43333333333333,1.0984447002410889,0.5120383949457328
COHFACE_s07_session0_lamp,3,104,33.46666666666667,0.89576655626297,0.46637895238098337
COHFACE_s07_session0_lamp,3,105,33.5,0.7360466718673706,0.39449969029638915
COHFACE_s07_session0_lamp,3,106,33.53333333333333,0.7043362855911255,0.3023416429919772
COHFACE_s07_session0_lamp,3,107,33.56666666666667,0.7228952646255493,0.1960612313070634
COHFACE_s07_session0_lamp,3,108,33.6,0.6593447327613831,0.08232392626614134
COHFACE_s07_session0_lamp,3,109,33.63333333333333,0.5404200553894043,-0.031065223278347934
COHFACE_s07_session0_lamp,3,110,33.666666666666664,0.39168843626976013,-0.13498677063788847
COHFACE_s07_session0_lamp,3,111,33.7,0.22586868703365326,-0.22060465847591199
COHFACE_s07_session0_lamp,3,112,33.733333333333334,0.0616496205329895,-0.2820482415623664
COHFACE_s07_session0_lamp,3,113,33.766666666666666,-0.08344805240631104,-0.3176383800402941
COHFACE_s07_session0_lamp,3,114,33.8,-0.18593356013298035,-0.3292335431057581
COHFACE_s07_session0_lamp,3,115,33.833333333333336,-0.27907466888427734,-0.3214679022969688
COHFACE_s07_session0_lamp,3,116,33.86666666666667,-0.36235225200653076,-0.30110766044781245
COHFACE_s07_session0_lamp,3,117,33.9,-0.41097772121429443,-0.27516900975870273
COHFACE_s07_session0_lamp,3,118,33.93333333333333,-0.4731006324291229,-0.24806794031185028
COHFACE_s07_session0_lamp,3,119,33.96666666666667,-0.5271337032318115,-0.21970479686637479
COHFACE_s07_session0_lamp,3,120,34.0,-0.6020186543464661,-0.18555249370450205
COHFACE_s07_session0_lamp,3,121,34.03333333333333,-0.656051754951477,-0.1387261542842664
COHFACE_s07_session0_lamp,3,122,34.06666666666667,-0.7076622247695923,-0.07376913685873374
COHFACE_s07_session0_lamp,3,123,34.1,-0.7780047655105591,0.008374579126584831
COHFACE_s07_session0_lamp,3,124,34.13333333333333,-0.8246402144432068,0.09663615188531219
COHFACE_s07_session0_lamp,3,125,34.166666666666664,-0.8814852833747864,0.17114096135665807
COHFACE_s07_session0_lamp,3,126,34.2,-0.9205067753791809,0.209962725522302
COHFACE_s07_session0_lamp,3,127,34.233333333333334,-0.8716650009155273,0.19811019441777883
COHFACE_s07_session0_lamp,3,128,34.266666666666666,-0.41625556349754333,0.13487275755592976
COHFACE_s07_session0_lamp,3,129,34.3,0.4838778078556061,0.03580403811350039
COHFACE_s07_session0_lamp,3,130,34.333333333333336,1.2603709697723389,-0.07168012740165496
COHFACE_s07_session0_lamp,3,131,34.36666666666667,1.471787929534912,-0.15718448674832458
COHFACE_s07_session0_lamp,3,132,34.4,1.308390736579895,-0.19708424347819814
COHFACE_s07_session0_lamp,3,133,34.43333333333333,1.0823948383331299,-0.18057255932668453
COHFACE_s07_session0_lamp,3,134,34.46666666666667,0.837623655796051,-0.11080590778640974
COHFACE_s07_session0_lamp,3,135,34.5,0.5939339995384216,-0.0034123272711531977
COHFACE_s07_session0_lamp,3,136,34.53333333333333,0.4864734709262848,0.11696677536031809
COHFACE_s07_session0_lamp,3,137,34.56666666666667,0.5283069014549255,0.22316989164751574
COHFACE_s07_session0_lamp,3,138,34.6,0.585108757019043,0.2939736649124733
COHFACE_s07_session0_lamp,3,139,34.63333333333333,0.5543500781059265,0.32133311211322446
COHFACE_s07_session0_lamp,3,140,34.666666666666664,0.426946222782135,0.31274950381544875
COHFACE_s07_session0_lamp,3,141,34.7,0.2480616271495819,0.28549108427665676
COHFACE_s07_session0_lamp,3,142,34.733333333333334,0.06571616232395172,0.25551664035754323
COHFACE_s07_session0_lamp,3,143,34.766666666666666,-0.08556784689426422,0.22943640959335992
COHFACE_s07_session0_lamp,3,144,34.8,-0.19748426973819733,0.20348425411430573
COHFACE_s07_session0_lamp,3,145,34.833333333333336,-0.29010623693466187,0.16821109807822782
COHFACE_s07_session0_lamp,3,146,34.86666666666667,-0.3974370062351227,0.11545348041668237
COHFACE_s07_session0_lamp,3,147,34.9,-0.4592570960521698,0.04287406366999645
COHFACE_s07_session0_lamp,3,148,34.93333333333333,-0.5197793245315552,-0.04534118479575072
COHFACE_s07_session0_lamp,3,149,34.96666666666667,-0.5735961198806763,-0.13952737927512032
COHFACE_s07_session0_lamp,3,150,35.0,-0.6429004073143005,-0.2262297238219928
COHFACE_s07_session0_lamp,3,151,35.03333333333333,-0.7154924869537354,-0.29076104508134054
COHFACE_s07_session0_lamp,3,152,35.06666666666667,-0.7876519560813904,-0.32083640556676113
COHFACE_s07_session0_lamp,3,153,35.1,-0.8784570097923279,-0.3112803030370584
COHFACE_s07_session0_lamp,3,154,35.13333333333333,-0.9197713136672974,-0.26770788408137175
COHFACE_s07_session0_lamp,3,155,35.166666666666664,-0.6917853951454163,-0.20544333293833525
COHFACE_s07_session0_lamp,3,156,35.2,0.023925956338644028,-0.14370718637864077
COHFACE_s07_session0_lamp,3,157,35.233333333333334,0.8748282194137573,-0.09891456562658818
COHFACE_s07_session0_lamp,3,158,35.266666666666666,1.298094630241394,-0.08007849738214422
COHFACE_s07_session0_lamp,3,159,35.3,1.245705485343933,-0.08780828769260901
COHFACE_s07_session0_lamp,3,160,35.333333333333336,1.0237329006195068,-0.11634731136405953
COHFACE_s07_session0_lamp,3,161,35.36666666666667,0.809330940246582,-0.15627924139743035
COHFACE_s07_session0_lamp,3,162,35.4,0.5969190001487732,-0.1961379804573888
COHFACE_s07_session0_lamp,3,163,35.43333333333333,0.3894821107387543,-0.22221278130497985
COHFACE_s07_session0_lamp,3,164,35.46666666666667,0.3165006637573242,-0.21855179983674158
COHFACE_s07_session0_lamp,3,165,35.5,0.35902631282806396,-0.17123463447773876
COHFACE_s07_session0_lamp,3,166,35.53333333333333,0.38070011138916016,-0.07539065153964199
COHFACE_s07_session0_lamp,3,167,35.56666666666667,0.310054749250412,0.06185735284026521
COHFACE_s07_session0_lamp,3,168,35.6,0.151762455701828,0.2239295490701962
COHFACE_s07_session0_lamp,3,169,35.63333333333333,-0.043561335653066635,0.388481494310659
COHFACE_s07_session0_lamp,3,170,35.666666666666664,-0.20726127922534943,0.5302909360437617
COHFACE_s07_session0_lamp,3,171,35.7,-0.31896138191223145,0.6242160074122446
COHFACE_s07_session0_lamp,3,172,35.733333333333334,-0.429017573595047,0.64913591171078
COHFACE_s07_session0_lamp,3,173,35.766666666666666,-0.5311137437820435,0.593382371209258
COHFACE_s07_session0_lamp,3,174,35.8,-0.6029271483421326,0.4599659388613133
COHFACE_s07_session0_lamp,3,175,35.833333333333336,-0.6699385643005371,0.2679914636273994
COHFACE_s07_session0_lamp,3,176,35.86666666666667,-0.7233227491378784,0.04906200842385122
COHFACE_s07_session0_lamp,3,177,35.9,-0.7611328959465027,-0.1598056276729187
COHFACE_s07_session0_lamp,3,178,35.93333333333333,-0.8316484689712524,-0.3247321699238653
COHFACE_s07_session0_lamp,3,179,35.96666666666667,-0.9161373972892761,-0.4227990497241297
COHFACE_s07_session0_lamp,3,180,36.0,-0.9738476872444153,-0.4468598473582316
COHFACE_s07_session0_lamp,3,181,36.03333333333333,-1.02467942237854,-0.40534190874362946
COHFACE_s07_session0_lamp,3,182,36.06666666666667,-1.0852450132369995,-0.31817409110216316
COHFACE_s07_session0_lamp,3,183,36.1,-1.1218005418777466,-0.21274839005749394
COHFACE_s07_session0_lamp,3,184,36.13333333333333,-1.1535974740982056,-0.11947460765341938
COHFACE_s07_session0_lamp,3,185,36.166666666666664,-0.9693052768707275,-0.0624866424441334
COHFACE_s07_session0_lamp,3,186,36.2,-0.18839943408966064,-0.04875377264959685
COHFACE_s07_session0_lamp,3,187,36.233333333333334,0.8990976810455322,-0.06593239870724947
COHFACE_s07_session0_lamp,3,188,36.266666666666666,1.5649722814559937,-0.09090082532805845
COHFACE_s07_session0_lamp,3,189,36.3,1.6237640380859375,-0.10198263386345507
COHFACE_s07_session0_lamp,3,190,36.333333333333336,1.4691057205200195,-0.08816286966370188
COHFACE_s07_session0_lamp,3,191,36.36666666666667,1.3291993141174316,-0.050493889741932314
COHFACE_s07_session0_lamp,3,192,36.4,1.1757522821426392,0.003135658038739845
COHFACE_s07_session0_lamp,3,193,36.43333333333333,0.9577164649963379,0.06317670918630826
COHFACE_s07_session0_lamp,3,194,36.46666666666667,0.7962228059768677,0.12065985381253014
COHFACE_s07_session0_lamp,3,195,36.5,0.7139834761619568,0.16811496086031893
COHFACE_s07_session0_lamp,3,196,36.53333333333333,0.7029086351394653,0.20024856495581564
COHFACE_s07_session0_lamp,3,197,36.56666666666667,0.6436409950256348,0.21451650610403936
COHFACE_s07_session0_lamp,3,198,36.6,0.4872521460056305,0.21121875543588245
COHFACE_s07_session0_lamp,3,199,36.63333333333333,0.29508641362190247,0.19233494899585307
COHFACE_s07_session0_lamp,3,200,36.666666666666664,0.09902719408273697,0.15966025961788122
COHFACE_s07_session0_lamp,3,201,36.7,-0.05290572717785835,0.11402060582055662
COHFACE_s07_session0_lamp,3,202,36.733333333333334,-0.18355420231819153,0.0561462956110145
COHFACE_s07_session0_lamp,3,203,36.766666666666666,-0.3001428246498108,-0.011569559394894624
COHFACE_s07_session0_lamp,3,204,36.8,-0.39929723739624023,-0.08370944268716006
COHFACE_s07_session0_lamp,3,205,36.833333333333336,-0.48175284266471863,-0.15232567142938738
COHFACE_s07_session0_lamp,3,206,36.86666666666667,-0.5586277842521667,-0.20885941582304618
COHFACE_s07_session0_lamp,3,207,36.9,-0.6369303464889526,-0.24528920894747647
COHFACE_s07_session0_lamp,3,208,36.93333333333333,-0.6885840892791748,-0.25449774597890734
COHFACE_s07_session0_lamp,3,209,36.96666666666667,-0.7568067908287048,-0.23198111982320782
COHFACE_s07_session0_lamp,3,210,37.0,-0.8265436887741089,-0.17836906905574698
COHFACE_s07_session0_lamp,3,211,37.03333333333333,-0.8832157254219055,-0.09966185087979072
COHFACE_s07_session0_lamp,3,212,37.06666666666667,-0.9432621002197266,-0.004556483825424529
COHFACE_s07_session0_lamp,3,213,37.1,-0.996559739112854,0.09909934810217084
COHFACE_s07_session0_lamp,3,214,37.13333333333333,-1.0071154832839966,0.2061091689288837
COHFACE_s07_session0_lamp,3,215,37.166666666666664,-1.0311685800552368,0.3114828303997756
COHFACE_s07_session0_lamp,3,216,37.2,-1.0820869207382202,0.4054599366457073
COHFACE_s07_session0_lamp,3,217,37.233333333333334,-1.1233580112457275,0.47150497299585165
COHFACE_s07_session0_lamp,3,218,37.266666666666666,-1.1398404836654663,0.4888875527421581
COHFACE_s07_session0_lamp,3,219,37.3,-1.1160900592803955,0.43716037377689587
COHFACE_s07_session0_lamp,3,220,37.333333333333336,-0.7106039524078369,0.30206639927049783
COHFACE_s07_session0_lamp,3,221,37.36666666666667,0.2834492027759552,0.08456077886399764
COHFACE_s07_session0_lamp,3,222,37.4,1.2751662731170654,-0.19069639109740735
COHFACE_s07_session0_lamp,3,223,37.43333333333333,1.6495476961135864,-0.4756173474218411
COHFACE_s07_session0_lamp,3,224,37.46666666666667,1.5554548501968384,-0.7101142363514292
COHFACE_s07_session0_lamp,3,225,37.5,1.3732824325561523,-0.8404174288729872
COHFACE_s07_session0_lamp,3,226,37.53333333333333,1.261841893196106,-0.837169010154738
COHFACE_s07_session0_lamp,3,227,37.56666666666667,1.095892310142517,-0.7047629294235332
COHFACE_s07_session0_lamp,3,228,37.6,0.9082690477371216,-0.47850077301004984
COHFACE_s07_session0_lamp,3,229,37.63333333333333,0.8366286754608154,-0.2118963067231222
COHFACE_s07_session0_lamp,3,230,37.666666666666664,0.8476602435112,0.040524651983609994
COHFACE_s07_session0_lamp,3,231,37.7,0.8084657192230225,0.23769883729005917
COHFACE_s07_session0_lamp,3,232,37.733333333333334,0.7050284743309021,0.35991569139383667
COHFACE_s07_session0_lamp,3,233,37.766666666666666,0.525278627872467,0.41019092568222215
COHFACE_s07_session0_lamp,3,234,37.8,0.3425438404083252,0.4097831768155564
COHFACE_s07_session0_lamp,3,235,37.833333333333336,0.16867753863334656,0.38883448122178094
COHFACE_s07_session0_lamp,3,236,37.86666666666667,0.03387600556015968,0.3750680607168121
COHFACE_s07_session0_lamp,3,237,37.9,-0.09158113598823547,0.3849428810046763
COHFACE_s07_session0_lamp,3,238,37.93333333333333,-0.19190359115600586,0.42005170069296394
COHFACE_s07_session0_lamp,3,239,37.96666666666667,-0.2752244472503662,0.46945764426754233
COHFACE_s07_session0_lamp,3,240,38.0,-0.36386638879776,0.5158266163119622
COHFACE_s07_session0_lamp,3,241,38.03333333333333,-0.41011250019073486,0.5409588854325366
COHFACE_s07_session0_lamp,3,242,38.06666666666667,-0.4702886641025543,0.5287727732598614
COHFACE_s07_session0_lamp,3,243,38.1,-0.5588008165359497,0.46661018251869957
COHFACE_s07_session0_lamp,3,244,38.13333333333333,-0.6231733560562134,0.34623662788581033
COHFACE_s07_session0_lamp,3,245,38.166666666666664,-0.7062778472900391,0.16590241262001837
COHFACE_s07_session0_lamp,3,246,38.2,-0.7793025970458984,-0.06672808057216459
COHFACE_s07_session0_lamp,3,247,38.233333333333334,-0.8335952162742615,-0.3325678876726486
COHFACE_s07_session0_lamp,3,248,38.266666666666666,-0.8751691579818726,-0.6021202864998577
COHFACE_s07_session0_lamp,3,249,38.3,-0.9384168386459351,-0.8413409178729407
COHFACE_s07_session0_lamp,3,250,38.333333333333336,-1.0160272121429443,-1.0202590400538563
COHFACE_s07_session0_lamp,3,251,38.36666666666667,-1.048646092414856,-1.1187629610466783
COHFACE_s07_session0_lamp,3,252,38.4,-0.9085667133331299,-1.1271195215880716
COHFACE_s07_session0_lamp,3,253,38.43333333333333,-0.3254072964191437,-1.0424979758627195
COHFACE_s07_session0_lamp,3,254,38.46666666666667,0.5699241161346436,-0.8663737155313593
COHFACE_s07_session0_lamp,3,255,38.5,1.1305876970291138,-0.6098623244650699
COHFACE_s07_session0_lamp,3,256,38.53333333333333,1.1530834436416626,-0.3023437112267044
COHFACE_s07_session0_lamp,3,257,38.56666666666667,0.9687480330467224,0.01169752810377139
COHFACE_s07_session0_lamp,3,258,38.6,0.7690116167068481,0.28849531350383106
COHFACE_s07_session0_lamp,3,259,38.63333333333333,0.5363534688949585,0.4997413615509264
COHFACE_s07_session0_lamp,3,260,38.666666666666664,0.33653053641319275,0.6379673596274372
COHFACE_s07_session0_lamp,3,261,38.7,0.2788202464580536,0.7117829522630325
COHFACE_s07_session0_lamp,3,262,38.733333333333334,0.30430102348327637,0.7352911390779523
COHFACE_s07_session0_lamp,3,263,38.766666666666666,0.3081945478916168,0.7199358208817276
COHFACE_s07_session0_lamp,3,264,38.8,0.2463744431734085,0.6728024659236581
COHFACE_s07_session0_lamp,3,265,38.833333333333336,0.11460118740797043,0.6002460196582148
COHFACE_s07_session0_lamp,3,266,38.86666666666667,-0.053424861282110214,0.5124200570456123
COHFACE_s07_session0_lamp,3,267,38.9,-0.22097504138946533,0.42225155695887684
COHFACE_s07_session0_lamp,3,268,38.93333333333333,-0.36079487204551697,0.3392302465211622
COHFACE_s07_session0_lamp,3,269,38.96666666666667,-0.4864683151245117,0.26512254914453304
COHFACE_s07_session0_lamp,3,270,39.0,-0.5825511813163757,0.19473243340431184
COHFACE_s07_session0_lamp,3,271,39.03333333333333,-0.6740483641624451,0.12002270153251052
COHFACE_s07_session0_lamp,3,272,39.06666666666667,-0.7334458231925964,0.035150165953358015
COHFACE_s07_session0_lamp,3,273,39.1,-0.780470609664917,-0.060192492113704005
COHFACE_s07_session0_lamp,3,274,39.13333333333333,-0.8351093530654907,-0.16047503172031122
COHFACE_s07_session0_lamp,3,275,39.166666666666664,-0.9013853669166565,-0.25688045203687127
COHFACE_s07_session0_lamp,3,276,39.2,-0.9652819633483887,-0.34120320799239523
COHFACE_s07_session0_lamp,3,277,39.233333333333334,-1.0296545028686523,-0.40863890797631613
COHFACE_s07_session0_lamp,3,278,39.266666666666666,-1.096752405166626,-0.4584224572795613
COHFACE_s07_session0_lamp,3,279,39.3,-1.1472381353378296,-0.49288589596418425
COHFACE_s07_session0_lamp,3,280,39.333333333333336,-1.199021577835083,-0.515414730801985
COHFACE_s07_session0_lamp,3,281,39.36666666666667,-1.252838373184204,-0.5275814548019712
COHFACE_s07_session0_lamp,3,282,39.4,-1.174881935119629,-0.5267114131731653
COHFACE_s07_session0_lamp,3,283,39.43333333333333,-0.6210103034973145,-0.5058485981450747
COHFACE_s07_session0_lamp,3,284,39.46666666666667,0.2313195914030075,-0.45628957004007853
COHFACE_s07_session0_lamp,3,285,39.5,0.8217036128044128,-0.3710047197643289
COHFACE_s07_session0_lamp,3,286,39.53333333333333,0.9160993099212646,-0.2475843799601823
COHFACE_s07_session0_lamp,3,287,39.56666666666667,0.751404345035553,-0.08994425781221514
COHFACE_s07_session0_lamp,3,288,39.6,0.5731686949729919,0.09146538473965367
COHFACE_s07_session0_lamp,3,289,39.63333333333333,0.39428409934043884,0.2806981767121326
COHFACE_s07_session0_lamp,3,290,39.666666666666664,0.2106407880783081,0.4586709083429281
COHFACE_s07_session0_lamp,3,291,39.7,0.1107509508728981,0.6071679527485956
COHFACE_s07_session0_lamp,3,292,39.733333333333334,0.09085085242986679,0.7129396336134358
COHFACE_s07_session0_lamp,3,293,39.766666666666666,0.10806876420974731,0.7687892984489129
COHFACE_s07_session0_lamp,3,294,39.8,0.06208223104476929,0.7719747370263307
COHFACE_s07_session0_lamp,3,295,39.833333333333336,-0.05649639666080475,0.7235278939721574
COHFACE_s07_session0_lamp,3,296,39.86666666666667,-0.18909162282943726,0.6290948551884773
COHFACE_s07_session0_lamp,3,297,39.9,-0.33998626470565796,0.4987359880335356
COHFACE_s07_session0_lamp,3,298,39.93333333333333,-0.47716715931892395,0.34495184193619227
COHFACE_s07_session0_lamp,3,299,39.96666666666667,-0.5786144137382507,0.18027693354287566
COHFACE_s07_session0_lamp,4,0,40.0,-0.6708037853240967,-0.04392848075318476
COHFACE_s07_session0_lamp,4,1,40.03333333333333,-0.7411463260650635,0.828917158851453
COHFACE_s07_session0_lamp,4,2,40.06666666666667,-0.7951361536979675,1.5852700617080822
COHFACE_s07_session0_lamp,4,3,40.1,-0.8526301383972168,2.131575099050962
COHFACE_s07_session0_lamp,4,4,40.13333333333333,-0.910297155380249,2.4265027214629726
COHFACE_s07_session0_lamp,4,5,40.166666666666664,-0.9580574035644531,2.4848282447410206
COHFACE_s07_session0_lamp,4,6,40.2,-1.0134315490722656,2.353422376032257
COHFACE_s07_session0_lamp,4,7,40.233333333333334,-1.072872281074524,2.086899020081643
COHFACE_s07_session0_lamp,4,8,40.266666666666666,-1.1144028902053833,1.7360207667586987
COHFACE_s07_session0_lamp,4,9,40.3,-1.148795485496521,1.344416393838607
COHFACE_s07_session0_lamp,4,10,40.333333333333336,-1.1821497678756714,0.948700295811503
COHFACE_s07_session0_lamp,4,11,40.36666666666667,-1.2261463403701782,0.5783804089832357
COHFACE_s07_session0_lamp,4,12,40.4,-1.1677438020706177,0.25488209417839536
COHFACE_s07_session0_lamp,4,13,40.43333333333333,-0.6801914572715759,-0.007874109450078187
COHFACE_s07_session0_lamp,4,14,40.46666666666667,0.15518008172512054,-0.20100133815559135
COHFACE_s07_session0_lamp,4,15,40.5,0.8217036128044128,-0.3182215524566622
COHFACE_s07_session0_lamp,4,16,40.53333333333333,0.9857496023178101,-0.35581719950074353
COHFACE_s07_session0_lamp,4,17,40.56666666666667,0.8560096621513367,-0.3170417684089872
COHFACE_s07_session0_lamp,4,18,40.6,0.7133345603942871,-0.21756231986601499
COHFACE_s07_session0_lamp,4,19,40.63333333333333,0.5942800641059875,-0.08390050809836018
COHFACE_s07_session0_lamp,4,20,40.666666666666664,0.41980811953544617,0.054949401927909425
COHFACE_s07_session0_lamp,4,21,40.7,0.27025455236434937,0.1743359601053805
COHFACE_s07_session0_lamp,4,22,40.733333333333334,0.23460742831230164,0.25587122178094834
COHFACE_s07_session0_lamp,4,23,40.766666666666666,0.24775880575180054,0.2869715888565295
COHFACE_s07_session0_lamp,4,24,40.8,0.23067067563533783,0.2604622904333403
COHFACE_s07_session0_lamp,4,25,40.833333333333336,0.11092399805784225,0.17585138151030225
COHFACE_s07_session0_lamp,4,26,40.86666666666667,-0.03482259437441826,0.04113834103238126
COHFACE_s07_session0_lamp,4,27,40.9,-0.17269566655158997,-0.12839457935549037
COHFACE_s07_session0_lamp,4,28,40.93333333333333,-0.2872077524662018,-0.3141972125861151
COHFACE_s07_session0_lamp,4,29,40.96666666666667,-0.3890443444252014,-0.49731210786725294
COHFACE_s07_session0_lamp,4,30,41.0,-0.5040323138237,-0.6594555466947889
COHFACE_s07_session0_lamp,4,31,41.03333333333333,-0.6032732129096985,-0.7851038596937479
COHFACE_s07_session0_lamp,4,32,41.06666666666667,-0.639872133731842,-0.8647274100344924
COHFACE_s07_session0_lamp,4,33,41.1,-0.6891032457351685,-0.8965317235856058
COHFACE_s07_session0_lamp,4,34,41.13333333333333,-0.7394590973854065,-0.8852365165059976
COHFACE_s07_session0_lamp,4,35,41.166666666666664,-0.7839314937591553,-0.8380049995235985
COHFACE_s07_session0_lamp,4,36,41.2,-0.8583405613899231,-0.7599690533036266
COHFACE_s07_session0_lamp,4,37,41.233333333333334,-0.9223237037658691,-0.653529990976937
COHFACE_s07_session0_lamp,4,38,41.266666666666666,-0.9731554985046387,-0.521820089964257
COHFACE_s07_session0_lamp,4,39,41.3,-1.0297842025756836,-0.3728172010576247
COHFACE_s07_session0_lamp,4,40,41.333333333333336,-1.0744297504425049,-0.2206298078172301
COHFACE_s07_session0_lamp,4,41,41.36666666666667,-1.1051450967788696,-0.08142928129344167
COHFACE_s07_session0_lamp,4,42,41.4,-1.1359469890594482,0.03407821995984384
COHFACE_s07_session0_lamp,4,43,41.43333333333333,-1.1671382188796997,0.12575627472551976
COHFACE_s07_session0_lamp,4,44,41.46666666666667,-1.0702766180038452,0.20349280441929507
COHFACE_s07_session0_lamp,4,45,41.5,-0.5501053333282471,0.28124389433513136
COHFACE_s07_session0_lamp,4,46,41.53333333333333,0.33756881952285767,0.3689805783841372
COHFACE_s07_session0_lamp,4,47,41.56666666666667,1.0423351526260376,0.46813137487482487
COHFACE_s07_session0_lamp,4,48,41.6,1.2149468660354614,0.5721443680931989
COHFACE_s07_session0_lamp,4,49,41.63333333333333,1.0587743520736694,0.6695186500630432
COHFACE_s07_session0_lamp,4,50,41.666666666666664,0.8904887437820435,0.7471630546879847
COHFACE_s07_session0_lamp,4,51,41.7,0.7744625210762024,0.7930044228849698
COHFACE_s07_session0_lamp,4,52,41.733333333333334,0.6245628595352173,0.7974845245760313
COHFACE_s07_session0_lamp,4,53,41.766666666666666,0.49789437651634216,0.7542932590061507
COHFACE_s07_session0_lamp,4,54,41.8,0.4645400941371918,0.66086789379947
COHFACE_s07_session0_lamp,4,55,41.833333333333336,0.4916215240955353,0.5191659830910681
COHFACE_s07_session0_lamp,4,56,41.86666666666667,0.47531211376190186,0.33703979632513636
COHFACE_s07_session0_lamp,4,57,41.9,0.39082321524620056,0.13021058379768485
COHFACE_s07_session0_lamp,4,58,41.93333333333333,0.26666390895843506,-0.07659795362320893
COHFACE_s07_session0_lamp,4,59,41.96666666666667,0.10499722510576248,-0.25188658434913547
COHFACE_s07_session0_lamp,4,60,42.0,-0.03616368770599365,-0.3648047070944989
COHFACE_s07_session0_lamp,4,61,42.03333333333333,-0.13389047980308533,-0.39821528469590095
COHFACE_s07_session0_lamp,4,62,42.06666666666667,-0.221623957157135,-0.3610585185767432
COHFACE_s07_session0_lamp,4,63,42.1,-0.2718500792980194,-0.2883202918694004
COHFACE_s07_session0_lamp,4,64,42.13333333333333,-0.3073674142360687,-0.22655840689658635
COHFACE_s07_session0_lamp,4,65,42.166666666666664,-0.34785979986190796,-0.21326174111090945
COHFACE_s07_session0_lamp,4,66,42.2,-0.3880060911178589,-0.2602897105451112
COHFACE_s07_session0_lamp,4,67,42.233333333333334,-0.44255831837654114,-0.3512648340845873
COHFACE_s07_session0_lamp,4,68,42.266666666666666,-0.5161454081535339,-0.4530651992774436
COHFACE_s07_session0_lamp,4,69,42.3,-0.5719089508056641,-0.5319175167603734
COHFACE_s07_session0_lamp,4,70,42.333333333333336,-0.6331666111946106,-0.5657699441928156
COHFACE_s07_session0_lamp,4,71,42.36666666666667,-0.6653528809547424,-0.5477358275680007
COHFACE_s07_session0_lamp,4,72,42.4,-0.6997454762458801,-0.48168387212575775
COHFACE_s07_session0_lamp,4,73,42.43333333333333,-0.7553359270095825,-0.3768097242375331
COHFACE_s07_session0_lamp,4,74,42.46666666666667,-0.7835421562194824,-0.24502328347767163
COHFACE_s07_session0_lamp,4,75,42.5,-0.5870935916900635,-0.10100023113739835
COHFACE_s07_session0_lamp,4,76,42.53333333333333,0.054295238107442856,0.03783427911257444
COHFACE_s07_session0_lamp,4,77,42.56666666666667,0.853413999080658,0.15579991285193562
COHFACE_s07_session0_lamp,4,78,42.6,1.2765939235687256,0.2460297673486186
COHFACE_s07_session0_lamp,4,79,42.63333333333333,1.2413793802261353,0.31230608222318795
COHFACE_s07_session0_lamp,4,80,42.666666666666664,1.0373600721359253,0.3638651392151753
COHFACE_s07_session0_lamp,4,81,42.7,0.807686984539032,0.4078933948304489
COHFACE_s07_session0_lamp,4,82,42.733333333333334,0.5655114650726318,0.4445057662854547
COHFACE_s07_session0_lamp,4,83,42.766666666666666,0.397139310836792,0.4678639578293007
COHFACE_s07_session0_lamp,4,84,42.8,0.3867999315261841,0.471856441997758
COHFACE_s07_session0_lamp,4,85,42.833333333333336,0.4647996723651886,0.4539921345698751
COHFACE_s07_session0_lamp,4,86,42.86666666666667,0.49798092246055603,0.41531526792954004
COHFACE_s07_session0_lamp,4,87,42.9,0.4269029498100281,0.35882875178836127
COHFACE_s07_session0_lamp,4,88,42.93333333333333,0.29205814003944397,0.28840111458702494
COHFACE_s07_session0_lamp,4,89,42.96666666666667,0.12740646302700043,0.20904211097258246
COHFACE_s07_session0_lamp,4,90,43.0,-0.032919108867645264,0.1276059091427879
COHFACE_s07_session0_lamp,4,91,43.03333333333333,-0.1573379784822464,0.051451524970850336
COHFACE_s07_session0_lamp,4,92,43.06666666666667,-0.2672211229801178,-0.0146436814131926
COHFACE_s07_session0_lamp,4,93,43.1,-0.3455669581890106,-0.07028760594529623
COHFACE_s07_session0_lamp,4,94,43.13333333333333,-0.423956036567688,-0.11877348118461885
COHFACE_s07_session0_lamp,4,95,43.166666666666664,-0.47223541140556335,-0.16477886201243308
COHFACE_s07_session0_lamp,4,96,43.2,-0.5346611738204956,-0.21166288939914013
COHFACE_s07_session0_lamp,4,97,43.233333333333334,-0.576018750667572,-0.2595784824802214
COHFACE_s07_session0_lamp,4,98,43.266666666666666,-0.5963947176933289,-0.30546321341816485
COHFACE_s07_session0_lamp,4,99,43.3,-0.6557489037513733,-0.34556170133519787
COHFACE_s07_session0_lamp,4,100,43.333333333333336,-0.7525672316551208,-0.37843450421140096
COHFACE_s07_session0_lamp,4,101,43.36666666666667,-0.7666703462600708,-0.40425881545077874
COHFACE_s07_session0_lamp,4,102,43.4,-0.4785947799682617,-0.4206875927173466
COHFACE_s07_session0_lamp,4,103,43.43333333333333,0.2640249729156494,-0.41994771701487665
COHFACE_s07_session0_lamp,4,104,43.46666666666667,1.0400422811508179,-0.3903302518338236
COHFACE_s07_session0_lamp,4,105,43.5,1.3473258018493652,-0.32280542695239245
COHFACE_s07_session0_lamp,4,106,43.53333333333333,1.2241615056991577,-0.21911166027189416
COHFACE_s07_session0_lamp,4,107,43.56666666666667,1.0169408321380615,-0.09415508008015151
COHFACE_s07_session0_lamp,4,108,43.6,0.8289714455604553,0.029587407050205506
COHFACE_s07_session0_lamp,4,109,43.63333333333333,0.6000338196754456,0.13247286950790146
COHFACE_s07_session0_lamp,4,110,43.666666666666664,0.41677984595298767,0.20702768655671094
COHFACE_s07_session0_lamp,4,111,43.7,0.376027911901474,0.25906589981777295
COHFACE_s07_session0_lamp,4,112,43.733333333333334,0.4288496971130371,0.3002734067200238
COHFACE_s07_session0_lamp,4,113,43.766666666666666,0.4296284019947052,0.33882410983030253
COHFACE_s07_session0_lamp,4,114,43.8,0.3282676637172699,0.37354373453050693
COHFACE_s07_session0_lamp,4,115,43.833333333333336,0.18554936349391937,0.3947461480018337
COHFACE_s07_session0_lamp,4,116,43.86666666666667,0.022887689992785454,0.3904013968818881
COHFACE_s07_session0_lamp,4,117,43.9,-0.12130150198936462,0.3522351108604359
COHFACE_s07_session0_lamp,4,118,43.93333333333333,-0.24286514520645142,0.2791576405772806
COHFACE_s07_session0_lamp,4,119,43.96666666666667,-0.3530943989753723,0.17876485772318942
COHFACE_s07_session0_lamp,4,120,44.0,-0.43459826707839966,0.06686897589736217
COHFACE_s07_session0_lamp,4,121,44.03333333333333,-0.4902752935886383,-0.035837133425949345
COHFACE_s07_session0_lamp,4,122,44.06666666666667,-0.542145311832428,-0.10980821498925025
COHFACE_s07_session0_lamp,4,123,44.1,-0.6012399792671204,-0.14401379928265826
COHFACE_s07_session0_lamp,4,124,44.13333333333333,-0.6395260095596313,-0.14103740470324366
COHFACE_s07_session0_lamp,4,125,44.166666666666664,-0.6768603324890137,-0.11487121556488251
COHFACE_s07_session0_lamp,4,126,44.2,-0.7372528314590454,-0.08257687743549783
COHFACE_s07_session0_lamp,4,127,44.233333333333334,-0.8121377229690552,-0.05691721027123982
COHFACE_s07_session0_lamp,4,128,44.266666666666666,-0.8306102156639099,-0.04353669959999517
COHFACE_s07_session0_lamp,4,129,44.3,-0.5633432269096375,-0.04193015774003064
COHFACE_s07_session0_lamp,4,130,44.333333333333336,0.25217142701148987,-0.04818943533612639
COHFACE_s07_session0_lamp,4,131,44.36666666666667,1.2114859819412231,-0.05688154374429151
COHFACE_s07_session0_lamp,4,132,44.4,1.6763262748718262,-0.0617198568382006
COHFACE_s07_session0_lamp,4,133,44.43333333333333,1.6205195188522339,-0.057009874887931064
COHFACE_s07_session0_lamp,4,134,44.46666666666667,1.4311224222183228,-0.040079007406058305
COHFACE_s07_session0_lamp,4,135,44.5,1.2493394613265991,-0.012984063149801522
COHFACE_s07_session0_lamp,4,136,44.53333333333333,1.023905873298645,0.01756011158953609
COHFACE_s07_session0_lamp,4,137,44.56666666666667,0.835676908493042,0.0421747650618194
COHFACE_s07_session0_lamp,4,138,44.6,0.7620033025741577,0.051843642521856984
COHFACE_s07_session0_lamp,4,139,44.63333333333333,0.7568985223770142,0.04024375101772493
COHFACE_s07_session0_lamp,4,140,44.666666666666664,0.7442662715911865,0.004799792534730095
COHFACE_s07_session0_lamp,4,141,44.7,0.6483131647109985,-0.05289419324165833
COHFACE_s07_session0_lamp,4,142,44.733333333333334,0.48508909344673157,-0.12712341950480524
COHFACE_s07_session0_lamp,4,143,44.766666666666666,0.31329935789108276,-0.2089636434782631
COHFACE_s07_session0_lamp,4,144,44.8,0.15967923402786255,-0.2877825751174891
COHFACE_s07_session0_lamp,4,145,44.833333333333336,0.006448478437960148,-0.3524420400941661
COHFACE_s07_session0_lamp,4,146,44.86666666666667,-0.10274249315261841,-0.39215084110174714
COHFACE_s07_session0_lamp,4,147,44.9,-0.19904166460037231,-0.3977228672375127
COHFACE_s07_session0_lamp,4,148,44.93333333333333,-0.28145402669906616,-0.3629515680007329
COHFACE_s07_session0_lamp,4,149,44.96666666666667,-0.3580261468887329,-0.28481266476607575
COHFACE_s07_session0_lamp,4,150,45.0,-0.4384917616844177,-0.16392845185671912
COHFACE_s07_session0_lamp,4,151,45.03333333333333,-0.5019557476043701,-0.008963532042227388
COHFACE_s07_session0_lamp,4,152,45.06666666666667,-0.547899067401886,0.1587764257744356
COHFACE_s07_session0_lamp,4,153,45.1,-0.6090269684791565,0.3106642917983761
COHFACE_s07_session0_lamp,4,154,45.13333333333333,-0.6676889657974243,0.42418163777487106
COHFACE_s07_session0_lamp,4,155,45.166666666666664,-0.7382910847663879,0.49105907827902384
COHFACE_s07_session0_lamp,4,156,45.2,-0.7852725982666016,0.5154112386808003
COHFACE_s07_session0_lamp,4,157,45.233333333333334,-0.5620021820068359,0.5069936832392569
COHFACE_s07_session0_lamp,4,158,45.266666666666666,0.162318155169487,0.47463222509877856
COHFACE_s07_session0_lamp,4,159,45.3,1.1061885356903076,0.4234741692832741
COHFACE_s07_session0_lamp,4,160,45.333333333333336,1.5856943130493164,0.35644640894276036
COHFACE_s07_session0_lamp,4,161,45.36666666666667,1.5273351669311523,0.27705475715541705
COHFACE_s07_session0_lamp,4,162,45.4,1.3325304985046387,0.19137913331286216
COHFACE_s07_session0_lamp,4,163,45.43333333333333,1.1733729839324951,0.10839628490770814
COHFACE_s07_session0_lamp,4,164,45.46666666666667,0.9722089171409607,0.038055597544039046
COHFACE_s07_session0_lamp,4,165,45.5,0.7535673975944519,-0.013006854590567388
COHFACE_s07_session0_lamp,4,166,45.53333333333333,0.6685160994529724,-0.04549304036192772
COHFACE_s07_session0_lamp,4,167,45.56666666666667,0.7013944983482361,-0.06649857134580953
COHFACE_s07_session0_lamp,4,168,45.6,0.7137239575386047,-0.08430154680536264
COHFACE_s07_session0_lamp,4,169,45.63333333333333,0.603278398513794,-0.10481134649469527
COHFACE_s07_session0_lamp,4,170,45.666666666666664,0.44338542222976685,-0.13140546129045924
COHFACE_s07_session0_lamp,4,171,45.7,0.27259066700935364,-0.16528976894473982
COHFACE_s07_session0_lamp,4,172,45.733333333333334,0.10335330665111542,-0.20555878950607198
COHFACE_s07_session0_lamp,4,173,45.766666666666666,-0.0485796183347702,-0.2504230419853656
COHFACE_s07_session0_lamp,4,174,45.8,-0.17022979259490967,-0.2990082958861304
COHFACE_s07_session0_lamp,4,175,45.833333333333336,-0.27258551120758057,-0.35119836573589786
COHFACE_s07_session0_lamp,4,176,45.86666666666667,-0.35292133688926697,-0.40513832474273664
COHFACE_s07_session0_lamp,4,177,45.9,-0.42369648814201355,-0.4542995804887629
COHFACE_s07_session0_lamp,4,178,45.93333333333333,-0.496980756521225,-0.4863975193001299
COHFACE_s07_session0_lamp,4,179,45.96666666666667,-0.5718656778335571,-0.48624116935701694
COHFACE_s07_session0_lamp,4,180,46.0,-0.6487406492233276,-0.4419727720084884
COHFACE_s07_session0_lamp,4,181,46.03333333333333,-0.7324508428573608,-0.35157272581537985
COHFACE_s07_session0_lamp,4,182,46.06666666666667,-0.8266302347183228,-0.22601337930053916
COHFACE_s07_session0_lamp,4,183,46.1,-0.9041540622711182,-0.08581890609702462
COHFACE_s07_session0_lamp,4,184,46.13333333333333,-0.9179543256759644,0.04743954005519491
COHFACE_s07_session0_lamp,4,185,46.166666666666664,-0.6416025757789612,0.1587463034462054
COHFACE_s07_session0_lamp,4,186,46.2,0.08738996833562851,0.2428666720761228
COHFACE_s07_session0_lamp,4,187,46.233333333333334,0.8112776875495911,0.30298040095954504
COHFACE_s07_session0_lamp,4,188,46.266666666666666,1.0549674034118652,0.34629601318106146
COHFACE_s07_session0_lamp,4,189,46.3,0.9200792908668518,0.37956053653835137
COHFACE_s07_session0_lamp,4,190,46.333333333333336,0.7131182551383972,0.4062829376447524
COHFACE_s07_session0_lamp,4,191,46.36666666666667,0.519265353679657,0.4260251413221021
COHFACE_s07_session0_lamp,4,192,46.4,0.303998202085495,0.4354251528597361
COHFACE_s07_session0_lamp,4,193,46.43333333333333,0.1604146808385849,0.4300742343739195
COHFACE_s07_session0_lamp,4,194,46.46666666666667,0.1370536834001541,0.4067901724536987
COHFACE_s07_session0_lamp,4,195,46.5,0.15202201902866364,0.3662987119568517
COHFACE_s07_session0_lamp,4,196,46.53333333333333,0.12645472586154938,0.31449929281513367
COHFACE_s07_session0_lamp,4,197,46.56666666666667,0.008049138821661472,0.25912163941705185
COHFACE_s07_session0_lamp,4,198,46.6,-0.13635635375976562,0.20400706292612086
COHFACE_s07_session0_lamp,4,199,46.63333333333333,-0.27989664673805237,0.14810568016269737
COHFACE_s07_session0_lamp,4,200,46.666666666666664,-0.429839551448822,0.08943866583482783
COHFACE_s07_session0_lamp,4,201,46.7,-0.5706111192703247,0.027401843482568404
COHFACE_s07_session0_lamp,4,202,46.733333333333334,-0.6858586668968201,-0.03835447743932936
COHFACE_s07_session0_lamp,4,203,46.766666666666666,-0.7536487579345703,-0.10890729039067937
COHFACE_s07_session0_lamp,4,204,46.8,-0.8208332061767578,-0.18522853710382048
COHFACE_s07_session0_lamp,4,205,46.833333333333336,-0.9022505879402161,-0.2662557476019418
COHFACE_s07_session0_lamp,4,206,46.86666666666667,-0.9550723433494568,-0.3473226732505782
COHFACE_s07_session0_lamp,4,207,46.9,-1.0016212463378906,-0.4207619687294117
COHFACE_s07_session0_lamp,4,208,46.93333333333333,-1.0790153741836548,-0.4786299683377946
COHFACE_s07_session0_lamp,4,209,46.96666666666667,-1.1542896032333374,-0.5156292776793611
COHFACE_s07_session0_lamp,4,210,47.0,-1.2074575424194336,-0.5305973363856542
COHFACE_s07_session0_lamp,4,211,47.03333333333333,-1.2475605010986328,-0.5256153554644054
COHFACE_s07_session0_lamp,4,212,47.06666666666667,-1.2839431762695312,-0.5034397364795586
COHFACE_s07_session0_lamp,4,213,47.1,-1.1223196983337402,-0.46542157555680425
COHFACE_s07_session0_lamp,4,214,47.13333333333333,-0.5224182605743408,-0.41091012892536666
COHFACE_s07_session0_lamp,4,215,47.166666666666664,0.21756257116794586,-0.3377466547393986
COHFACE_s07_session0_lamp,4,216,47.2,0.5675879716873169,-0.24353735382875388
COHFACE_s07_session0_lamp,4,217,47.233333333333334,0.5323734879493713,-0.1275558367943246
COHFACE_s07_session0_lamp,4,218,47.266666666666666,0.3918614685535431,0.007287267631209446
COHFACE_s07_session0_lamp,4,219,47.3,0.2553294897079468,0.1532967298110104
COHFACE_s07_session0_lamp,4,220,47.333333333333336,0.1040022224187851,0.2986515729580483
COHFACE_s07_session0_lamp,4,221,47.36666666666667,-0.061817511916160583,0.43068556597418906
COHFACE_s07_session0_lamp,4,222,47.4,-0.12402694672346115,0.5403373869206572
COHFACE_s07_session0_lamp,4,223,47.43333333333333,-0.1320735067129135,0.6243680376779266
COHFACE_s07_session0_lamp,4,224,47.46666666666667,-0.14704184234142303,0.6844993094315304
COHFACE_s07_session0_lamp,4,225,47.5,-0.20098841190338135,0.72535235073315
COHFACE_s07_session0_lamp,4,226,47.53333333333333,-0.3173174560070038,0.7520306069066859
COHFACE_s07_session0_lamp,4,227,47.56666666666667,-0.4453270137310028,0.766985399218723
COHFACE_s07_session0_lamp,4,228,47.6,-0.5689239501953125,0.7672310137329724
COHFACE_s07_session0_lamp,4,229,47.63333333333333,-0.6665209531784058,0.7442164939545931
COHFACE_s07_session0_lamp,4,230,47.666666666666664,-0.7575422525405884,0.6866440387755803
COHFACE_s07_session0_lamp,4,231,47.7,-0.8155121207237244,0.5844218894442962
COHFACE_s07_session0_lamp,4,232,47.733333333333334,-0.8720110654830933,0.4319870464313103
COHFACE_s07_session0_lamp,4,233,47.766666666666666,-0.936643123626709,0.22966999139374172
COHFACE_s07_session0_lamp,4,234,47.8,-0.9830622673034668,-0.016794620947900234
COHFACE_s07_session0_lamp,4,235,47.833333333333336,-1.0313849449157715,-0.2971751048174237
COHFACE_s07_session0_lamp,4,236,47.86666666666667,-1.0666859149932861,-0.5967353402110004
COHFACE_s07_session0_lamp,4,237,47.9,-1.1111583709716797,-0.8944858769779641
COHFACE_s07_session0_lamp,4,238,47.93333333333333,-1.159091591835022,-1.1611925821193594
COHFACE_s07_session0_lamp,4,239,47.96666666666667,-1.1885523796081543,-1.360583612718199
COHFACE_s07_session0_lamp,4,240,48.0,-1.2107020616531372,-1.4561582151693466
COHFACE_s07_session0_lamp,4,241,48.03333333333333,-1.2302560806274414,-1.4241275032463763
COHFACE_s07_session0_lamp,4,242,48.06666666666667,-1.2556504011154175,-1.2665694059088448
COHFACE_s07_session0_lamp,4,243,48.1,-1.2498966455459595,-1.013740647208808
COHFACE_s07_session0_lamp,4,244,48.13333333333333,-1.0345861911773682,-0.713149557293421
COHFACE_s07_session0_lamp,4,245,48.166666666666664,-0.42919063568115234,-0.41232656791667543
COHFACE_s07_session0_lamp,4,246,48.2,0.2833626866340637,-0.14339361026555295
COHFACE_s07_session0_lamp,4,247,48.233333333333334,0.6422998905181885,0.0831178915920421
COHFACE_s07_session0_lamp,4,248,48.266666666666666,0.6443331837654114,0.273593459895083
COHFACE_s07_session0_lamp,4,249,48.3,0.5200873017311096,0.44027666847796765
COHFACE_s07_session0_lamp,4,250,48.333333333333336,0.43473321199417114,0.5901628633047796
COHFACE_s07_session0_lamp,4,251,48.36666666666667,0.32809463143348694,0.7205354678962059
COHFACE_s07_session0_lamp,4,252,48.4,0.20432467758655548,0.8222690695269497
COHFACE_s07_session0_lamp,4,253,48.43333333333333,0.15089723467826843,0.8863192866740154
COHFACE_s07_session0_lamp,4,254,48.46666666666667,0.17326322197914124,0.908777649529671
COHFACE_s07_session0_lamp,4,255,48.5,0.18901024758815765,0.89102363756101
COHFACE_s07_session0_lamp,4,256,48.53333333333333,0.12377253919839859,0.8362991687391289
COHFACE_s07_session0_lamp,4,257,48.56666666666667,0.03110729530453682,0.7483708139925201
COHFACE_s07_session0_lamp,4,258,48.6,-0.08794720470905304,0.6335052407082294
COHFACE_s07_session0_lamp,4,259,48.63333333333333,-0.19458577036857605,0.5022010494661362
COHFACE_s07_session0_lamp,4,260,48.666666666666664,-0.28123772144317627,0.36830877666042366
COHFACE_s07_session0_lamp,4,261,48.7,-0.3595835566520691,0.24504989763791157
COHFACE_s07_session0_lamp,4,262,48.733333333333334,-0.4166449308395386,0.13993523920850393
COHFACE_s07_session0_lamp,4,263,48.766666666666666,-0.4677795171737671,0.052606483690101666
COHFACE_s07_session0_lamp,4,264,48.8,-0.5066279768943787,-0.023196690289427974
COHFACE_s07_session0_lamp,4,265,48.833333333333336,-0.5271769762039185,-0.09545286339430857
COHFACE_s07_session0_lamp,4,266,48.86666666666667,-0.5618290901184082,-0.16982531595426367
COHFACE_s07_session0_lamp,4,267,48.9,-0.591895580291748,-0.24803155855558312
COHFACE_s07_session0_lamp,4,268,48.93333333333333,-0.6354162096977234,-0.3287276413972873
COHFACE_s07_session0_lamp,4,269,48.96666666666667,-0.6697222590446472,-0.4089211102968873
COHFACE_s07_session0_lamp,4,270,49.0,-0.6928669214248657,-0.48469556191401614
COHFACE_s07_session0_lamp,4,271,49.03333333333333,-0.7085274457931519,-0.5511269556025442
COHFACE_s07_session0_lamp,4,272,49.06666666666667,-0.752350926399231,-0.6019908270180989
COHFACE_s07_session0_lamp,4,273,49.1,-0.8049996495246887,-0.6303852304535432
COHFACE_s07_session0_lamp,4,274,49.13333333333333,-0.7971693873405457,-0.6307136268388013
COHFACE_s07_session0_lamp,4,275,49.166666666666664,-0.5665445923805237,-0.6016142272540375
COHFACE_s07_session0_lamp,4,276,49.2,0.012115680612623692,-0.5480566548156847
COHFACE_s07_session0_lamp,4,277,49.233333333333334,0.6048790216445923,-0.4799013622757987
COHFACE_s07_session0_lamp,4,278,49.266666666666666,0.8545820116996765,-0.40750094060884784
COHFACE_s07_session0_lamp,4,279,49.3,0.7947086691856384,-0.33808578982721577
COHFACE_s07_session0_lamp,4,280,49.333333333333336,0.6676941514015198,-0.2748618063702307
COHFACE_s07_session0_lamp,4,281,49.36666666666667,0.5345365405082703,-0.21847435312547323
COHFACE_s07_session0_lamp,4,282,49.4,0.35539236664772034,-0.1688870258499898
COHFACE_s07_session0_lamp,4,283,49.43333333333333,0.23607830703258514,-0.12468899525246457
COHFACE_s07_session0_lamp,4,284,49.46666666666667,0.23439112305641174,-0.08039346694142016
COHFACE_s07_session0_lamp,4,285,49.5,0.24935945868492126,-0.02569168786883904
COHFACE_s07_session0_lamp,4,286,49.53333333333333,0.25606492161750793,0.05179625581084245
COHFACE_s07_session0_lamp,4,287,49.56666666666667,0.18888047337532043,0.16162001788639163
COHFACE_s07_session0_lamp,4,288,49.6,0.08661126345396042,0.3061000000127664
COHFACE_s07_session0_lamp,4,289,49.63333333333333,-0.0005598170100711286,0.47975252379214467
COHFACE_s07_session0_lamp,4,290,49.666666666666664,-0.10754447430372238,0.6716073863890991
COHFACE_s07_session0_lamp,4,291,49.7,-0.19320142269134521,0.8655728374961632
COHFACE_s07_session0_lamp,4,292,49.733333333333334,-0.23659229278564453,1.0388621554943291
COHFACE_s07_session0_lamp,4,293,49.766666666666666,-0.27505138516426086,1.1633451496668958
COHFACE_s07_session0_lamp,4,294,49.8,-0.33570343255996704,1.211394026225596
COHFACE_s07_session0_lamp,4,295,49.833333333333336,-0.4010709226131439,1.1639279170827477
COHFACE_s07_session0_lamp,4,296,49.86666666666667,-0.4424285292625427,1.0171287779076896
COHFACE_s07_session0_lamp,4,297,49.9,-0.48962637782096863,0.783842947920803
COHFACE_s07_session0_lamp,4,298,49.93333333333333,-0.5206878185272217,0.48938476840810446
COHFACE_s07_session0_lamp,4,299,49.96666666666667,-0.5638623833656311,0.16518409589327837
