recording_id,measurement_id,sample_index,time_seconds,gt_signal,predicted_signal
BH_s33_medium,0,0,0.0,-1.0102211236953735,0.0987535539255787
BH_s33_medium,0,1,0.03333333333333333,-1.1092233657836914,0.418401776345998
BH_s33_medium,0,2,0.06666666666666667,-1.157721996307373,0.7169162800572582
BH_s33_medium,0,3,0.1,-1.2122348546981812,0.9721523626224773
BH_s33_medium,0,4,0.13333333333333333,-1.127265453338623,1.159475154590647
BH_s33_medium,0,5,0.16666666666666666,-0.6258542537689209,1.25527366444744
BH_s33_medium,0,6,0.2,0.24511821568012238,1.2416040721367823
BH_s33_medium,0,7,0.23333333333333334,1.1501703262329102,1.110650260946019
BH_s33_medium,0,8,0.26666666666666666,1.6343847513198853,0.8678832070009358
BH_s33_medium,0,9,0.3,1.5690758228302002,0.5331435619199351
BH_s33_medium,0,10,0.3333333333333333,1.191109299659729,0.13935911800343756
BH_s33_medium,0,11,0.36666666666666664,0.716145396232605,-0.2708768466694734
BH_s33_medium,0,12,0.4,0.3245326280593872,-0.6504064259555256
BH_s33_medium,0,13,0.43333333333333335,0.07641132175922394,-0.9536035744658734
BH_s33_medium,0,14,0.4666666666666667,0.05035047605633736,-1.1427896987383226
BH_s33_medium,0,15,0.5,0.10085389018058777,-1.1942513698010357
BH_s33_medium,0,16,0.5333333333333333,0.08242536336183548,-1.1028596046564814
BH_s33_medium,0,17,0.5666666666666667,0.01750277914106846,-0.8840574322367873
BH_s33_medium,0,18,0.6,-0.18050150573253632,-0.5718170566987517
BH_s33_medium,0,19,0.6333333333333333,-0.42900919914245605,-0.21136774486030835
BH_s33_medium,0,20,0.6666666666666666,-0.6270135045051575,0.15085837374265604
BH_s33_medium,0,21,0.7,-0.8250178098678589,0.47443190740764357
BH_s33_medium,0,22,0.7333333333333333,-0.9661182165145874,0.7280592694422254
BH_s33_medium,0,23,0.7666666666666667,-1.0651203393936157,0.8918987742883971
BH_s33_medium,0,24,0.8,-1.1617313623428345,0.9596546199471871
BH_s33_medium,0,25,0.8333333333333334,-1.1609586477279663,0.9380980017109322
BH_s33_medium,0,26,0.8666666666666667,-0.8651840090751648,0.8436292548356121
BH_s33_medium,0,27,0.9,-0.13014338910579681,0.697625825664271
BH_s33_medium,0,28,0.9333333333333333,0.8021287322044373,0.521629468480032
BH_s33_medium,0,29,0.9666666666666667,1.5196589231491089,0.33261910282985496
BH_s33_medium,0,30,1.0,1.6255933046340942,0.13946447770584275
BH_s33_medium,0,31,1.0333333333333334,1.3595024347305298,-0.05762653577875762
BH_s33_medium,0,32,1.0666666666666667,0.8392763733863831,-0.2636148848063778
BH_s33_medium,0,33,1.1,0.41597509384155273,-0.48113539146637613
BH_s33_medium,0,34,1.1333333333333333,0.11850960552692413,-0.7024310098375528
BH_s33_medium,0,35,1.1666666666666667,0.05035047605633736,-0.9067973071144991
BH_s33_medium,0,36,1.2,0.1296922266483307,-1.0646738807225853
BH_s33_medium,0,37,1.2333333333333334,0.201860710978508,-1.1443492808198212
BH_s33_medium,0,38,1.2666666666666666,0.1265283226966858,-1.1190054248260228
BH_s33_medium,0,39,1.3,0.004701883532106876,-0.9740153088553707
BH_s33_medium,0,40,1.3333333333333333,-0.24380581080913544,-0.7126840420340942
BH_s33_medium,0,41,1.3666666666666667,-0.4923135042190552,-0.35713452099307086
BH_s33_medium,0,42,1.4,-0.673507571220398,0.05592584271181058
BH_s33_medium,0,43,1.4333333333333333,-0.8378186821937561,0.481749975239487
BH_s33_medium,0,44,1.4666666666666666,-0.9725186824798584,0.8738871112095717
BH_s33_medium,0,45,1.5,-0.999424934387207,1.1886070212688167
BH_s33_medium,0,46,1.5333333333333334,-0.6544514894485474,1.388018027774416
BH_s33_medium,0,47,1.5666666666666667,0.06092876195907593,1.4444076128177787
BH_s33_medium,0,48,1.6,0.9471659064292908,1.3455345623380544
BH_s33_medium,0,49,1.6333333333333333,1.5205044746398926,1.0977050801052832
BH_s33_medium,0,50,1.6666666666666667,1.5631344318389893,0.7255338073798412
BH_s33_medium,0,51,1.7,1.2168564796447754,0.2695734305188137
BH_s33_medium,0,52,1.7333333333333334,0.7230775356292725,-0.21790517492659542
BH_s33_medium,0,53,1.7666666666666666,0.2733290195465088,-0.67960003445869
BH_s33_medium,0,54,1.8,0.05759638175368309,-1.0613639102209012
BH_s33_medium,0,55,1.8333333333333333,0.04109989106655121,-1.3193598503253623
BH_s33_medium,0,56,1.8666666666666667,0.0895986258983612,-1.425149315483264
BH_s33_medium,0,57,1.9,0.10085389018058777,-1.369192629905465
BH_s33_medium,0,58,1.9333333333333333,0.05035047605633736,-1.162414906488504
BH_s33_medium,0,59,1.9666666666666666,-0.11712455749511719,-0.834624630602231
BH_s33_medium,0,60,2.0,-0.3463582694530487,-0.42944582893447
BH_s33_medium,0,61,2.033333333333333,-0.5636365413665771,0.003513906001032442
BH_s33_medium,0,62,2.066666666666667,-0.7616408467292786,0.41704873061407105
BH_s33_medium,0,63,2.1,-0.9091417193412781,0.771959395805849
BH_s33_medium,0,64,2.1333333333333333,-0.9870104789733887,1.0389993394328967
BH_s33_medium,0,65,2.1666666666666665,-0.7314748167991638,1.1987886921711453
BH_s33_medium,0,66,2.2,-0.02935449220240116,1.2412784522846159
BH_s33_medium,0,67,2.2333333333333334,0.8616648316383362,1.165820034380385
BH_s33_medium,0,68,2.2666666666666666,1.5605254173278809,0.981602150526977
BH_s33_medium,0,69,2.3,1.6905884742736816,0.7070155912038032
BH_s33_medium,0,70,2.3333333333333335,1.3580294847488403,0.3677946429976137
BH_s33_medium,0,71,2.3666666666666667,0.8630187511444092,-0.004855828615790906
BH_s33_medium,0,72,2.4,0.42568472027778625,-0.37600789131329715
BH_s33_medium,0,73,2.433333333333333,0.09568531066179276,-0.7095429138034901
BH_s33_medium,0,74,2.466666666666667,0.05035047605633736,-0.9716482257127328
BH_s33_medium,0,75,2.5,0.05150970071554184,-1.1345757801499752
BH_s33_medium,0,76,2.533333333333333,0.10085389018058777,-1.1801924422379388
BH_s33_medium,0,77,2.566666666666667,0.05035047605633736,-1.103079166853749
BH_s33_medium,0,78,2.6,-0.14195352792739868,-0.9124170924620493
BH_s33_medium,0,79,2.6333333333333333,-0.3399578332901001,-0.6314860873367165
BH_s33_medium,0,80,2.6666666666666665,-0.5379621386528015,-0.2944599543842155
BH_s33_medium,0,81,2.7,-0.7359663844108582,0.058838751662249056
BH_s33_medium,0,82,2.7333333333333334,-0.9339706897735596,0.38885438003608386
BH_s33_medium,0,83,2.7666666666666666,-0.9240925908088684,0.6610229721297025
BH_s33_medium,0,84,2.8,-0.47185713052749634,0.8487133345831158
BH_s33_medium,0,85,2.8333333333333335,0.33489295840263367,0.9350516314276172
BH_s33_medium,0,86,2.8666666666666667,1.1963011026382446,0.9140998476185765
BH_s33_medium,0,87,2.9,1.6711691617965698,0.7914402136995579
BH_s33_medium,0,88,2.933333333333333,1.5896543264389038,0.5840111173805813
BH_s33_medium,0,89,2.966666666666667,1.2454535961151123,0.318860340709309
BH_s33_medium,0,90,3.0,0.7504429221153259,0.030365437346509205
BH_s33_medium,0,91,3.033333333333333,0.34511110186576843,-0.2444500763124439
BH_s33_medium,0,92,3.066666666666667,0.13377423584461212,-0.47173716667243665
BH_s33_medium,0,93,3.1,0.11643227934837341,-0.6259177222288975
BH_s33_medium,0,94,3.1333333333333333,0.1649310141801834,-0.69308410087063
BH_s33_medium,0,95,3.1666666666666665,0.13978826999664307,-0.6727058494897019
BH_s33_medium,0,96,3.2,0.040786128491163254,-0.5771653714679534
BH_s33_medium,0,97,3.2333333333333334,-0.16678251326084137,-0.4282465440891252
BH_s33_medium,0,98,3.2666666666666666,-0.3647868037223816,-0.25141041572625167
BH_s33_medium,0,99,3.3,-0.562791109085083,-0.07030195234446235
BH_s33_medium,0,100,3.3333333333333335,-0.759249746799469,0.09680184065808514
BH_s33_medium,0,101,3.3666666666666667,-0.9082962274551392,0.23792852908834006
BH_s33_medium,0,102,3.4,-0.9116780757904053,0.346355226246821
BH_s33_medium,0,103,3.433333333333333,-0.5780325531959534,0.4192481575155824
BH_s33_medium,0,104,3.466666666666667,0.20057938992977142,0.4568414046683452
BH_s33_medium,0,105,3.5,1.0851255655288696,0.46196093971208246
BH_s33_medium,0,106,3.533333333333333,1.6245298385620117,0.43967774472467314
BH_s33_medium,0,107,3.566666666666667,1.6409305334091187,0.3969494210253194
BH_s33_medium,0,108,3.6,1.2843880653381348,0.341962656547134
BH_s33_medium,0,109,3.6333333333333333,0.7893772721290588,0.28284928646717006
BH_s33_medium,0,110,3.6666666666666665,0.4088744819164276,0.22602633219915694
BH_s33_medium,0,111,3.7,0.1718631535768509,0.1749633234998648
BH_s33_medium,0,112,3.7333333333333334,0.15135730803012848,0.12994004795090944
BH_s33_medium,0,113,3.7666666666666666,0.201860710978508,0.08898849086370376
BH_s33_medium,0,114,3.8,0.17787720263004303,0.04957018318886466
BH_s33_medium,0,115,3.8333333333333335,0.07887504994869232,0.009995441144811804
BH_s33_medium,0,116,3.8666666666666667,-0.14110808074474335,-0.029914434293108964
BH_s33_medium,0,117,3.9,-0.33911237120628357,-0.06883415292243003
BH_s33_medium,0,118,3.933333333333333,-0.5876200795173645,-0.1047190392075585
BH_s33_medium,0,119,3.966666666666667,-0.735120952129364,-0.1366324507536016
BH_s33_medium,0,120,4.0,-0.9211698174476624,-0.16688358787212557
BH_s33_medium,0,121,4.033333333333333,-0.9398162364959717,-0.20188788066152774
BH_s33_medium,0,122,4.066666666666666,-0.6090208292007446,-0.2509662874988211
BH_s33_medium,0,123,4.1,0.09788165241479874,-0.3233119263805547
BH_s33_medium,0,124,4.133333333333334,0.8820253610610962,-0.424014497832661
BH_s33_medium,0,125,4.166666666666667,1.3653712272644043,-0.5505513401686754
BH_s33_medium,0,126,4.2,1.3130810260772705,-0.6907262595739725
BH_s33_medium,0,127,4.233333333333333,0.967721164226532,-0.8224713504484698
BH_s33_medium,0,128,4.266666666666667,0.5252912044525146,-0.9162169455164969
BH_s33_medium,0,129,4.3,0.16961735486984253,-0.9406188056775425
BH_s33_medium,0,130,4.333333333333333,0.007938429713249207,-0.8706311846784393
BH_s33_medium,0,131,4.366666666666666,-0.05065634846687317,-0.6951755102219511
BH_s33_medium,0,132,4.4,-0.012253659777343273,-0.42174492357195686
BH_s33_medium,0,133,4.433333333333334,-0.08705435693264008,-0.07587538646859068
BH_s33_medium,0,134,4.466666666666667,-0.22044982016086578,0.30438982476931314
BH_s33_medium,0,135,4.5,-0.418454110622406,0.6767394713184333
BH_s33_medium,0,136,4.533333333333333,-0.6164584159851074,1.0024113389370313
BH_s33_medium,0,137,4.566666666666666,-0.7860834002494812,1.2502757431183533
BH_s33_medium,0,138,4.6,-0.9619635939598083,1.3972246781139388
BH_s33_medium,0,139,4.633333333333334,-1.0850945711135864,1.4280686716618598
BH_s33_medium,0,140,4.666666666666667,-1.117000937461853,1.336595418797363
BH_s33_medium,0,141,4.7,-0.7870509624481201,1.1273814374248379
BH_s33_medium,0,142,4.733333333333333,-0.07367538660764694,0.8172129712511885
BH_s33_medium,0,143,4.766666666666667,0.6534918546676636,0.43452993831228887
BH_s33_medium,0,144,4.8,1.0386083126068115,0.016698407057728
BH_s33_medium,0,145,4.833333333333333,1.023393154144287,-0.39362004958493835
BH_s33_medium,0,146,4.866666666666666,0.7160496115684509,-0.7524349845541429
BH_s33_medium,0,147,4.9,0.3283734917640686,-1.0189057094513234
BH_s33_medium,0,148,4.933333333333334,0.037694867700338364,-1.1603797694717215
BH_s33_medium,0,149,4.966666666666667,-0.15598629415035248,-1.1577070557464404
BH_s33_medium,0,150,5.0,-0.2021665871143341,-1.00991351152951
BH_s33_medium,0,151,5.033333333333333,-0.2021665871143341,-0.7367411317682218
BH_s33_medium,0,152,5.066666666666666,-0.25097906589508057,-0.37721520968098443
BH_s33_medium,0,153,5.1,-0.3499812185764313,0.017471103628115763
BH_s33_medium,0,154,5.133333333333334,-0.5442898869514465,0.3948853751285152
BH_s33_medium,0,155,5.166666666666667,-0.742294192314148,0.7109332464319739
BH_s33_medium,0,156,5.2,-0.8897950649261475,0.9351773905613917
BH_s33_medium,0,157,5.233333333333333,-1.0490102767944336,1.0517624316706815
BH_s33_medium,0,158,5.266666666666667,-1.148012399673462,1.0569882954458327
BH_s33_medium,0,159,5.3,-1.2470145225524902,0.9553972527337367
BH_s33_medium,0,160,5.333333333333333,-1.1139097213745117,0.7562746131471407
BH_s33_medium,0,161,5.366666666666666,-0.6235852837562561,0.4720894542389947
BH_s33_medium,0,162,5.4,0.1002000942826271,0.11938759466849341
BH_s33_medium,0,163,5.433333333333334,0.7129320502281189,-0.2784620553028829
BH_s33_medium,0,164,5.466666666666667,0.908908486366272,-0.6886839701861016
BH_s33_medium,0,165,5.5,0.762398362159729,-1.0696125516325647
BH_s33_medium,0,166,5.533333333333333,0.47239670157432556,-1.3751672931201282
BH_s33_medium,0,167,5.566666666666666,0.14563383162021637,-1.561799428629007
BH_s33_medium,0,168,5.6,-0.067393958568573,-1.5962420950289922
BH_s33_medium,0,169,5.633333333333334,-0.1663961112499237,-1.4624524199161058
BH_s33_medium,0,170,5.666666666666667,-0.1516631692647934,-1.1662340345009439
BH_s33_medium,0,171,5.7,-0.1516631692647934,-0.7362931438412008
BH_s33_medium,0,172,5.733333333333333,-0.21088548004627228,-0.22082474775531372
BH_s33_medium,0,173,5.766666666666667,-0.3603910207748413,0.32069419950494216
BH_s33_medium,0,174,5.8,-0.5146061182022095,0.8281953217555464
BH_s33_medium,0,175,5.833333333333333,-0.7099055647850037,1.2496332307271336
BH_s33_medium,0,176,5.866666666666666,-0.8594111204147339,1.5457094308916948
BH_s33_medium,0,177,5.9,-0.9584132432937622,1.691848065494119
BH_s33_medium,0,178,5.933333333333334,-1.0574153661727905,1.678522872716707
BH_s33_medium,0,179,5.966666666666667,-1.1112279891967773,1.5105693804786533
BH_s33_medium,0,180,6.0,-1.0680431127548218,1.205831449922634
BH_s33_medium,0,181,6.033333333333333,-0.6528100371360779,0.7931436025407645
BH_s33_medium,0,182,6.066666666666666,-0.028944896534085274,0.3099376869568707
BH_s33_medium,0,183,6.1,0.5897284746170044,-0.19996020831781988
BH_s33_medium,0,184,6.133333333333334,0.8782339692115784,-0.6887077645259012
BH_s33_medium,0,185,6.166666666666667,0.7920821309089661,-1.1081051085108495
BH_s33_medium,0,186,6.2,0.5124176740646362,-1.4146004855572785
BH_s33_medium,0,187,6.233333333333333,0.2154112309217453,-1.5745127442878788
BH_s33_medium,0,188,6.266666666666667,-0.003944363910704851,-1.568680752418796
BH_s33_medium,0,189,6.3,-0.10115975886583328,-1.3961248294189883
BH_s33_medium,0,190,6.333333333333333,-0.10115975886583328,-1.0758274685929847
BH_s33_medium,0,191,6.366666666666666,-0.10115975886583328,-0.6453827997303307
BH_s33_medium,0,192,6.4,-0.12028846144676208,-0.15594613387223583
BH_s33_medium,0,193,6.433333333333334,-0.23641462624073029,0.3361641572784165
BH_s33_medium,0,194,6.466666666666667,-0.41929957270622253,0.7788870349840151
BH_s33_medium,0,195,6.5,-0.58191978931427,1.1309457171845376
BH_s33_medium,0,196,6.533333333333333,-0.7183107137680054,1.364327302258382
BH_s33_medium,0,197,6.566666666666666,-0.8173128366470337,1.4644192290415095
BH_s33_medium,0,198,6.6,-0.916314959526062,1.4289904597806347
BH_s33_medium,0,199,6.633333333333334,-1.0102211236953735,1.2663243250521763
BH_s33_medium,0,200,6.666666666666667,-1.004038691520691,0.9930004760696649
BH_s33_medium,0,201,6.7,-0.7511846423149109,0.6319569654665673
BH_s33_medium,0,202,6.733333333333333,-0.15717178583145142,0.211142266932165
BH_s33_medium,0,203,6.766666666666667,0.43684107065200806,-0.23727331697301296
BH_s33_medium,0,204,6.8,0.8436226844787598,-0.6774830259921394
BH_s33_medium,0,205,6.833333333333333,0.8148338198661804,-1.070985698236923
BH_s33_medium,0,206,6.866666666666666,0.5821950435638428,-1.3785926333010972
BH_s33_medium,0,207,6.9,0.2851886451244354,-1.564118706918089
BH_s33_medium,0,208,6.933333333333334,0.06329666078090668,-1.5996213051544352
BH_s33_medium,0,209,6.966666666666667,-0.07125803083181381,-1.4711904853367186
BH_s33_medium,0,210,7.0,-0.10115975886583328,-1.1838357357805889
BH_s33_medium,0,211,7.033333333333333,-0.05065634846687317,-0.7637588020360534
BH_s33_medium,0,212,7.066666666666666,-0.080194853246212,-0.25647991851324153
BH_s33_medium,0,213,7.1,-0.17919699847698212,0.2801581600711228
BH_s33_medium,0,214,7.133333333333334,-0.32870256900787354,0.7861179487817467
BH_s33_medium,0,215,7.166666666666667,-0.501732587814331,1.207811116100093
BH_s33_medium,0,216,7.2,-0.6492334604263306,1.5033347442098055
BH_s33_medium,0,217,7.233333333333333,-0.7772192358970642,1.6453150693567045
BH_s33_medium,0,218,7.266666666666667,-0.8762213587760925,1.6222581053944158
BH_s33_medium,0,219,7.3,-0.9247201085090637,1.4387903614576516
BH_s33_medium,0,220,7.333333333333333,-0.9732188582420349,1.1148758615567271
BH_s33_medium,0,221,7.366666666666666,-1.0217175483703613,0.6837743052977385
BH_s33_medium,0,222,7.4,-1.0607246160507202,0.18876345617480278
BH_s33_medium,0,223,7.433333333333334,-1.0382635593414307,-0.3210151678245912
BH_s33_medium,0,224,7.466666666666667,-0.6743066310882568,-0.7953463544942166
BH_s33_medium,0,225,7.5,-0.07681610435247421,-1.1881551688596548
BH_s33_medium,0,226,7.533333333333333,0.5612765550613403,-1.4626016711719096
BH_s33_medium,0,227,7.566666666666666,0.8573417067527771,-1.595144113344405
BH_s33_medium,0,228,7.6,0.8104380369186401,-1.5778491812557998
BH_s33_medium,0,229,7.633333333333334,0.5644667148590088,-1.4184855053642738
BH_s33_medium,0,230,7.666666666666667,0.27200132608413696,-1.1384280432208358
BH_s33_medium,0,231,7.7,0.06745130568742752,-0.76888906346619
BH_s33_medium,0,232,7.733333333333333,-0.0001529350265627727,-0.3463976186122117
BH_s33_medium,0,233,7.766666666666667,-0.012712711468338966,0.09127292296452268
BH_s33_medium,0,234,7.8,-0.0001529350265627727,0.5082098181540204
BH_s33_medium,0,235,7.833333333333333,-0.0001529350265627727,0.8726570831750906
BH_s33_medium,0,236,7.866666666666666,-0.08258594572544098,1.158688857098059
BH_s33_medium,0,237,7.9,-0.2620164155960083,1.347333516599674
BH_s33_medium,0,238,7.933333333333334,-0.43210047483444214,1.4274343852009759
BH_s33_medium,0,239,7.966666666666667,-0.5816060304641724,1.3966224340845244
BH_s33_medium,0,240,8.0,-0.6806081533432007,1.2618639350672844
BH_s33_medium,0,241,8.033333333333333,-0.7796103358268738,1.0382741336231587
BH_s33_medium,0,242,8.066666666666666,-0.8281090259552002,0.7464575213796675
BH_s33_medium,0,243,8.1,-0.8766077756881714,0.4101729695537738
BH_s33_medium,0,244,8.133333333333333,-0.9251065254211426,0.054847159907349174
BH_s33_medium,0,245,8.166666666666666,-0.9597177505493164,-0.29388925895530854
BH_s33_medium,0,246,8.2,-0.823062539100647,-0.6119612640925245
BH_s33_medium,0,247,8.233333333333333,-0.39541497826576233,-0.8785622155327679
BH_s33_medium,0,248,8.266666666666667,0.20647133886814117,-1.0773530973890453
BH_s33_medium,0,249,8.3,0.7245010733604431,-1.1966515512291898
BH_s33_medium,0,250,8.333333333333334,0.854541003704071,-1.2288608772073615
BH_s33_medium,0,251,8.366666666666667,0.7013166546821594,-1.170064220688296
BH_s33_medium,0,252,8.4,0.4043102264404297,-1.020565029116783
BH_s33_medium,0,253,8.433333333333334,0.15565723180770874,-0.7867813794349129
BH_s33_medium,0,254,8.466666666666667,0.004001712892204523,-0.48379581178651787
BH_s33_medium,0,255,8.5,-0.04449702054262161,-0.13688227633800876
BH_s33_medium,0,256,8.533333333333333,-0.0001529350265627727,0.21954366921829313
BH_s33_medium,0,257,8.566666666666666,0.05035047605633736,0.5465675788165478
BH_s33_medium,0,258,8.6,-0.0001529350265627727,0.8080552086862713
BH_s33_medium,0,259,8.633333333333333,-0.13748511672019958,0.9777474019520958
BH_s33_medium,0,260,8.666666666666666,-0.321311354637146,1.0439076132642184
BH_s33_medium,0,261,8.7,-0.4688122272491455,1.0102268565106414
BH_s33_medium,0,262,8.733333333333333,-0.616313099861145,0.8930505432702553
BH_s33_medium,0,263,8.766666666666667,-0.7355073690414429,0.7162939450197218
BH_s33_medium,0,264,8.8,-0.8082075119018555,0.5056359390736942
BH_s33_medium,0,265,8.833333333333334,-0.8830082416534424,0.2835325470786162
BH_s33_medium,0,266,8.866666666666667,-0.9315069317817688,0.0660853922405851
BH_s33_medium,0,267,8.9,-0.919141948223114,-0.1378092341350084
BH_s33_medium,0,268,8.933333333333334,-0.565281093120575,-0.32492581439151186
BH_s33_medium,0,269,8.966666666666667,-0.0034883918706327677,-0.4940161735275209
BH_s33_medium,0,270,9.0,0.5762506127357483,-0.6414657410254485
BH_s33_medium,0,271,9.033333333333333,0.8706742525100708,-0.7587963734513172
BH_s33_medium,0,272,9.066666666666666,0.83787602186203,-0.8331218614574504
BH_s33_medium,0,273,9.1,0.5811085104942322,-0.8500454897818764
BH_s33_medium,0,274,9.133333333333333,0.29035723209381104,-0.7980970545527127
BH_s33_medium,0,275,9.166666666666666,0.05035047605633736,-0.6735716128060512
BH_s33_medium,0,276,9.2,-0.0001529350265627727,-0.48428526014588136
BH_s33_medium,0,277,9.233333333333333,-0.0001529350265627727,-0.2506561869451229
BH_s33_medium,0,278,9.266666666666667,0.04858691617846489,-0.003038054904436676
BH_s33_medium,0,279,9.3,0.003615305759012699,0.22496063670405844
BH_s33_medium,0,280,9.333333333333334,-0.0896139144897461,0.40502906718311604
BH_s33_medium,0,281,9.366666666666667,-0.2371147871017456,0.5204134118746739
BH_s33_medium,0,282,9.4,-0.435119092464447,0.5677547642534286
BH_s33_medium,0,283,9.433333333333334,-0.5826199650764465,0.5548159629759759
BH_s33_medium,0,284,9.466666666666667,-0.730120837688446,0.4959548897490158
BH_s33_medium,0,285,9.5,-0.8429146409034729,0.4082564962520115
BH_s33_medium,0,286,9.533333333333333,-0.9092143774032593,0.3092466041574053
BH_s33_medium,0,287,9.566666666666666,-0.9904155135154724,0.21500734800134327
BH_s33_medium,0,288,9.6,-1.0102211236953735,0.13816067520153474
BH_s33_medium,0,289,9.633333333333333,-0.8024608492851257,0.08609122037730006
BH_s33_medium,0,290,9.666666666666666,-0.2560780942440033,0.05990640704592562
BH_s33_medium,0,291,9.7,0.3884381949901581,0.05467130167047609
BH_s33_medium,0,292,9.733333333333333,0.8699246644973755,0.06111799702262344
BH_s33_medium,0,293,9.766666666666667,0.991245687007904,0.0686096275636409
BH_s33_medium,0,294,9.8,0.7745717167854309,0.06848948741883691
BH_s33_medium,0,295,9.833333333333334,0.5114037394523621,0.05643527948575733
BH_s33_medium,0,296,9.866666666666667,0.22705291211605072,0.03296016266636248
BH_s33_medium,0,297,9.9,0.05035047605633736,0.0018937599803413273
BH_s33_medium,0,298,9.933333333333334,0.008493312634527683,-0.03223219321369333
BH_s33_medium,0,299,9.966666666666667,0.05035047605633736,-0.06610110203242148
BH_s33_medium,1,0,10.0,0.05035047605633736,-0.08139010339841576
BH_s33_medium,1,1,10.033333333333333,0.04771827161312103,-0.012301942282645882
BH_s33_medium,1,2,10.066666666666666,-0.1024148166179657,0.07524752428805595
BH_s33_medium,1,3,10.1,-0.3004190921783447,0.1911372576968368
BH_s33_medium,1,4,10.133333333333333,-0.44791996479034424,0.3353255115084859
BH_s33_medium,1,5,10.166666666666666,-0.6008073687553406,0.4983753764678602
BH_s33_medium,1,6,10.2,-0.7429217100143433,0.6649126542406496
BH_s33_medium,1,7,10.233333333333333,-0.8493150472640991,0.8179547540621148
BH_s33_medium,1,8,10.266666666666667,-0.9092143774032593,0.942298382457248
BH_s33_medium,1,9,10.3,-0.83501797914505,1.025786456402424
BH_s33_medium,1,10,10.333333333333334,-0.39563289284706116,1.0589740673911707
BH_s33_medium,1,11,10.366666666666667,0.281972199678421,1.0351876699498652
BH_s33_medium,1,12,10.4,0.8623155355453491,0.9516416324939609
BH_s33_medium,1,13,10.433333333333334,1.1400015354156494,0.8107346447192141
BH_s33_medium,1,14,10.466666666666667,1.0296977758407593,0.6207920079373284
BH_s33_medium,1,15,10.5,0.7076212763786316,0.39584244955366044
BH_s33_medium,1,16,10.533333333333333,0.3851815164089203,0.15425879792480837
BH_s33_medium,1,17,10.566666666666666,0.15973924100399017,-0.08360837498250433
BH_s33_medium,1,18,10.6,0.05035047605633736,-0.2983937174228939
BH_s33_medium,1,19,10.633333333333333,0.06740185618400574,-0.4746137715473711
BH_s33_medium,1,20,10.666666666666666,0.15135730803012848,-0.6028494959827246
BH_s33_medium,1,21,10.7,0.13831529021263123,-0.6806612092340457
BH_s33_medium,1,22,10.733333333333333,0.039313141256570816,-0.7118122005349119
BH_s33_medium,1,23,10.766666666666667,-0.11922506988048553,-0.7036091304177092
BH_s33_medium,1,24,10.8,-0.31722936034202576,-0.6636191223439215
BH_s33_medium,1,25,10.833333333333334,-0.5102103352546692,-0.5981943443939511
BH_s33_medium,1,26,10.866666666666667,-0.6597158908843994,-0.5132688143704686
BH_s33_medium,1,27,10.9,-0.7587180733680725,-0.41583983012413966
BH_s33_medium,1,28,10.933333333333334,-0.8082075119018555,-0.3148251188542575
BH_s33_medium,1,29,10.966666666666667,-0.5171687602996826,-0.22061099217130845
BH_s33_medium,1,30,11.0,0.07085324823856354,-0.14333092744861814
BH_s33_medium,1,31,11.033333333333333,0.8093715906143188,-0.09063619327623539
BH_s33_medium,1,32,11.066666666666666,1.193910002708435,-0.06575081497990619
BH_s33_medium,1,33,11.1,1.1834537982940674,-0.06647966115907061
BH_s33_medium,1,34,11.133333333333333,0.8974615335464478,-0.08531492677345218
BH_s33_medium,1,35,11.166666666666666,0.5144718289375305,-0.11026792648056902
BH_s33_medium,1,36,11.2,0.20244187116622925,-0.1264307869471926
BH_s33_medium,1,37,11.233333333333333,0.05035047605633736,-0.11861591665778015
BH_s33_medium,1,38,11.266666666666667,0.02931292913854122,-0.07480514247604911
BH_s33_medium,1,39,11.3,0.05035047605633736,0.010509873774507458
BH_s33_medium,1,40,11.333333333333334,0.05035047605633736,0.1341486385720129
BH_s33_medium,1,41,11.366666666666667,-0.04705658182501793,0.28422606734483075
BH_s33_medium,1,42,11.4,-0.22361372411251068,0.4423054595083878
BH_s33_medium,1,43,11.433333333333334,-0.39256173372268677,0.5867316550317293
BH_s33_medium,1,44,11.466666666666667,-0.5905660390853882,0.6963558307887433
BH_s33_medium,1,45,11.5,-0.7731372117996216,0.7541664713449567
BH_s33_medium,1,46,11.533333333333333,-0.9226427674293518,0.7500150829576396
BH_s33_medium,1,47,11.566666666666666,-0.9987974166870117,0.6813986651601103
BH_s33_medium,1,48,11.6,-0.8210346698760986,0.5524550161125986
BH_s33_medium,1,49,11.633333333333333,-0.30177614092826843,0.3724414374083552
BH_s33_medium,1,50,11.666666666666666,0.3858291506767273,0.1546870775647217
BH_s33_medium,1,51,11.7,0.9157185554504395,-0.0835225615464139
BH_s33_medium,1,52,11.733333333333333,0.9580115675926208,-0.3207315435122589
BH_s33_medium,1,53,11.766666666666667,0.7592112421989441,-0.532243723093109
BH_s33_medium,1,54,11.8,0.3638070225715637,-0.6930234986417003
BH_s33_medium,1,55,11.833333333333334,0.06419157236814499,-0.7824468248196983
BH_s33_medium,1,56,11.866666666666667,-0.13842640817165375,-0.789395739362257
BH_s33_medium,1,57,11.9,-0.2021665871143341,-0.7150773398788297
BH_s33_medium,1,58,11.933333333333334,-0.2021665871143341,-0.5725030393426533
BH_s33_medium,1,59,11.966666666666667,-0.2021665871143341,-0.3833325192752613
BH_s33_medium,1,60,12.0,-0.28853631019592285,-0.17330828533132292
BH_s33_medium,1,61,12.033333333333333,-0.4214000701904297,0.03222521289619405
BH_s33_medium,1,62,12.066666666666666,-0.5689009428024292,0.21169383897257546
BH_s33_medium,1,63,12.1,-0.7669052481651306,0.34913232062552607
BH_s33_medium,1,64,12.133333333333333,-0.9144061207771301,0.43455307641076407
BH_s33_medium,1,65,12.166666666666666,-1.0360641479492188,0.46330581337354815
BH_s33_medium,1,66,12.2,-1.135066270828247,0.4350977504109698
BH_s33_medium,1,67,12.233333333333333,-1.190401315689087,0.3533806496751632
BH_s33_medium,1,68,12.266666666666667,-0.9110768437385559,0.22546077730958147
BH_s33_medium,1,69,12.3,-0.32991430163383484,0.06325290799089384
BH_s33_medium,1,70,12.333333333333334,0.28095826506614685,-0.11593004993033647
BH_s33_medium,1,71,12.366666666666667,0.6197028160095215,-0.2895409335633117
BH_s33_medium,1,72,12.4,0.582267701625824,-0.4319305738406144
BH_s33_medium,1,73,12.433333333333334,0.31414908170700073,-0.5191661496439195
BH_s33_medium,1,74,12.466666666666667,0.02694810926914215,-0.5351826736712598
BH_s33_medium,1,75,12.5,-0.21375879645347595,-0.4760650060825075
BH_s33_medium,1,76,12.533333333333333,-0.35367682576179504,-0.3508818428525077
BH_s33_medium,1,77,12.566666666666666,-0.35367682576179504,-0.17942931653429867
BH_s33_medium,1,78,12.6,-0.35367682576179504,0.01226018784495353
BH_s33_medium,1,79,12.633333333333333,-0.35367682576179504,0.19746373794882977
BH_s33_medium,1,80,12.666666666666666,-0.4504563510417938,0.35396536187833694
BH_s33_medium,1,81,12.7,-0.5937299132347107,0.46747565354052917
BH_s33_medium,1,82,12.733333333333333,-0.7494674921035767,0.5325709643440556
BH_s33_medium,1,83,12.766666666666667,-0.8887317180633545,0.5512524359734896
BH_s33_medium,1,84,12.8,-0.9979751706123352,0.5301019389249481
BH_s33_medium,1,85,12.833333333333334,-1.0969773530960083,0.47765013950363827
BH_s33_medium,1,86,12.866666666666667,-1.14547598361969,0.40267705464679265
BH_s33_medium,1,87,12.9,-1.0144978761672974,0.31316762153516353
BH_s33_medium,1,88,12.933333333333334,-0.5762720704078674,0.2157909268761168
BH_s33_medium,1,89,12.966666666666667,-0.01049317792057991,0.1160075252344861
BH_s33_medium,1,90,13.0,0.4320589005947113,0.018729955381871968
BH_s33_medium,1,91,13.033333333333333,0.5311599373817444,-0.07070960337916726
BH_s33_medium,1,92,13.066666666666666,0.6745818853378296,-0.145863160555468
BH_s33_medium,1,93,13.1,0.10078432410955429,-0.19952123715431347
BH_s33_medium,1,94,13.133333333333333,-0.4265192151069641,-0.22534226512044164
BH_s33_medium,1,95,13.166666666666666,-0.7234066128730774,-0.22034017137812828
BH_s33_medium,1,96,13.2,-0.7435028553009033,-0.18723053383986044
BH_s33_medium,1,97,13.233333333333333,-0.6323041915893555,-0.13525546541607153
BH_s33_medium,1,98,13.266666666666667,-0.5153789520263672,-0.07887128729102895
BH_s33_medium,1,99,13.3,-0.6225682497024536,-0.03460088139989442
BH_s33_medium,1,100,13.333333333333334,-0.8710759878158569,-0.016991057385297954
BH_s33_medium,1,101,13.366666666666667,-1.123761534690857,-0.03509243529390814
BH_s33_medium,1,102,13.4,-1.4185948371887207,-0.09060956327417914
BH_s33_medium,1,103,13.433333333333334,-1.6165990829467773,-0.17838922041238853
BH_s33_medium,1,104,13.466666666666667,-1.814603328704834,-0.28848443983602406
BH_s33_medium,1,105,13.5,-1.9154417514801025,-0.4078263533946543
BH_s33_medium,1,106,13.533333333333333,-1.5949865579605103,-0.521042446079332
BH_s33_medium,1,107,13.566666666666666,-0.692546546459198,-0.6115413545949145
BH_s33_medium,1,108,13.6,0.44698041677474976,-0.6632202554972318
BH_s33_medium,1,109,13.633333333333333,1.2417781352996826,-0.6622301801470747
BH_s33_medium,1,110,13.666666666666666,1.290160894393921,-0.5986895808814188
BH_s33_medium,1,111,13.7,0.8526120185852051,-0.46865526571386823
BH_s33_medium,1,112,13.733333333333333,0.2585991621017456,-0.27603811913417386
BH_s33_medium,1,113,13.766666666666667,-0.22366011142730713,-0.03353997144650301
BH_s33_medium,1,114,13.8,-0.48330405354499817,0.23789492234525855
BH_s33_medium,1,115,13.833333333333334,-0.4785713255405426,0.5110900178892626
BH_s33_medium,1,116,13.866666666666667,-0.3549581468105316,0.7560714941817988
BH_s33_medium,1,117,13.9,-0.3031734228134155,0.9448066954249108
BH_s33_medium,1,118,13.933333333333334,-0.3948802053928375,1.056314715089735
BH_s33_medium,1,119,13.966666666666667,-0.661984920501709,1.080495806502266
BH_s33_medium,1,120,14.0,-0.9423990249633789,1.0196434017254223
BH_s33_medium,1,121,14.033333333333333,-1.2054944038391113,0.8873810428080922
BH_s33_medium,1,122,14.066666666666666,-1.439414381980896,0.7052325580640179
BH_s33_medium,1,123,14.1,-1.626840353012085,0.497486353501943
BH_s33_medium,1,124,14.133333333333333,-1.5733940601348877,0.28587595992343084
BH_s33_medium,1,125,14.166666666666666,-0.8874595761299133,0.08620806958583314
BH_s33_medium,1,126,14.2,0.20612822473049164,-0.09222139977513666
BH_s33_medium,1,127,14.233333333333333,1.2272863388061523,-0.2449965130252257
BH_s33_medium,1,128,14.266666666666667,1.5643430948257446,-0.36995458031624306
BH_s33_medium,1,129,14.3,1.2682315111160278,-0.465123086844996
BH_s33_medium,1,130,14.333333333333334,0.7276216745376587,-0.5279325873570271
BH_s33_medium,1,131,14.366666666666667,0.1336088329553604,-0.5554497819012633
BH_s33_medium,1,132,14.4,-0.17977507412433624,-0.5453317598801863
BH_s33_medium,1,133,14.433333333333334,-0.2526699900627136,-0.49724811165283483
BH_s33_medium,1,134,14.466666666666667,-0.2136397808790207,-0.41442551476848155
BH_s33_medium,1,135,14.5,-0.11463763564825058,-0.3049135818019726
BH_s33_medium,1,136,14.533333333333333,-0.1866840273141861,-0.1820772411934813
BH_s33_medium,1,137,14.566666666666666,-0.4022219181060791,-0.0638146848386373
BH_s33_medium,1,138,14.6,-0.6992283463478088,0.029645355211056008
BH_s33_medium,1,139,14.633333333333333,-0.9457314014434814,0.07908714238843954
BH_s33_medium,1,140,14.666666666666666,-1.1922343969345093,0.07029974452819256
BH_s33_medium,1,141,14.7,-1.4137399196624756,-0.0019806289826879778
BH_s33_medium,1,142,14.733333333333333,-1.515255331993103,-0.13110298595613157
BH_s33_medium,1,143,14.766666666666667,-1.2378164529800415,-0.29755308178632367
BH_s33_medium,1,144,14.8,-0.3278895318508148,-0.47076023349414126
BH_s33_medium,1,145,14.833333333333334,0.8096327781677246,-0.6139055653691909
BH_s33_medium,1,146,14.866666666666667,1.6758524179458618,-0.6910528530246901
BH_s33_medium,1,147,14.9,1.7790617942810059,-0.6750023974618438
BH_s33_medium,1,148,14.933333333333334,1.3481544256210327,-0.5540066337980899
BH_s33_medium,1,149,14.966666666666667,0.7125982046127319,-0.33546129667852465
BH_s33_medium,1,150,15.0,0.2245427966117859,-0.045378662798129334
BH_s33_medium,1,151,15.033333333333333,-0.05560699850320816,0.2766461089174803
BH_s33_medium,1,152,15.066666666666666,-0.098213791847229,0.5859094549399549
BH_s33_medium,1,153,15.1,0.0007883554208092391,0.8422031034167567
BH_s33_medium,1,154,15.133333333333333,0.05035047605633736,1.0176576854687396
BH_s33_medium,1,155,15.166666666666666,-0.09502361714839935,1.099851950728295
BH_s33_medium,1,156,15.2,-0.3384585678577423,1.0898206411771725
BH_s33_medium,1,157,15.233333333333333,-0.6354650259017944,0.9971910712433052
BH_s33_medium,1,158,15.266666666666667,-0.8910501599311829,0.8348507435853691
BH_s33_medium,1,159,15.3,-1.1395578384399414,0.6151895312173421
BH_s33_medium,1,160,15.333333333333334,-1.337562084197998,0.34921048077512284
BH_s33_medium,1,161,15.366666666666667,-1.4850629568099976,0.04881434173779524
BH_s33_medium,1,162,15.4,-1.5657587051391602,-0.2693030748094082
BH_s33_medium,1,163,15.433333333333334,-1.2449666261672974,-0.5811887912059601
BH_s33_medium,1,164,15.466666666666667,-0.30397865176200867,-0.856302086751074
BH_s33_medium,1,165,15.5,0.911435604095459,-1.0612548212919992
BH_s33_medium,1,166,15.533333333333333,1.8692662715911865,-1.1657140211341384
BH_s33_medium,1,167,15.566666666666666,2.023728609085083,-1.1488493214779905
BH_s33_medium,1,168,15.6,1.6100906133651733,-1.004757548692963
BH_s33_medium,1,169,15.633333333333333,1.0258368253707886,-0.7455521411670212
BH_s33_medium,1,170,15.666666666666666,0.48592403531074524,-0.4007547138510184
BH_s33_medium,1,171,15.7,0.17113979160785675,-0.0118677563046657
BH_s33_medium,1,172,15.733333333333333,0.11420966684818268,0.37602690101557024
BH_s33_medium,1,173,15.766666666666667,0.2132118195295334,0.7211899146832467
BH_s33_medium,1,174,15.8,0.24301770329475403,0.9890663820212582
BH_s33_medium,1,175,15.833333333333334,0.13667382299900055,1.1545145814624986
BH_s33_medium,1,176,15.866666666666667,-0.07200457900762558,1.2032701856751502
BH_s33_medium,1,177,15.9,-0.4141773581504822,1.1325171432750663
BH_s33_medium,1,178,15.933333333333334,-0.7111837863922119,0.9503634184428601
BH_s33_medium,1,179,15.966666666666667,-0.9583638310432434,0.6740056014053475
BH_s33_medium,1,180,16.0,-1.1563681364059448,0.3272582782512834
BH_s33_medium,1,181,16.033333333333335,-1.3085553646087646,-0.06111882295409843
BH_s33_medium,1,182,16.066666666666666,-1.407557487487793,-0.4581583642731627
BH_s33_medium,1,183,16.1,-1.5570629835128784,-0.8276330505789204
BH_s33_medium,1,184,16.133333333333333,-1.3958462476730347,-1.132206144232505
BH_s33_medium,1,185,16.166666666666668,-0.6322376728057861,-1.3372874287338132
BH_s33_medium,1,186,16.2,0.6019652485847473,-1.4162131773427808
BH_s33_medium,1,187,16.233333333333334,1.8528393507003784,-1.3554506397152732
BH_s33_medium,1,188,16.266666666666666,2.354788303375244,-1.1581383833140175
BH_s33_medium,1,189,16.3,2.1236023902893066,-0.8441974380839488
BH_s33_medium,1,190,16.333333333333332,1.5503133535385132,-0.4468018108609387
BH_s33_medium,1,191,16.366666666666667,0.9563005566596985,-0.006611447055245282
BH_s33_medium,1,192,16.4,0.5345912575721741,0.43425396450134013
BH_s33_medium,1,193,16.433333333333334,0.40387436747550964,0.8363337600269111
BH_s33_medium,1,194,16.466666666666665,0.47413399815559387,1.1648078955893693
BH_s33_medium,1,195,16.5,0.5731361508369446,1.3909547273397664
BH_s33_medium,1,196,16.533333333333335,0.5238908529281616,1.4939147365678713
BH_s33_medium,1,197,16.566666666666666,0.31214439868927,1.4624972875677407
BH_s33_medium,1,198,16.6,0.015137959271669388,1.2967353560421242
BH_s33_medium,1,199,16.633333333333333,-0.33237189054489136,1.008889683816556
BH_s33_medium,1,200,16.666666666666668,-0.6216501593589783,0.6234595942499659
BH_s33_medium,1,201,16.7,-0.8701578974723816,0.17570517473414948
BH_s33_medium,1,202,16.733333333333334,-1.068162202835083,-0.29129945256455825
BH_s33_medium,1,203,16.766666666666666,-1.2122348546981812,-0.7305072156121948
BH_s33_medium,1,204,16.8,-1.0113835334777832,-1.0953501709975304
BH_s33_medium,1,205,16.833333333333332,-0.07590415328741074,-1.3447532698116649
BH_s33_medium,1,206,16.866666666666667,1.2484368085861206,-1.4483505387546305
BH_s33_medium,1,207,16.9,2.360964775085449,-1.3911412630827837
BH_s33_medium,1,208,16.933333333333334,2.6260244846343994,-1.1768799645690553
BH_s33_medium,1,209,16.966666666666665,2.2735671997070312,-0.8295684795836236
BH_s33_medium,1,210,17.0,1.601180076599121,-0.39176551563709316
BH_s33_medium,1,211,17.033333333333335,0.9948484897613525,0.08188271437728073
BH_s33_medium,1,212,17.066666666666666,0.6043686270713806,0.5343814845881245
BH_s33_medium,1,213,17.1,0.5048812031745911,0.9149866818063832
BH_s33_medium,1,214,17.133333333333333,0.5350472331047058,1.184390362314039
BH_s33_medium,1,215,17.166666666666668,0.6058880090713501,1.3167192021803231
BH_s33_medium,1,216,17.2,0.5030712485313416,1.2997393081915294
BH_s33_medium,1,217,17.233333333333334,0.2062595635652542,1.1353062217155596
BH_s33_medium,1,218,17.266666666666666,-0.08874218910932541,0.8399973086589934
BH_s33_medium,1,219,17.3,-0.43424734473228455,0.44377792106141395
BH_s33_medium,1,220,17.333333333333332,-0.7616145610809326,-0.013280788206774238
BH_s33_medium,1,221,17.366666666666667,-0.9919843077659607,-0.4840040764566121
BH_s33_medium,1,222,17.4,-1.189988613128662,-0.9168335973228909
BH_s33_medium,1,223,17.433333333333334,-1.2384904623031616,-1.260382172945128
BH_s33_medium,1,224,17.466666666666665,-0.7575185894966125,-1.4702776080044844
BH_s33_medium,1,225,17.5,0.37408241629600525,-1.5167548966475837
BH_s33_medium,1,226,17.533333333333335,1.8407849073410034,-1.3909710447552548
BH_s33_medium,1,227,17.566666666666666,2.7898502349853516,-1.107849599087747
BH_s33_medium,1,228,17.6,2.819636106491089,-0.7039398575088315
BH_s33_medium,1,229,17.633333333333333,2.3223330974578857,-0.2298157174927047
BH_s33_medium,1,230,17.666666666666668,1.6293182373046875,0.2603807857868868
BH_s33_medium,1,231,17.7,1.0294829607009888,0.7170654117900445
BH_s33_medium,1,232,17.733333333333334,0.6682278513908386,1.0990085122109805
BH_s33_medium,1,233,17.766666666666666,0.6058880090713501,1.37428413527511
BH_s33_medium,1,234,17.8,0.6969672441482544,1.5202755388827298
BH_s33_medium,1,235,17.833333333333332,0.6683236956596375,1.5244323793644492
BH_s33_medium,1,236,17.866666666666667,0.4822516441345215,1.3859502169265878
BH_s33_medium,1,237,17.9,0.148678719997406,1.116953314773646
BH_s33_medium,1,238,17.933333333333334,-0.18088483810424805,0.7422737235159994
BH_s33_medium,1,239,17.966666666666665,-0.5463409423828125,0.2976705078590935
BH_s33_medium,1,240,18.0,-0.843347430229187,-0.17339499108719014
BH_s33_medium,1,241,18.033333333333335,-1.0898504257202148,-0.6240162794833916
BH_s33_medium,1,242,18.066666666666666,-1.3118150234222412,-1.0086860551767183
BH_s33_medium,1,243,18.1,-1.3691810369491577,-1.2882229696562872
BH_s33_medium,1,244,18.133333333333333,-0.8759632110595703,-1.4342550691960854
BH_s33_medium,1,245,18.166666666666668,0.29116716980934143,-1.4326788573471743
BH_s33_medium,1,246,18.2,1.7131855487823486,-1.2856074424262425
BH_s33_medium,1,247,18.233333333333334,2.619065999984741,-1.011425128236026
BH_s33_medium,1,248,18.266666666666666,2.6644797325134277,-0.6426312417044366
BH_s33_medium,1,249,18.3,2.097954273223877,-0.2213211633208813
BH_s33_medium,1,250,18.333333333333332,1.354435920715332,0.20681012725614997
BH_s33_medium,1,251,18.366666666666667,0.7249168753623962,0.5981102913913703
BH_s33_medium,1,252,18.4,0.3443877398967743,0.9151444575962732
BH_s33_medium,1,253,18.433333333333334,0.2523641288280487,1.129132012277405
BH_s33_medium,1,254,18.466666666666665,0.2523641288280487,1.2212369878087257
BH_s33_medium,1,255,18.5,0.2523641288280487,1.1838855919960232
BH_s33_medium,1,256,18.533333333333335,0.05740471929311752,1.0223059377178685
BH_s33_medium,1,257,18.566666666666666,-0.23054279386997223,0.7553940702275771
BH_s33_medium,1,258,18.6,-0.5835844278335571,0.41477078999020445
BH_s33_medium,1,259,18.633333333333333,-0.9310942888259888,0.04097786100685158
BH_s33_medium,1,260,18.666666666666668,-1.2281006574630737,-0.32253179151629613
BH_s33_medium,1,261,18.7,-1.4881542921066284,-0.6353030105785255
BH_s33_medium,1,262,18.733333333333334,-1.686158537864685,-0.8643079954811413
BH_s33_medium,1,263,18.766666666666666,-1.7018853425979614,-0.9866418523090176
BH_s33_medium,1,264,18.8,-1.1048599481582642,-0.9909525469506572
BH_s33_medium,1,265,18.833333333333332,0.12347420305013657,-0.8785365801518195
BH_s33_medium,1,266,18.866666666666667,1.4845794439315796,-0.664066745287557
BH_s33_medium,1,267,18.9,2.2462682723999023,-0.37491919673385854
BH_s33_medium,1,268,18.933333333333334,2.130316734313965,-0.048193030419709515
BH_s33_medium,1,269,18.966666666666665,1.5200514793395996,0.27503821696276953
BH_s33_medium,1,270,19.0,0.8270364999771118,0.5566996807448027
BH_s33_medium,1,271,19.033333333333335,0.21833710372447968,0.7666159448160467
BH_s33_medium,1,272,19.066666666666666,-0.08045916259288788,0.8845126785973852
BH_s33_medium,1,273,19.1,-0.1516631692647934,0.9008210349709695
BH_s33_medium,1,274,19.133333333333333,-0.10115975886583328,0.81674121569703
BH_s33_medium,1,275,19.166666666666668,-0.1189344972372055,0.6426090101855049
BH_s33_medium,1,276,19.2,-0.323821485042572,0.39518513330503235
BH_s33_medium,1,277,19.233333333333334,-0.6713312864303589,0.09594693577418081
BH_s33_medium,1,278,19.266666666666666,-1.0188411474227905,-0.2294495235164844
BH_s33_medium,1,279,19.3,-1.315847635269165,-0.5522652391598012
BH_s33_medium,1,280,19.333333333333332,-1.61285400390625,-0.8426721328746345
BH_s33_medium,1,281,19.366666666666667,-1.8624978065490723,-1.0714602720633994
BH_s33_medium,1,282,19.4,-1.9697860479354858,-1.2117202908322269
BH_s33_medium,1,283,19.433333333333334,-1.9697860479354858,-1.2420707530393997
BH_s33_medium,1,284,19.466666666666665,-1.487486481666565,-1.1511722346789113
BH_s33_medium,1,285,19.5,-0.2573918402194977,-0.9413867175909141
BH_s33_medium,1,286,19.533333333333335,1.0912989377975464,-0.6301575976320352
BH_s33_medium,1,287,19.566666666666666,1.8229669332504272,-0.24869143762238158
BH_s33_medium,1,288,19.6,1.7351535558700562,0.1621488363891871
BH_s33_medium,1,289,19.633333333333333,1.1441624164581299,0.5584211316887537
BH_s33_medium,1,290,19.666666666666668,0.429964542388916,0.9005570799296184
BH_s33_medium,1,291,19.7,-0.058913107961416245,1.159042029040444
BH_s33_medium,1,292,19.733333333333334,-0.2779812216758728,1.3170938197662048
BH_s33_medium,1,293,19.766666666666666,-0.22936345636844635,1.3706805762003866
BH_s33_medium,1,294,19.8,-0.07985790073871613,1.3267350967097318
BH_s33_medium,1,295,19.833333333333332,-0.05065634846687317,1.2006743685749648
BH_s33_medium,1,296,19.866666666666667,-0.2035406529903412,1.0134470488531453
BH_s33_medium,1,297,19.9,-0.5005471110343933,0.7875005369751686
BH_s33_medium,1,298,19.933333333333334,-0.797553539276123,0.5423742003065481
BH_s33_medium,1,299,19.966666666666665,-1.094559907913208,0.2919000550270253
BH_s33_medium,2,0,20.0,-1.331789255142212,0.022679550912877704
BH_s33_medium,2,1,20.033333333333335,-1.5297935009002686,-0.04470850362683118
BH_s33_medium,2,2,20.066666666666666,-1.661501169204712,-0.07681470016676577
BH_s33_medium,2,3,20.1,-1.3344074487686157,-0.04199686744499627
BH_s33_medium,2,4,20.133333333333333,-0.2868576943874359,0.07954088986492754
BH_s33_medium,2,5,20.166666666666668,1.0499238967895508,0.28952045819935657
BH_s33_medium,2,6,20.2,1.9979491233825684,0.567485448822457
BH_s33_medium,2,7,20.233333333333334,2.029501438140869,0.8747561671362541
BH_s33_medium,2,8,20.266666666666666,1.511791706085205,1.16509980441178
BH_s33_medium,2,9,20.3,0.7265381813049316,1.393748299156836
BH_s33_medium,2,10,20.333333333333332,0.10421561449766159,1.5218516510769886
BH_s33_medium,2,11,20.366666666666667,-0.17661117017269135,1.5194494199644824
BH_s33_medium,2,12,20.4,-0.1664455533027649,1.369057603428423
BH_s33_medium,2,13,20.433333333333334,-0.016940003260970116,1.07016990078957
BH_s33_medium,2,14,20.466666666666665,0.05035047605633736,0.6427175249084125
BH_s33_medium,2,15,20.5,-0.11007031798362732,0.12571136327424517
BH_s33_medium,2,16,20.533333333333335,-0.3862803280353546,-0.4287721983105017
BH_s33_medium,2,17,20.566666666666666,-0.7337901592254639,-0.9621675780406228
BH_s33_medium,2,18,20.6,-1.0307966470718384,-1.4151305711862256
BH_s33_medium,2,19,20.633333333333333,-1.2772996425628662,-1.733806700036076
BH_s33_medium,2,20,20.666666666666668,-1.5041190385818481,-1.876992257070291
BH_s33_medium,2,21,20.7,-1.5809043645858765,-1.8230549575328163
BH_s33_medium,2,22,20.733333333333334,-1.0711668729782104,-1.5749075457114488
BH_s33_medium,2,23,20.766666666666666,0.03971042111515999,-1.160997938956863
BH_s33_medium,2,24,20.8,1.3907458782196045,-0.6314578554944101
BH_s33_medium,2,25,20.833333333333332,2.190814256668091,-0.04995830782239476
BH_s33_medium,2,26,20.866666666666667,2.125560760498047,0.5165459406060657
BH_s33_medium,2,27,20.9,1.4753936529159546,1.0067149038146854
BH_s33_medium,2,28,20.933333333333334,0.7318752408027649,1.370873961060461
BH_s33_medium,2,29,20.966666666666665,0.14643292129039764,1.5748008666507802
BH_s33_medium,2,30,21.0,-0.050293128937482834,1.601714655625683
BH_s33_medium,2,31,21.033333333333335,-0.002520834095776081,1.452517802715446
BH_s33_medium,2,32,21.066666666666666,0.0964813083410263,1.144583009899003
BH_s33_medium,2,33,21.1,0.10723114758729935,0.7095309408516809
BH_s33_medium,2,34,21.133333333333333,-0.033892467617988586,0.19051093874404404
BH_s33_medium,2,35,21.166666666666668,-0.36263376474380493,-0.36051074155522
BH_s33_medium,2,36,21.2,-0.7081389427185059,-0.8857346148120527
BH_s33_medium,2,37,21.233333333333334,-1.0175366401672363,-1.325666996480387
BH_s33_medium,2,38,21.266666666666666,-1.229936957359314,-1.6250380887267328
BH_s33_medium,2,39,21.3,-1.4463465213775635,-1.7405085865155836
BH_s33_medium,2,40,21.333333333333332,-1.4550684690475464,-1.649314749000465
BH_s33_medium,2,41,21.366666666666667,-0.8303409218788147,-1.3570744515798248
BH_s33_medium,2,42,21.4,0.36502349376678467,-0.9010924531215045
BH_s33_medium,2,43,21.433333333333334,1.7293188571929932,-0.3444413745210226
BH_s33_medium,2,44,21.466666666666665,2.4681601524353027,0.23799067648194816
BH_s33_medium,2,45,21.5,2.3236608505249023,0.7745014960534767
BH_s33_medium,2,46,21.533333333333335,1.6734473705291748,1.2073894719167553
BH_s33_medium,2,47,21.566666666666666,0.9135515093803406,1.497118258205563
BH_s33_medium,2,48,21.6,0.34765055775642395,1.6213360653795963
BH_s33_medium,2,49,21.633333333333333,0.08880262076854706,1.5735674882545352
BH_s33_medium,2,50,21.666666666666668,0.12094707041978836,1.3633798529545815
BH_s33_medium,2,51,21.7,0.2523641288280487,1.0163134237348876
BH_s33_medium,2,52,21.733333333333334,0.24028967320919037,0.5721706638426317
BH_s33_medium,2,53,21.766666666666666,0.038252830505371094,0.08102734393293641
BH_s33_medium,2,54,21.8,-0.260781466960907,-0.40247619546650404
BH_s33_medium,2,55,21.833333333333332,-0.6062866449356079,-0.8248344902723
BH_s33_medium,2,56,21.866666666666667,-0.9537733197212219,-1.1387550087227283
BH_s33_medium,2,57,21.9,-1.2507797479629517,-1.3080872032066129
BH_s33_medium,2,58,21.933333333333334,-1.4527702331542969,-1.312757186969072
BH_s33_medium,2,59,21.966666666666665,-1.4302395582199097,-1.1532847509137052
BH_s33_medium,2,60,22.0,-0.7061960101127625,-0.853128908088201
BH_s33_medium,2,61,22.033333333333335,0.6278282403945923,-0.4561404306732796
BH_s33_medium,2,62,22.066666666666666,1.9163817167282104,-0.01902823142471749
BH_s33_medium,2,63,22.1,2.4929890632629395,0.39848674562801484
BH_s33_medium,2,64,22.133333333333333,2.2291040420532227,0.7431042877093775
BH_s33_medium,2,65,22.166666666666668,1.554107904434204,0.9746325910513842
BH_s33_medium,2,66,22.2,0.8105894923210144,1.0693584516571737
BH_s33_medium,2,67,22.233333333333334,0.2739596366882324,1.021182228252895
BH_s33_medium,2,68,22.266666666666666,0.05035047605633736,0.8410161921889595
BH_s33_medium,2,69,22.3,0.0728115513920784,0.5541667864646406
BH_s33_medium,2,70,22.333333333333332,0.15135730803012848,0.19632772684775973
BH_s33_medium,2,71,22.366666666666667,0.08240216970443726,-0.1903614556539121
BH_s33_medium,2,72,22.4,-0.15050086379051208,-0.5607888043236395
BH_s33_medium,2,73,22.433333333333334,-0.5124530792236328,-0.8704928174134311
BH_s33_medium,2,74,22.466666666666665,-0.8579582571983337,-1.0799558002903276
BH_s33_medium,2,75,22.5,-1.1930303573608398,-1.1596823640410785
BH_s33_medium,2,76,22.533333333333335,-1.4395334720611572,-1.0953712061332643
BH_s33_medium,2,77,22.566666666666666,-1.6034148931503296,-0.8916877784521008
BH_s33_medium,2,78,22.6,-1.1724642515182495,-0.5729335485052739
BH_s33_medium,2,79,22.633333333333333,-0.12027758359909058,-0.17907729945854628
BH_s33_medium,2,80,22.666666666666668,1.165521502494812,0.24168349726327237
BH_s33_medium,2,81,22.7,1.9110013246536255,0.640165249141224
BH_s33_medium,2,82,22.733333333333334,1.8287692070007324,0.9714358276083617
BH_s33_medium,2,83,22.766666666666666,1.2511600255966187,1.1983668632097642
BH_s33_medium,2,84,22.8,0.5076416730880737,1.2943378915145503
BH_s33_medium,2,85,22.833333333333332,-0.012201125733554363,1.2460331465603238
BH_s33_medium,2,86,22.866666666666667,-0.33043983578681946,1.055970430444873
BH_s33_medium,2,87,22.9,-0.35367682576179504,0.7431048063216784
BH_s33_medium,2,88,22.933333333333334,-0.26829785108566284,0.3411020492893818
BH_s33_medium,2,89,22.966666666666665,-0.3360442817211151,-0.10477300963791449
BH_s33_medium,2,90,23.0,-0.5472822785377502,-0.5416888928218823
BH_s33_medium,2,91,23.033333333333335,-0.8731502294540405,-0.9142500418806543
BH_s33_medium,2,92,23.066666666666666,-1.1917985677719116,-1.1709064607676376
BH_s33_medium,2,93,23.1,-1.4888049364089966,-1.272245874572376
BH_s33_medium,2,94,23.133333333333333,-1.7401164770126343,-1.1998226850332643
BH_s33_medium,2,95,23.166666666666668,-1.613054871559143,-0.9624169695926125
BH_s33_medium,2,96,23.2,-0.8535051941871643,-0.5968221063025443
BH_s33_medium,2,97,23.233333333333334,0.23551836609840393,-0.1611127382511619
BH_s33_medium,2,98,23.266666666666666,1.1345624923706055,0.2778083750031824
BH_s33_medium,2,99,23.3,1.3249669075012207,0.6570193622269437
BH_s33_medium,2,100,23.333333333333332,0.8944954872131348,0.9273523738883277
BH_s33_medium,2,101,23.366666666666667,0.2499791979789734,1.0592290842702747
BH_s33_medium,2,102,23.4,-0.2867202162742615,1.0443513331436947
BH_s33_medium,2,103,23.433333333333334,-0.6615026593208313,0.8935489614772858
BH_s33_medium,2,104,23.466666666666665,-0.7044000029563904,0.6321954520067703
BH_s33_medium,2,105,23.5,-0.6053978800773621,0.29537282794876846
BH_s33_medium,2,106,23.533333333333335,-0.5556904673576355,-0.07609359843017927
BH_s33_medium,2,107,23.566666666666666,-0.7007740139961243,-0.4388125280984301
BH_s33_medium,2,108,23.6,-0.944063663482666,-0.7496273646533003
BH_s33_medium,2,109,23.633333333333333,-1.241070032119751,-0.968527848206718
BH_s33_medium,2,110,23.666666666666668,-1.4875731468200684,-1.0626830583466342
BH_s33_medium,2,111,23.7,-1.6948047876358032,-1.0126924067250171
BH_s33_medium,2,112,23.733333333333334,-1.5682023763656616,-0.8195500211815271
BH_s33_medium,2,113,23.766666666666666,-0.8443736433982849,-0.5084177200528746
BH_s33_medium,2,114,23.8,0.2646704614162445,-0.1262830605468661
BH_s33_medium,2,115,23.833333333333332,1.1276767253875732,0.26767266495453634
BH_s33_medium,2,116,23.866666666666667,1.2544399499893188,0.6155329409331755
BH_s33_medium,2,117,23.9,0.8464558124542236,0.8705204353744898
BH_s33_medium,2,118,23.933333333333334,0.20193950831890106,1.001167399289186
BH_s33_medium,2,119,23.966666666666665,-0.3456055521965027,0.9931946089170425
BH_s33_medium,2,120,24.0,-0.627423107624054,0.8504630409200796
BH_s33_medium,2,121,24.033333333333335,-0.6182482242584229,0.593797736198004
BH_s33_medium,2,122,24.066666666666666,-0.43746379017829895,0.2575920163779195
BH_s33_medium,2,123,24.1,-0.40418022871017456,-0.11469794315517903
BH_s33_medium,2,124,24.133333333333333,-0.49431511759757996,-0.47554905635682587
BH_s33_medium,2,125,24.166666666666668,-0.7408181428909302,-0.7787360205364895
BH_s33_medium,2,126,24.2,-1.0378246307373047,-0.9846481580572265
BH_s33_medium,2,127,24.233333333333334,-1.2843276262283325,-1.0647575463351857
BH_s33_medium,2,128,24.266666666666666,-1.515255331993103,-1.0053032254092251
BH_s33_medium,2,129,24.3,-1.3919388055801392,-0.8109080470241851
BH_s33_medium,2,130,24.333333333333332,-0.5931873917579651,-0.506602832836463
BH_s33_medium,2,131,24.366666666666667,0.4958362281322479,-0.13481957466271027
BH_s33_medium,2,132,24.4,1.3464775085449219,0.2526415355215113
BH_s33_medium,2,133,24.433333333333334,1.4692776203155518,0.6040926927522817
BH_s33_medium,2,134,24.466666666666665,1.0004297494888306,0.8760957191454588
BH_s33_medium,2,135,24.5,0.3559134900569916,1.0387329208255371
BH_s33_medium,2,136,24.533333333333335,-0.14793822169303894,1.077911219142965
BH_s33_medium,2,137,24.566666666666666,-0.39132988452911377,0.9958225006153101
BH_s33_medium,2,138,24.6,-0.36853185296058655,0.8098898544007441
BH_s33_medium,2,139,24.633333333333333,-0.26952970027923584,0.549620844050248
BH_s33_medium,2,140,24.666666666666668,-0.2338056117296219,0.25171148983498726
BH_s33_medium,2,141,24.7,-0.39207643270492554,-0.04529689474074697
BH_s33_medium,2,142,24.733333333333334,-0.6385794281959534,-0.30584362896836653
BH_s33_medium,2,143,24.766666666666666,-0.9355858564376831,-0.5011093831741571
BH_s33_medium,2,144,24.8,-1.2089719772338867,-0.6115957220800287
BH_s33_medium,2,145,24.833333333333332,-1.4358640909194946,-0.6287204354556566
BH_s33_medium,2,146,24.866666666666667,-1.3863080739974976,-0.5555270355183415
BH_s33_medium,2,147,24.9,-0.7155455350875854,-0.40641432538383504
BH_s33_medium,2,148,24.933333333333334,0.38907966017723083,-0.2055883548924507
BH_s33_medium,2,149,24.966666666666665,1.4081140756607056,0.01615494236341076
BH_s33_medium,2,150,25.0,1.7558742761611938,0.2257475323396203
BH_s33_medium,2,151,25.033333333333335,1.4165083169937134,0.3917864410386963
BH_s33_medium,2,152,25.066666666666666,0.8129079341888428,0.48760737000287024
BH_s33_medium,2,153,25.1,0.2749766409397125,0.49400280867691215
BH_s33_medium,2,154,25.133333333333333,-0.05780334398150444,0.40179095978653756
BH_s33_medium,2,155,25.166666666666668,-0.1516631692647934,0.21395994108534644
BH_s33_medium,2,156,25.2,-0.10159562528133392,-0.053069204444979604
BH_s33_medium,2,157,25.233333333333334,-0.05065634846687317,-0.36965087165391913
BH_s33_medium,2,158,25.266666666666666,-0.14277271926403046,-0.6950956627622434
BH_s33_medium,2,159,25.3,-0.3848305344581604,-0.9820811561066025
BH_s33_medium,2,160,25.333333333333332,-0.6818369626998901,-1.183113138491204
BH_s33_medium,2,161,25.366666666666667,-0.928339958190918,-1.2582949408567676
BH_s33_medium,2,162,25.4,-1.1368035078048706,-1.1831879404106462
BH_s33_medium,2,163,25.433333333333334,-1.3348078727722168,-0.955114207307409
BH_s33_medium,2,164,25.466666666666665,-1.3802183866500854,-0.5959078125868925
BH_s33_medium,2,165,25.5,-0.8045211434364319,-0.14912853065734186
BH_s33_medium,2,166,25.533333333333335,0.3095926344394684,0.32808063701078016
BH_s33_medium,2,167,25.566666666666666,1.4415862560272217,0.7760766608456731
BH_s33_medium,2,168,25.6,1.9709994792938232,1.1432738432087037
BH_s33_medium,2,169,25.633333333333333,1.7724465131759644,1.3922801441740698
BH_s33_medium,2,170,25.666666666666668,1.2314270734786987,1.5010480196143376
BH_s33_medium,2,171,25.7,0.6069080829620361,1.4617263537943166
BH_s33_medium,2,172,25.733333333333334,0.14788271486759186,1.2793717050330744
BH_s33_medium,2,173,25.766666666666666,-0.0001529350265627727,0.9715227281666472
BH_s33_medium,2,174,25.8,0.01383037120103836,0.5683345137538893
BH_s33_medium,2,175,25.833333333333332,0.06232910230755806,0.11178128111492025
BH_s33_medium,2,176,25.866666666666667,0.040376532822847366,-0.34714251538287105
BH_s33_medium,2,177,25.9,-0.1250675618648529,-0.7535137196574789
BH_s33_medium,2,178,25.933333333333334,-0.42207399010658264,-1.0555645113794903
BH_s33_medium,2,179,25.966666666666665,-0.6685770153999329,-1.212758889203097
BH_s33_medium,2,180,26.0,-0.9131247997283936,-1.2034727294766194
BH_s33_medium,2,181,26.033333333333335,-1.1111290454864502,-1.0305863162426776
BH_s33_medium,2,182,26.066666666666666,-1.3091334104537964,-0.7225677505855622
BH_s33_medium,2,183,26.1,-1.2667970657348633,-0.32742445068093823
BH_s33_medium,2,184,26.133333333333333,-0.6041984558105469,0.0985949841686536
BH_s33_medium,2,185,26.166666666666668,0.5595732927322388,0.5014948524060755
BH_s33_medium,2,186,26.2,1.7172412872314453,0.8359681391556646
BH_s33_medium,2,187,26.233333333333334,2.2099196910858154,1.0679052236428725
BH_s33_medium,2,188,26.266666666666666,1.9753055572509766,1.174413020114034
BH_s33_medium,2,189,26.3,1.4094572067260742,1.143533765659276
BH_s33_medium,2,190,26.333333333333332,0.81544429063797,0.9749083518126249
BH_s33_medium,2,191,26.366666666666667,0.4136597216129303,0.6813197424462085
BH_s33_medium,2,192,26.4,0.2523641288280487,0.2898415131768237
BH_s33_medium,2,193,26.433333333333334,0.30515971779823303,-0.15955111751121784
BH_s33_medium,2,194,26.466666666666665,0.40387436747550964,-0.6182483705649429
BH_s33_medium,2,195,26.5,0.30859407782554626,-1.0345383792268557
BH_s33_medium,2,196,26.533333333333335,0.11058979481458664,-1.3592781164502898
BH_s33_medium,2,197,26.566666666666666,-0.1746760606765747,-1.5512021884255307
BH_s33_medium,2,198,26.6,-0.48743242025375366,-1.5819284669312697
BH_s33_medium,2,199,26.633333333333333,-0.735940158367157,-1.441033170197663
BH_s33_medium,2,200,26.666666666666668,-0.9339444041252136,-1.1399491317954893
BH_s33_medium,2,201,26.7,-1.1215883493423462,-0.7119969434524973
BH_s33_medium,2,202,26.733333333333334,-1.0189461708068848,-0.20758081359280606
BH_s33_medium,2,203,26.766666666666666,-0.2838158905506134,0.3143892488918746
BH_s33_medium,2,204,26.8,0.9149071574211121,0.7961671481444046
BH_s33_medium,2,205,26.833333333333332,2.0340332984924316,1.188121827684531
BH_s33_medium,2,206,26.866666666666667,2.423336982727051,1.4522400326137541
BH_s33_medium,2,207,26.9,2.0788257122039795,1.5644698017288736
BH_s33_medium,2,208,26.933333333333334,1.486480474472046,1.5167561050472373
BH_s33_medium,2,209,26.966666666666665,0.8867905139923096,1.3178206774933687
BH_s33_medium,2,210,27.0,0.4774230718612671,0.9919650420881503
BH_s33_medium,2,211,27.033333333333335,0.3533709645271301,0.5756137489053708
BH_s33_medium,2,212,27.066666666666666,0.43099552392959595,0.11257931882896893
BH_s33_medium,2,213,27.1,0.45437777042388916,-0.34987727423676046
BH_s33_medium,2,214,27.133333333333333,0.3847719430923462,-0.7640472009662027
BH_s33_medium,2,215,27.166666666666668,0.1034659892320633,-1.0855151076299423
BH_s33_medium,2,216,27.2,-0.17383059859275818,-1.2780097824927723
BH_s33_medium,2,217,27.233333333333334,-0.4905468821525574,-1.318158957378484
BH_s33_medium,2,218,27.266666666666666,-0.7607691287994385,-1.1995464169801622
BH_s33_medium,2,219,27.3,-1.0092768669128418,-0.9360598876928354
BH_s33_medium,2,220,27.333333333333332,-1.1845062971115112,-0.5626604277948773
BH_s33_medium,2,221,27.366666666666667,-1.2211979627609253,-0.13029340243709747
BH_s33_medium,2,222,27.4,-0.6898216009140015,0.3043127852269355
BH_s33_medium,2,223,27.433333333333334,0.43651193380355835,0.6892036502844814
BH_s33_medium,2,224,27.466666666666665,1.778273582458496,0.984755751579002
BH_s33_medium,2,225,27.5,2.512768507003784,1.1668954639425284
BH_s33_medium,2,226,27.533333333333335,2.4712839126586914,1.2263028171381511
BH_s33_medium,2,227,27.566666666666666,1.9587889909744263,1.1653549742134357
BH_s33_medium,2,228,27.6,1.27251136302948,0.9945860333869614
BH_s33_medium,2,229,27.633333333333333,0.7432000637054443,0.730053964387387
BH_s33_medium,2,230,27.666666666666668,0.4516497254371643,0.3923813168002526
BH_s33_medium,2,231,27.7,0.4045977294445038,0.007488354757159119
BH_s33_medium,2,232,27.733333333333334,0.5035998821258545,-0.39254351732531795
BH_s33_medium,2,233,27.766666666666666,0.45766377449035645,-0.7711686034532557
BH_s33_medium,2,234,27.8,0.2177327573299408,-1.0917562978472766
BH_s33_medium,2,235,27.833333333333332,-0.03606562316417694,-1.322118407357175
BH_s33_medium,2,236,27.866666666666667,-0.41748347878456116,-1.4378838569102914
BH_s33_medium,2,237,27.9,-0.7237899303436279,-1.4248901301857142
BH_s33_medium,2,238,27.933333333333334,-1.0207964181900024,-1.2808346728501634
BH_s33_medium,2,239,27.966666666666665,-1.2321100234985352,-1.0163220661217023
BH_s33_medium,2,240,28.0,-1.3796108961105347,-0.6548855797921672
BH_s33_medium,2,241,28.033333333333335,-1.49593186378479,-0.231090785232171
BH_s33_medium,2,242,28.066666666666666,-1.5949339866638184,0.21335901199376392
BH_s33_medium,2,243,28.1,-1.5075796842575073,0.6346838236994058
BH_s33_medium,2,244,28.133333333333333,-0.7587334513664246,0.9923518770026636
BH_s33_medium,2,245,28.166666666666668,0.5492794513702393,1.2537729997303528
BH_s33_medium,2,246,28.2,1.9496853351593018,1.3976690812606989
BH_s33_medium,2,247,28.233333333333334,2.594672918319702,1.4156601035102798
BH_s33_medium,2,248,28.266666666666666,2.439281702041626,1.3119548712584366
BH_s33_medium,2,249,28.3,1.812978982925415,1.1013648361184027
BH_s33_medium,2,250,28.333333333333332,1.1836053133010864,0.8063546952159022
BH_s33_medium,2,251,28.366666666666667,0.6623621582984924,0.4542048201927252
BH_s33_medium,2,252,28.4,0.40387436747550964,0.0748295453295115
BH_s33_medium,2,253,28.433333333333334,0.4109981656074524,-0.3007916130802631
BH_s33_medium,2,254,28.466666666666665,0.5048812031745911,-0.6420265124009049
BH_s33_medium,2,255,28.5,0.45126333832740784,-0.9205194114379294
BH_s33_medium,2,256,28.533333333333335,0.2490348219871521,-1.1124257821924017
BH_s33_medium,2,257,28.566666666666666,-0.04797160625457764,-1.199866609664559
BH_s33_medium,2,258,28.6,-0.44308528304100037,-1.171980114365366
BH_s33_medium,2,259,28.633333333333333,-0.7429912686347961,-1.0272386120165553
BH_s33_medium,2,260,28.666666666666668,-0.9964032769203186,-0.7765799591734774
BH_s33_medium,2,261,28.7,-1.19440758228302,-0.4448196733280851
BH_s33_medium,2,262,28.733333333333334,-1.352826714515686,-0.06888519421430034
BH_s33_medium,2,263,28.766666666666666,-1.4518288373947144,0.30711801175277853
BH_s33_medium,2,264,28.8,-1.3936004638671875,0.638928823039049
BH_s33_medium,2,265,28.833333333333332,-0.7250140309333801,0.8892310961751809
BH_s33_medium,2,266,28.866666666666667,0.46071338653564453,1.0332249894069954
BH_s33_medium,2,267,28.9,1.7095595598220825,1.061667688265718
BH_s33_medium,2,268,28.933333333333334,2.277111291885376,0.9807357651320803
BH_s33_medium,2,269,28.966666666666665,2.043732166290283,0.8084973454319606
BH_s33_medium,2,270,29.0,1.4006192684173584,0.5692947493785426
BH_s33_medium,2,271,29.033333333333335,0.6786438226699829,0.28860479588859134
BH_s33_medium,2,272,29.066666666666666,0.19374923408031464,-0.009845981218573503
BH_s33_medium,2,273,29.1,0.05035047605633736,-0.3040669232170095
BH_s33_medium,2,274,29.133333333333333,0.11638282239437103,-0.5721074373237391
BH_s33_medium,2,275,29.166666666666668,0.2523641288280487,-0.791387488553206
BH_s33_medium,2,276,29.2,0.22932498157024384,-0.9404462903167917
BH_s33_medium,2,277,29.233333333333334,0.021805793046951294,-1.0027885300655788
BH_s33_medium,2,278,29.266666666666666,-0.28271085023880005,-0.9714220646842472
BH_s33_medium,2,279,29.3,-0.6732138991355896,-0.8518812543760247
BH_s33_medium,2,280,29.333333333333332,-0.9702203273773193,-0.662228465038523
BH_s33_medium,2,281,29.366666666666667,-1.2152271270751953,-0.42956857422923456
BH_s33_medium,2,282,29.4,-1.4132314920425415,-0.18407261320706564
BH_s33_medium,2,283,29.433333333333334,-1.515255331993103,0.04719703755030077
BH_s33_medium,2,284,29.466666666666665,-1.0418462753295898,0.244824585280135
BH_s33_medium,2,285,29.5,-0.021397540345788002,0.3988748917476684
BH_s33_medium,2,286,29.533333333333335,1.353592038154602,0.5077804501095333
BH_s33_medium,2,287,29.566666666666666,2.169337749481201,0.5748677815555365
BH_s33_medium,2,288,29.6,2.158600091934204,0.6042734375200585
BH_s33_medium,2,289,29.633333333333333,1.5662349462509155,0.5987732481744094
BH_s33_medium,2,290,29.666666666666668,0.822716474533081,0.560392588773135
BH_s33_medium,2,291,29.7,0.19360703229904175,0.49283225177017026
BH_s33_medium,2,292,29.733333333333334,-0.03010103851556778,0.4038180556272979
BH_s33_medium,2,293,29.766666666666666,0.0052304998971521854,0.30504885010857863
BH_s33_medium,2,294,29.8,0.10222796350717545,0.2094250007367247
BH_s33_medium,2,295,29.833333333333332,0.1274232417345047,0.12734363245863597
BH_s33_medium,2,296,29.866666666666667,-0.06594108045101166,0.0639803076758002
BH_s33_medium,2,297,29.9,-0.38287222385406494,0.01915543526399537
BH_s33_medium,2,298,29.933333333333334,-0.7283774018287659,-0.010719321985176809
BH_s33_medium,2,299,29.966666666666665,-1.042051911354065,-0.031050913242352214
BH_s33_medium,3,0,30.0,-1.2905595302581787,0.07923992865470456
BH_s33_medium,3,1,30.033333333333335,-1.488563895225525,0.5272533980026544
BH_s33_medium,3,2,30.066666666666666,-1.6469628810882568,0.9416188068863125
BH_s33_medium,3,3,30.1,-1.2421720027923584,1.2906073752945075
BH_s33_medium,3,4,30.133333333333333,-0.18196670711040497,1.5472821259834049
BH_s33_medium,3,5,30.166666666666668,1.1070657968521118,1.6937504985292748
BH_s33_medium,3,6,30.2,2.0256311893463135,1.7226578861414337
BH_s33_medium,3,7,30.233333333333334,2.0707311630249023,1.6362908916587995
BH_s33_medium,3,8,30.266666666666666,1.529836893081665,1.4442631475876881
BH_s33_medium,3,9,30.3,0.7904499173164368,1.1610936699513998
BH_s33_medium,3,10,30.333333333333332,0.18817414343357086,0.8046093422276808
BH_s33_medium,3,11,30.366666666666667,-0.0848781168460846,0.39553556452318217
BH_s33_medium,3,12,30.4,-0.11130525916814804,-0.04171029926110803
BH_s33_medium,3,13,30.433333333333334,-0.012303115800023079,-0.4773649334946592
BH_s33_medium,3,14,30.466666666666665,0.014001925475895405,-0.8753649860536838
BH_s33_medium,3,15,30.5,-0.1698475033044815,-1.195476581871981
BH_s33_medium,3,16,30.533333333333335,-0.48303359746932983,-1.3991644513987491
BH_s33_medium,3,17,30.566666666666666,-0.798204243183136,-1.4578400213299103
BH_s33_medium,3,18,30.6,-1.1173841953277588,-1.3608479955408332
BH_s33_medium,3,19,30.633333333333333,-1.365891933441162,-1.1197465590927431
BH_s33_medium,3,20,30.666666666666668,-1.5638962984085083,-0.766913545614427
BH_s33_medium,3,21,30.7,-1.7395846843719482,-0.34842160130634486
BH_s33_medium,3,22,30.733333333333334,-1.7068390846252441,0.08584568822538326
BH_s33_medium,3,23,30.766666666666666,-1.0613675117492676,0.4894806959945906
BH_s33_medium,3,24,30.8,0.16126640141010284,0.8227536749259756
BH_s33_medium,3,25,30.833333333333332,1.3911060094833374,1.0542723167496038
BH_s33_medium,3,26,30.866666666666667,1.9189767837524414,1.1627110248471846
BH_s33_medium,3,27,30.9,1.705740213394165,1.1387157159439338
BH_s33_medium,3,28,30.933333333333334,1.1034443378448486,0.9863553998387308
BH_s33_medium,3,29,30.966666666666665,0.4229860305786133,0.7228941107085125
BH_s33_medium,3,30,31.0,-0.012973939999938011,0.37666441566658987
BH_s33_medium,3,31,31.033333333333335,-0.2044355720281601,-0.016088772679783814
BH_s33_medium,3,32,31.066666666666666,-0.20190227031707764,-0.41471691777133657
BH_s33_medium,3,33,31.1,-0.10290013253688812,-0.7776363618267308
BH_s33_medium,3,34,31.133333333333333,-0.14791812002658844,-1.0654801064694839
BH_s33_medium,3,35,31.166666666666668,-0.38693103194236755,-1.2437325099518501
BH_s33_medium,3,36,31.2,-0.6839374899864197,-1.2858980225237304
BH_s33_medium,3,37,31.233333333333334,-0.9809439182281494,-1.179064080731734
BH_s33_medium,3,38,31.266666666666666,-1.2779502868652344,-0.9301918178789768
BH_s33_medium,3,39,31.3,-1.4877183437347412,-0.5682264473860603
BH_s33_medium,3,40,31.333333333333332,-1.6352192163467407,-0.13997611794719725
BH_s33_medium,3,41,31.366666666666667,-1.7499945163726807,0.2988754939499929
BH_s33_medium,3,42,31.4,-1.7875548601150513,0.6944937020849228
BH_s33_medium,3,43,31.433333333333334,-1.2855254411697388,1.0030752306742219
BH_s33_medium,3,44,31.466666666666665,-0.20844021439552307,1.1949289760732658
BH_s33_medium,3,45,31.5,1.0796773433685303,1.2557565354188487
BH_s33_medium,3,46,31.533333333333335,1.8355730772018433,1.1859920369644592
BH_s33_medium,3,47,31.566666666666666,1.7351797819137573,0.9983031250045244
BH_s33_medium,3,48,31.6,1.1820858716964722,0.7142528828035724
BH_s33_medium,3,49,31.633333333333333,0.505759060382843,0.3618265237334782
BH_s33_medium,3,50,31.666666666666668,0.05680346116423607,-0.025781613508177086
BH_s33_medium,3,51,31.7,-0.1138385534286499,-0.4110598447312875
BH_s33_medium,3,52,31.733333333333334,-0.039982229471206665,-0.7537504330220389
BH_s33_medium,3,53,31.766666666666666,0.05901991203427315,-1.0138281453192692
BH_s33_medium,3,54,31.8,0.09418913722038269,-1.1562343444426908
BH_s33_medium,3,55,31.833333333333332,-0.06463657319545746,-1.1571119473982565
BH_s33_medium,3,56,31.866666666666667,-0.4121464192867279,-1.0100688965082205
BH_s33_medium,3,57,31.9,-0.70915287733078,-0.72997423500854
BH_s33_medium,3,58,31.933333333333334,-0.9570098519325256,-0.3524067600248366
BH_s33_medium,3,59,31.966666666666665,-1.2055175304412842,0.07208214146636577
BH_s33_medium,3,60,32.0,-1.358381748199463,0.48723025318392016
BH_s33_medium,3,61,32.03333333333333,-1.5078872442245483,0.8399782834976959
BH_s33_medium,3,62,32.06666666666667,-1.208594799041748,1.0869713732226662
BH_s33_medium,3,63,32.1,-0.27681419253349304,1.1986675822988901
BH_s33_medium,3,64,32.13333333333333,0.899834156036377,1.1614418030652018
BH_s33_medium,3,65,32.166666666666664,1.7915396690368652,0.9781466396614961
BH_s33_medium,3,66,32.2,1.9032561779022217,0.6675980667906083
BH_s33_medium,3,67,32.233333333333334,1.4293123483657837,0.2632931195282867
BH_s33_medium,3,68,32.266666666666666,0.7556933760643005,-0.18899512146671732
BH_s33_medium,3,69,32.3,0.1944756805896759,-0.6355987765182592
BH_s33_medium,3,70,32.333333333333336,-0.02524621970951557,-1.0211842600366001
BH_s33_medium,3,71,32.36666666666667,-0.02756774239242077,-1.2955849955793965
BH_s33_medium,3,72,32.4,0.0714344009757042,-1.4206305189826443
BH_s33_medium,3,73,32.43333333333333,0.13227805495262146,-1.3769034366959407
BH_s33_medium,3,74,32.46666666666667,-0.0008732153219170868,-1.1687112070009655
BH_s33_medium,3,75,32.5,-0.2978796362876892,-0.8241661977756758
BH_s33_medium,3,76,32.53333333333333,-0.594886064529419,-0.38964714890410174
BH_s33_medium,3,77,32.56666666666667,-0.8808320164680481,0.07947085183981219
BH_s33_medium,3,78,32.6,-1.0878921747207642,0.5287503252408571
BH_s33_medium,3,79,32.63333333333333,-1.2768405675888062,0.9116171639745193
BH_s33_medium,3,80,32.666666666666664,-1.409201979637146,1.1923290152133839
BH_s33_medium,3,81,32.7,-1.0838518142700195,1.34676920354633
BH_s33_medium,3,82,32.733333333333334,-0.08871428668498993,1.3626716806919297
BH_s33_medium,3,83,32.766666666666666,1.1488473415374756,1.2401752789272562
BH_s33_medium,3,84,32.8,2.002150058746338,0.9925934619421172
BH_s33_medium,3,85,32.833333333333336,2.029937505722046,0.6462996428116912
BH_s33_medium,3,86,32.86666666666667,1.5133172273635864,0.2388665920791822
BH_s33_medium,3,87,32.9,0.8708056211471558,-0.18488807004594504
BH_s33_medium,3,88,32.93333333333333,0.34683138132095337,-0.5783154329418592
BH_s33_medium,3,89,32.96666666666667,0.07634175568819046,-0.8982379119605358
BH_s33_medium,3,90,33.0,0.08585356920957565,-1.1094511866124355
BH_s33_medium,3,91,33.03333333333333,0.18485571444034576,-1.1886186353032155
BH_s33_medium,3,92,33.06666666666667,0.201860710978508,-1.1274801212682106
BH_s33_medium,3,93,33.1,0.04187578335404396,-0.9348838916635436
BH_s33_medium,3,94,33.13333333333333,-0.23411628603935242,-0.6368115954956581
BH_s33_medium,3,95,33.166666666666664,-0.5311227440834045,-0.273402941426347
BH_s33_medium,3,96,33.2,-0.8046541213989258,0.10698846785190533
BH_s33_medium,3,97,33.233333333333334,-1.053161859512329,0.45553404756942156
BH_s33_medium,3,98,33.266666666666666,-1.2511661052703857,0.7306741142278348
BH_s33_medium,3,99,33.3,-1.3812060356140137,0.9036984246187041
BH_s33_medium,3,100,33.333333333333336,-1.2864636182785034,0.9613119479301827
BH_s33_medium,3,101,33.36666666666667,-0.4952779710292816,0.9056843102787566
BH_s33_medium,3,102,33.4,0.7156416177749634,0.7524992652435006
BH_s33_medium,3,103,33.43333333333333,1.9440113306045532,0.527382109226623
BH_s33_medium,3,104,33.46666666666667,2.366069793701172,0.2613091562617008
BH_s33_medium,3,105,33.5,2.088392972946167,-0.014194759032881312
BH_s33_medium,3,106,33.53333333333333,1.4909520149230957,-0.27119070461741507
BH_s33_medium,3,107,33.56666666666667,0.8527109622955322,-0.487908959095974
BH_s33_medium,3,108,33.6,0.4567023813724518,-0.6495445639666826
BH_s33_medium,3,109,33.63333333333333,0.305453360080719,-0.7476509618410163
BH_s33_medium,3,110,33.666666666666664,0.3533709645271301,-0.7786293675959152
BH_s33_medium,3,111,33.7,0.40387436747550964,-0.7418138825736028
BH_s33_medium,3,112,33.733333333333334,0.26956385374069214,-0.6382878497430968
BH_s33_medium,3,113,33.766666666666666,0.07155957818031311,-0.47193492420506217
BH_s33_medium,3,114,33.8,-0.25273647904396057,-0.2522407962194006
BH_s33_medium,3,115,33.833333333333336,-0.5623521208763123,0.0035252385447146497
BH_s33_medium,3,116,33.86666666666667,-0.8088551759719849,0.27035948530207754
BH_s33_medium,3,117,33.9,-1.0553581714630127,0.5182514892095107
BH_s33_medium,3,118,33.93333333333333,-1.242110252380371,0.7170405694284464
BH_s33_medium,3,119,33.96666666666667,-1.363745093345642,0.8419225028798613
BH_s33_medium,3,120,34.0,-1.1580450534820557,0.8780469409395175
BH_s33_medium,3,121,34.03333333333333,-0.269353449344635,0.8228222095126538
BH_s33_medium,3,122,34.06666666666667,1.0633926391601562,0.6853793410094843
BH_s33_medium,3,123,34.1,2.1589479446411133,0.483558386532838
BH_s33_medium,3,124,34.13333333333333,2.4893229007720947,0.23941582770791162
BH_s33_medium,3,125,34.166666666666664,2.0764377117156982,-0.025289313750852825
BH_s33_medium,3,126,34.2,1.4685866832733154,-0.29192962663277533
BH_s33_medium,3,127,34.233333333333334,0.8497418165206909,-0.544567266415799
BH_s33_medium,3,128,34.266666666666666,0.4347204566001892,-0.7671018696851092
BH_s33_medium,3,129,34.3,0.3611949384212494,-0.9410992029955738
BH_s33_medium,3,130,34.333333333333336,0.4601970613002777,-1.0461849957974605
BH_s33_medium,3,131,34.36666666666667,0.5010665655136108,-1.0631966106564226
BH_s33_medium,3,132,34.4,0.3984445631504059,-0.9791966067880992
BH_s33_medium,3,133,34.43333333333333,0.10143812000751495,-0.7925172781843272
BH_s33_medium,3,134,34.46666666666667,-0.14506490528583527,-0.515987302755039
BH_s33_medium,3,135,34.5,-0.4925747513771057,-0.17682825600106467
BH_s33_medium,3,136,34.53333333333333,-0.7452865242958069,0.18722281036026367
BH_s33_medium,3,137,34.56666666666667,-0.9937942624092102,0.5348034441864732
BH_s33_medium,3,138,34.6,-1.141295075416565,0.828714920454004
BH_s33_medium,3,139,34.63333333333333,-1.2505154609680176,1.0415195236457433
BH_s33_medium,3,140,34.666666666666664,-1.349517583847046,1.1576274901051493
BH_s33_medium,3,141,34.7,-1.4647518396377563,1.172508269553316
BH_s33_medium,3,142,34.733333333333334,-1.220649242401123,1.090226581695209
BH_s33_medium,3,143,34.766666666666666,-0.2935549020767212,0.9207343701423976
BH_s33_medium,3,144,34.8,1.0802491903305054,0.6778540919679353
BH_s33_medium,3,145,34.833333333333336,2.3067595958709717,0.37822752793277475
BH_s33_medium,3,146,34.86666666666667,2.7270312309265137,0.041335263389552276
BH_s33_medium,3,147,34.9,2.391558885574341,-0.3094731765368439
BH_s33_medium,3,148,34.93333333333333,1.7268040180206299,-0.6459699993563255
BH_s33_medium,3,149,34.96666666666667,1.0702565908432007,-0.9358048686787224
BH_s33_medium,3,150,35.0,0.674436628818512,-1.1455963872705928
BH_s33_medium,3,151,35.03333333333333,0.6058880090713501,-1.2455648724377288
BH_s33_medium,3,152,35.06666666666667,0.6686111688613892,-1.2149564689918073
BH_s33_medium,3,153,35.1,0.7471832036972046,-1.0475926243939286
BH_s33_medium,3,154,35.13333333333333,0.5894672274589539,-0.756034911505917
BH_s33_medium,3,155,35.166666666666664,0.2842504382133484,-0.37223424884647194
BH_s33_medium,3,156,35.2,-0.01275600865483284,0.05648577605360168
BH_s33_medium,3,157,35.233333333333334,-0.360265851020813,0.47594992018388566
BH_s33_medium,3,158,35.266666666666666,-0.6067688465118408,0.8356276006442108
BH_s33_medium,3,159,35.3,-0.8550848960876465,1.0966461199418647
BH_s33_medium,3,160,35.333333333333336,-1.0530891418457031,1.2354771090026122
BH_s33_medium,3,161,35.36666666666667,-1.1617313623428345,1.2443085611874596
BH_s33_medium,3,162,35.4,-0.8473427891731262,1.1292196191079686
BH_s33_medium,3,163,35.43333333333333,0.13438329100608826,0.9070194332379742
BH_s33_medium,3,164,35.46666666666667,1.5007498264312744,0.6015449309536972
BH_s33_medium,3,165,35.5,2.478633403778076,0.24005081466438874
BH_s33_medium,3,166,35.53333333333333,2.607212543487549,-0.14925408900729745
BH_s33_medium,3,167,35.56666666666667,2.094433307647705,-0.5372346936203405
BH_s33_medium,3,168,35.6,1.3707700967788696,-0.8921550844088224
BH_s33_medium,3,169,35.63333333333333,0.7151870727539062,-1.1788537575362448
BH_s33_medium,3,170,35.666666666666664,0.35059654712677,-1.360726140597082
BH_s33_medium,3,171,35.7,0.276998370885849,-1.4053152964226405
BH_s33_medium,3,172,35.733333333333334,0.3760004937648773,-1.2926515526568965
BH_s33_medium,3,173,35.766666666666666,0.4337528944015503,-1.0238483771985134
BH_s33_medium,3,174,35.8,0.2656271457672119,-0.6261330358364859
BH_s33_medium,3,175,35.833333333333336,0.0005039378884248435,-0.14998834902891658
BH_s33_medium,3,176,35.86666666666667,-0.3470059037208557,0.3414677410719335
BH_s33_medium,3,177,35.9,-0.6945157647132874,0.786208731075056
BH_s33_medium,3,178,35.93333333333333,-0.9915221929550171,1.135017988966651
BH_s33_medium,3,179,35.96666666666667,-1.2294284105300903,1.3566625774646692
BH_s33_medium,3,180,36.0,-1.4142484664916992,1.4367106917315764
BH_s33_medium,3,181,36.03333333333333,-1.2352136373519897,1.374622745377182
BH_s33_medium,3,182,36.06666666666667,-0.37318721413612366,1.1815171414406467
BH_s33_medium,3,183,36.1,0.9669268131256104,0.8781636840546019
BH_s33_medium,3,184,36.13333333333333,2.1558010578155518,0.49283180280405775
BH_s33_medium,3,185,36.166666666666664,2.471082925796509,0.05891929527475818
BH_s33_medium,3,186,36.2,2.0976667404174805,-0.3872523794951697
BH_s33_medium,3,187,36.233333333333334,1.372460961341858,-0.8076688143784883
BH_s33_medium,3,188,36.266666666666666,0.662559986114502,-1.1632493555252055
BH_s33_medium,3,189,36.3,0.18570733070373535,-1.41527967957639
BH_s33_medium,3,190,36.333333333333336,0.05035047605633736,-1.5290492196896495
BH_s33_medium,3,191,36.36666666666667,0.1358979344367981,-1.4805894400057935
BH_s33_medium,3,192,36.4,0.201860710978508,-1.2647945084306635
BH_s33_medium,3,193,36.43333333333333,0.08928793668746948,-0.9008386564980081
BH_s33_medium,3,194,36.46666666666667,-0.18824976682662964,-0.4315720190277449
BH_s33_medium,3,195,36.5,-0.5627849102020264,0.08483924800410204
BH_s33_medium,3,196,36.53333333333333,-0.8832694292068481,0.5877108838986076
BH_s33_medium,3,197,36.56666666666667,-1.1802759170532227,1.0234132218488392
BH_s33_medium,3,198,36.6,-1.4562710523605347,1.349284196494249
BH_s33_medium,3,199,36.63333333333333,-1.6542752981185913,1.5350440626235209
BH_s33_medium,3,200,36.666666666666664,-1.6157597303390503,1.5639086792288892
BH_s33_medium,3,201,36.7,-0.9462583661079407,1.4338791650580227
BH_s33_medium,3,202,36.733333333333334,0.282749742269516,1.158501769400613
BH_s33_medium,3,203,36.766666666666666,1.563336968421936,0.7653996647954627
BH_s33_medium,3,204,36.8,2.12099027633667,0.2928388722843897
BH_s33_medium,3,205,36.833333333333336,1.8771055936813354,-0.21347471099485837
BH_s33_medium,3,206,36.86666666666667,1.227615475654602,-0.7030161034039583
BH_s33_medium,3,207,36.9,0.5375696420669556,-1.123970355819571
BH_s33_medium,3,208,36.93333333333333,0.04745703935623169,-1.4283245993924838
BH_s33_medium,3,209,36.96666666666667,-0.15062296390533447,-1.5779988695475664
BH_s33_medium,3,210,37.0,-0.10420463979244232,-1.5512004550391267
BH_s33_medium,3,211,37.03333333333333,-0.05065634846687317,-1.3478943978968394
BH_s33_medium,3,212,37.06666666666667,-0.14460892975330353,-0.9922514668134212
BH_s33_medium,3,213,37.1,-0.42750686407089233,-0.5293448920772188
BH_s33_medium,3,214,37.13333333333333,-0.7639531493186951,-0.01656584114874881
BH_s33_medium,3,215,37.166666666666664,-1.109458327293396,0.4865808403323906
BH_s33_medium,3,216,37.2,-1.3841025829315186,0.9269193568203633
BH_s33_medium,3,217,37.233333333333334,-1.6326102018356323,1.2618290002095216
BH_s33_medium,3,218,37.266666666666666,-1.8306145668029785,1.4599771995359747
BH_s33_medium,3,219,37.3,-1.9697860479354858,1.5020603067636764
BH_s33_medium,3,220,37.333333333333336,-1.8601391315460205,1.3828340406638577
BH_s33_medium,3,221,37.36666666666667,-1.084267497062683,1.1130722511047209
BH_s33_medium,3,222,37.4,0.12916524708271027,0.7200366015550657
BH_s33_medium,3,223,37.43333333333333,1.231600284576416,0.2453576901226018
BH_s33_medium,3,224,37.46666666666667,1.5771702527999878,-0.25953752144544034
BH_s33_medium,3,225,37.5,1.2086057662963867,-0.7390507787903284
BH_s33_medium,3,226,37.53333333333333,0.5487058758735657,-1.1391655127739755
BH_s33_medium,3,227,37.56666666666667,-0.016544358804821968,-1.4129512350782925
BH_s33_medium,3,228,37.6,-0.4269288182258606,-1.5258452502030468
BH_s33_medium,3,229,37.63333333333333,-0.5051870346069336,-1.4609016218693656
BH_s33_medium,3,230,37.666666666666664,-0.4473187327384949,-1.2230568486960525
BH_s33_medium,3,231,37.7,-0.3590370714664459,-0.8403953706048314
BH_s33_medium,3,232,37.733333333333334,-0.4613947868347168,-0.36096425408239663
BH_s33_medium,3,233,37.766666666666666,-0.7126042246818542,0.15533862096517792
BH_s33_medium,3,234,37.8,-1.0587632656097412,0.6472888984094988
BH_s33_medium,3,235,37.833333333333336,-1.3557696342468262,1.0602281202781787
BH_s33_medium,3,236,37.86666666666667,-1.602272629737854,1.350095720553934
BH_s33_medium,3,237,37.9,-1.804940104484558,1.4862475851086292
BH_s33_medium,3,238,37.93333333333333,-1.9524409770965576,1.4540606204201607
BH_s33_medium,3,239,37.96666666666667,-1.9697860479354858,1.2562475882056263
BH_s33_medium,3,240,38.0,-1.6418499946594238,0.9125511030208396
BH_s33_medium,3,241,38.03333333333333,-0.7172425985336304,0.45829076766946575
BH_s33_medium,3,242,38.06666666666667,0.42228442430496216,-0.05810531319771807
BH_s33_medium,3,243,38.1,1.0866419076919556,-0.5787891388378277
BH_s33_medium,3,244,38.13333333333333,1.0215137004852295,-1.0417029326136023
BH_s33_medium,3,245,38.166666666666664,0.51230788230896,-1.3874742861102987
BH_s33_medium,3,246,38.2,-0.07861679792404175,-1.567749256653688
BH_s33_medium,3,247,38.233333333333334,-0.5260499715805054,-1.5540931790022634
BH_s33_medium,3,248,38.266666666666666,-0.7072007060050964,-1.3450723063916268
BH_s33_medium,3,249,38.3,-0.6171384453773499,-0.9679840055787958
BH_s33_medium,3,250,38.333333333333336,-0.48741233348846436,-0.47405287299475585
BH_s33_medium,3,251,38.36666666666667,-0.4704537093639374,0.0714382625631753
BH_s33_medium,3,252,38.4,-0.6474900245666504,0.6009285339585613
BH_s33_medium,3,253,38.43333333333333,-0.9444964528083801,1.0540103599399404
BH_s33_medium,3,254,38.46666666666667,-1.2317469120025635,1.3829003196668905
BH_s33_medium,3,255,38.5,-1.4802545309066772,1.5550968093664768
BH_s33_medium,3,256,38.53333333333333,-1.6782588958740234,1.5545917107359377
BH_s33_medium,3,257,38.56666666666667,-1.818275809288025,1.3826868937401713
BH_s33_medium,3,258,38.6,-1.7068451642990112,1.0584208745338948
BH_s33_medium,3,259,38.63333333333333,-1.0123602151870728,0.6175428971684057
BH_s33_medium,3,260,38.666666666666664,0.025357739999890327,0.10954450102161607
BH_s33_medium,3,261,38.7,0.828467845916748,-0.40697582848163066
BH_s33_medium,3,262,38.733333333333334,1.0099153518676758,-0.8704533061775243
BH_s33_medium,3,263,38.766666666666666,0.5968151092529297,-1.2238239943604925
BH_s33_medium,3,264,38.8,0.10180441290140152,-1.4224362831214183
BH_s33_medium,3,265,38.833333333333336,-0.4055017828941345,-1.4407890813106432
BH_s33_medium,3,266,38.86666666666667,-0.6786004304885864,-1.2769773945814595
BH_s33_medium,3,267,38.9,-0.6730021238327026,-0.9542857454429523
BH_s33_medium,3,268,38.93333333333333,-0.5740000009536743,-0.5188579505939674
BH_s33_medium,3,269,38.96666666666667,-0.5051870346069336,-0.032131799979888964
BH_s33_medium,3,270,39.0,-0.6120595335960388,0.44026991739833193
BH_s33_medium,3,271,39.03333333333333,-0.8362436890602112,0.8387087610805494
BH_s33_medium,3,272,39.06666666666667,-1.1090749502182007,1.1164175168991208
BH_s33_medium,3,273,39.1,-1.3292497396469116,1.243215039725957
BH_s33_medium,3,274,39.13333333333333,-1.5354211330413818,1.2066964382958305
BH_s33_medium,3,275,39.166666666666664,-1.6849266290664673,1.0117279722975823
BH_s33_medium,3,276,39.2,-1.5516362190246582,0.6790456550556893
BH_s33_medium,3,277,39.233333333333334,-0.9192067980766296,0.24350716147403376
BH_s33_medium,3,278,39.266666666666666,0.10917098075151443,-0.2480397959044971
BH_s33_medium,3,279,39.3,0.8989747762680054,-0.7398165696469561
BH_s33_medium,3,280,39.333333333333336,1.086508870124817,-1.1719367858495893
BH_s33_medium,3,281,39.36666666666667,0.7267329692840576,-1.4877414090118437
BH_s33_medium,3,282,39.4,0.18534718453884125,-1.6428047681162334
BH_s33_medium,3,283,39.43333333333333,-0.210661381483078,-1.613141171487001
BH_s33_medium,3,284,39.46666666666667,-0.50530606508255,-1.4003483921554232
BH_s33_medium,3,285,39.5,-0.5556904673576355,-1.0319944301084643
BH_s33_medium,3,286,39.53333333333333,-0.40807056427001953,-0.5566511601707183
BH_s33_medium,3,287,39.56666666666667,-0.35367682576179504,-0.03425280925006331
BH_s33_medium,3,288,39.6,-0.4467839300632477,0.47549283897663414
BH_s33_medium,3,289,39.63333333333333,-0.6774875521659851,0.9223048604839249
BH_s33_medium,3,290,39.666666666666664,-0.9239906072616577,1.2704036483020702
BH_s33_medium,3,291,39.7,-1.133903980255127,1.5004701855819622
BH_s33_medium,3,292,39.733333333333334,-1.3319082260131836,1.6090519473689078
BH_s33_medium,3,293,39.766666666666666,-1.497332215309143,1.6052802866932794
BH_s33_medium,3,294,39.8,-1.4235284328460693,1.5059304224553502
BH_s33_medium,3,295,39.833333333333336,-0.8035860657691956,1.330864593452812
BH_s33_medium,3,296,39.86666666666667,0.18844008445739746,1.1000725562376432
BH_s33_medium,3,297,39.9,1.0562779903411865,0.8325197164216489
BH_s33_medium,3,298,39.93333333333333,1.2903789281845093,0.545875244671984
BH_s33_medium,3,299,39.96666666666667,0.9782097935676575,0.25540145719367585
BH_s33_medium,4,0,40.0,0.46264684200286865,0.036628667415858074
BH_s33_medium,4,1,40.03333333333333,0.0007218692335300148,0.16854910149069652
BH_s33_medium,4,2,40.06666666666667,-0.23124295473098755,0.3238300394340474
BH_s33_medium,4,3,40.1,-0.34114331007003784,0.5190461629501713
BH_s33_medium,4,4,40.13333333333333,-0.29264459013938904,0.7559200539810046
BH_s33_medium,4,5,40.166666666666664,-0.2021665871143341,1.0193587049223412
BH_s33_medium,4,6,40.2,-0.3096928894519806,1.279833674273486
BH_s33_medium,4,7,40.233333333333334,-0.5142166614532471,1.5003916316438497
BH_s33_medium,4,8,40.266666666666666,-0.7627243399620056,1.6455294568526875
BH_s33_medium,4,9,40.3,-0.960728645324707,1.6866897606782765
BH_s33_medium,4,10,40.333333333333336,-1.1587328910827637,1.604043502861275
BH_s33_medium,4,11,40.36666666666667,-1.3567372560501099,1.3889916681312835
BH_s33_medium,4,12,40.4,-1.4592432975769043,1.04799756287899
BH_s33_medium,4,13,40.43333333333333,-1.2422879934310913,0.6042265434736322
BH_s33_medium,4,14,40.46666666666667,-0.4898419976234436,0.09546352549689405
BH_s33_medium,4,15,40.5,0.5296422243118286,-0.4308110901940112
BH_s33_medium,4,16,40.53333333333333,1.3327785730361938,-0.9236447947028238
BH_s33_medium,4,17,40.56666666666667,1.3945032358169556,-1.3342255239590253
BH_s33_medium,4,18,40.6,1.0295586585998535,-1.6204171191625942
BH_s33_medium,4,19,40.63333333333333,0.5015812516212463,-1.7511084789242957
BH_s33_medium,4,20,40.666666666666664,0.11498863995075226,-1.7106545363817347
BH_s33_medium,4,21,40.7,-0.07760902494192123,-1.5027960460497596
BH_s33_medium,4,22,40.733333333333334,-0.10115975886583328,-1.1524496105380537
BH_s33_medium,4,23,40.766666666666666,-0.027713030576705933,-0.7031048303427168
BH_s33_medium,4,24,40.8,0.029411839321255684,-0.2097690429892733
BH_s33_medium,4,25,40.833333333333336,-0.08852425962686539,0.2702670073631433
BH_s33_medium,4,26,40.86666666666667,-0.3034578263759613,0.6861938071541324
BH_s33_medium,4,27,40.9,-0.5499608516693115,0.9994042290744043
BH_s33_medium,4,28,40.93333333333333,-0.7835439443588257,1.185515004896945
BH_s33_medium,4,29,40.96666666666667,-0.9815482497215271,1.2339229116569497
BH_s33_medium,4,30,41.0,-1.1201385259628296,1.1462281824009652
BH_s33_medium,4,31,41.03333333333333,-1.2627382278442383,0.9345702788255371
BH_s33_medium,4,32,41.06666666666667,-1.1975312232971191,0.6204606240802839
BH_s33_medium,4,33,41.1,-0.6811320781707764,0.23413148620401977
BH_s33_medium,4,34,41.13333333333333,0.2621743083000183,-0.18612416409451138
BH_s33_medium,4,35,41.166666666666664,1.252416729927063,-0.5955127765762543
BH_s33_medium,4,36,41.2,1.6097211837768555,-0.9460892198567893
BH_s33_medium,4,37,41.233333333333334,1.3334245681762695,-1.1924547812311288
BH_s33_medium,4,38,41.266666666666666,0.8435360789299011,-1.2990831151538609
BH_s33_medium,4,39,41.3,0.34852537512779236,-1.2472651529264853
BH_s33_medium,4,40,41.333333333333336,0.07262296974658966,-1.0397513579516426
BH_s33_medium,4,41,41.36666666666667,-0.0001529350265627727,-0.7015629953342913
BH_s33_medium,4,42,41.4,0.08570828288793564,-0.2763884513243444
BH_s33_medium,4,43,41.43333333333333,0.18471042811870575,0.18092901361126296
BH_s33_medium,4,44,41.46666666666667,0.12000885605812073,0.6138128040668437
BH_s33_medium,4,45,41.5,-0.037680819630622864,0.9721041444874111
BH_s33_medium,4,46,41.53333333333333,-0.3073481619358063,1.2174528334120829
BH_s33_medium,4,47,41.56666666666667,-0.5558558702468872,1.3262721562333801
BH_s33_medium,4,48,41.6,-0.7538601756095886,1.2907665955282985
BH_s33_medium,4,49,41.63333333333333,-0.9305393695831299,1.1184455266052156
BH_s33_medium,4,50,41.666666666666664,-1.0800449848175049,0.8304954221514497
BH_s33_medium,4,51,41.7,-1.0592809915542603,0.4592575178308065
BH_s33_medium,4,52,41.733333333333334,-0.5342092514038086,0.04505232768870412
BH_s33_medium,4,53,41.766666666666666,0.3987336754798889,-0.3673840927157685
BH_s33_medium,4,54,41.8,1.3807456493377686,-0.7328209239589388
BH_s33_medium,4,55,41.833333333333336,1.8086729049682617,-1.0098840681455816
BH_s33_medium,4,56,41.86666666666667,1.579494833946228,-1.1657791923163667
BH_s33_medium,4,57,41.9,1.0844841003417969,-1.1810371112046847
BH_s33_medium,4,58,41.93333333333333,0.5927563309669495,-1.0534304106467618
BH_s33_medium,4,59,41.96666666666667,0.25108587741851807,-0.7997746789436514
BH_s33_medium,4,60,42.0,0.15208373963832855,-0.4544837046630027
BH_s33_medium,4,61,42.03333333333333,0.1991295963525772,-0.06418449423675726
BH_s33_medium,4,62,42.06666666666667,0.2981317341327667,0.3203731175186415
BH_s33_medium,4,63,42.1,0.21534167230129242,0.6521116837327391
BH_s33_medium,4,64,42.13333333333333,0.05909563601016998,0.8934801813473372
BH_s33_medium,4,65,42.166666666666664,-0.2204204797744751,1.020264564881421
BH_s33_medium,4,66,42.2,-0.4669235050678253,1.0231879089673357
BH_s33_medium,4,67,42.233333333333334,-0.6776822805404663,0.9069666991811761
BH_s33_medium,4,68,42.266666666666666,-0.8756865859031677,0.6876698516873612
BH_s33_medium,4,69,42.3,-1.023187518119812,0.39019105581579916
BH_s33_medium,4,70,42.333333333333336,-1.001264214515686,0.04636860048457525
BH_s33_medium,4,71,42.36666666666667,-0.4348933696746826,-0.3070506706670143
BH_s33_medium,4,72,42.4,0.5105104446411133,-0.6313273785361028
BH_s33_medium,4,73,42.43333333333333,1.5026648044586182,-0.8898608449571933
BH_s33_medium,4,74,42.46666666666667,1.9189767837524414,-1.0529010601443651
BH_s33_medium,4,75,42.5,1.7391427755355835,-1.1012765140405258
BH_s33_medium,4,76,42.53333333333333,1.2572267055511475,-1.0283895740992743
BH_s33_medium,4,77,42.56666666666667,0.7451120018959045,-0.8406339047425303
BH_s33_medium,4,78,42.6,0.4132995903491974,-0.5565065331821275
BH_s33_medium,4,79,42.63333333333333,0.2523641288280487,-0.2047003991385002
BH_s33_medium,4,80,42.666666666666664,0.26204749941825867,0.178674491186781
BH_s33_medium,4,81,42.7,0.3533709645271301,0.5537001358580929
BH_s33_medium,4,82,42.733333333333334,0.24669010937213898,0.8808303195200684
BH_s33_medium,4,83,42.766666666666666,0.04301181808114052,1.125100658985778
BH_s33_medium,4,84,42.8,-0.20716053247451782,1.2598846122183154
BH_s33_medium,4,85,42.833333333333336,-0.5041669607162476,1.2697517648472905
BH_s33_medium,4,86,42.86666666666667,-0.7506699562072754,1.152169118263962
BH_s33_medium,4,87,42.9,-0.9510189890861511,0.9179363448562222
BH_s33_medium,4,88,42.93333333333333,-1.0985198020935059,0.589979630398526
BH_s33_medium,4,89,42.96666666666667,-1.246020793914795,0.19996904942256333
BH_s33_medium,4,90,43.0,-1.1423182487487793,-0.21617260493380885
BH_s33_medium,4,91,43.03333333333333,-0.4649898409843445,-0.6213997899137444
BH_s33_medium,4,92,43.06666666666667,0.6354281306266785,-0.9788776466846323
BH_s33_medium,4,93,43.1,1.6869500875473022,-1.2531415013341596
BH_s33_medium,4,94,43.13333333333333,2.0704870223999023,-1.4123945006773495
BH_s33_medium,4,95,43.166666666666664,1.8490138053894043,-1.4324943248476545
BH_s33_medium,4,96,43.2,1.374389886856079,-1.3021668145825136
BH_s33_medium,4,97,43.233333333333334,0.8793792128562927,-1.0279487751782772
BH_s33_medium,4,98,43.266666666666666,0.5335804224014282,-0.6367063409231385
BH_s33_medium,4,99,43.3,0.40387436747550964,-0.17337961404321353
BH_s33_medium,4,100,43.333333333333336,0.42396754026412964,0.30607171845335585
BH_s33_medium,4,101,43.36666666666667,0.5048812031745911,0.7441274969590103
BH_s33_medium,4,102,43.4,0.42221012711524963,1.0908752939506585
BH_s33_medium,4,103,43.43333333333333,0.21012671291828156,1.3103451025157553
BH_s33_medium,4,104,43.46666666666667,-0.048450767993927,1.383236124404178
BH_s33_medium,4,105,43.5,-0.3333827555179596,1.3070058988999596
BH_s33_medium,4,106,43.53333333333333,-0.6223240494728088,1.094329354727696
BH_s33_medium,4,107,43.56666666666667,-0.8203283548355103,0.770658592539993
BH_s33_medium,4,108,43.6,-1.0142768621444702,0.37139113349305797
BH_s33_medium,4,109,43.63333333333333,-1.1112279891967773,-0.061120255230509624
BH_s33_medium,4,110,43.666666666666664,-0.9594395160675049,-0.48074648777538
BH_s33_medium,4,111,43.7,-0.17124620079994202,-0.841119307966455
BH_s33_medium,4,112,43.733333333333334,0.9583964943885803,-1.0999147951154764
BH_s33_medium,4,113,43.766666666666666,1.9722422361373901,-1.224230685766999
BH_s33_medium,4,114,43.8,2.2219972610473633,-1.196328077432717
BH_s33_medium,4,115,43.833333333333336,1.8678550720214844,-1.017936058582902
BH_s33_medium,4,116,43.86666666666667,1.2958009243011475,-0.7115963205640189
BH_s33_medium,4,117,43.9,0.7768267393112183,-0.3180972743475003
BH_s33_medium,4,118,43.93333333333333,0.43585649132728577,0.1098200935049257
BH_s33_medium,4,119,43.96666666666667,0.38587862253189087,0.5161206938180648
BH_s33_medium,4,120,44.0,0.5153837203979492,0.8503589231290518
BH_s33_medium,4,121,44.03333333333333,0.6058880090713501,1.074182190030027
BH_s33_medium,4,122,44.06666666666667,0.4518939256668091,1.1645716142023057
BH_s33_medium,4,123,44.1,0.17889729142189026,1.1146653283794317
BH_s33_medium,4,124,44.13333333333333,-0.09008999913930893,0.9329066253466008
BH_s33_medium,4,125,44.166666666666664,-0.4151155650615692,0.6408962672180467
BH_s33_medium,4,126,44.2,-0.6616185903549194,0.2705408268544562
BH_s33_medium,4,127,44.233333333333334,-0.8916513919830322,-0.1387878038388254
BH_s33_medium,4,128,44.266666666666666,-1.0607246160507202,-0.5430701320639331
BH_s33_medium,4,129,44.3,-0.8849526047706604,-0.8970184184303059
BH_s33_medium,4,130,44.333333333333336,-0.08714854717254639,-1.1583618861770326
BH_s33_medium,4,131,44.36666666666667,1.060829997062683,-1.2929031318329323
BH_s33_medium,4,132,44.4,2.052217721939087,-1.2797144865159993
BH_s33_medium,4,133,44.43333333333333,2.2636163234710693,-1.1153373745818562
BH_s33_medium,4,134,44.46666666666667,1.9043519496917725,-0.8158345339600507
BH_s33_medium,4,135,44.5,1.2598357200622559,-0.41571217230019947
BH_s33_medium,4,136,44.53333333333333,0.7147543430328369,0.03661095381631359
BH_s33_medium,4,137,44.56666666666667,0.4110275208950043,0.48630510627283674
BH_s33_medium,4,138,44.6,0.3477897047996521,0.8807921817543193
BH_s33_medium,4,139,44.63333333333333,0.4467918276786804,1.1766891200161873
BH_s33_medium,4,140,44.666666666666664,0.4639683961868286,1.3439971257803507
BH_s33_medium,4,141,44.7,0.32605811953544617,1.3683809607591777
BH_s33_medium,4,142,44.733333333333334,0.07755043357610703,1.2516506732779429
BH_s33_medium,4,143,44.766666666666666,-0.24075478315353394,1.0097057023866707
BH_s33_medium,4,144,44.8,-0.5533658862113953,0.668696117835017
BH_s33_medium,4,145,44.833333333333336,-0.850372314453125,0.2615119953926374
BH_s33_medium,4,146,44.86666666666667,-1.0679906606674194,-0.1745493882145066
BH_s33_medium,4,147,44.9,-1.134851336479187,-0.5994764891240937
BH_s33_medium,4,148,44.93333333333333,-0.6348327398300171,-0.9722489778496717
BH_s33_medium,4,149,44.96666666666667,0.39817264676094055,-1.2530650803759613
BH_s33_medium,4,150,45.0,1.6434684991836548,-1.4068334936745854
BH_s33_medium,4,151,45.03333333333333,2.310223340988159,-1.4085933889060551
BH_s33_medium,4,152,45.06666666666667,2.2387208938598633,-1.2498495739706794
BH_s33_medium,4,153,45.1,1.7140061855316162,-0.9432194162444955
BH_s33_medium,4,154,45.13333333333333,1.046685814857483,-0.5231164787121174
BH_s33_medium,4,155,45.166666666666664,0.5625176429748535,-0.04103788098225417
BH_s33_medium,4,156,45.2,0.3028675317764282,0.44334765639354257
BH_s33_medium,4,157,45.233333333333334,0.30970075726509094,0.8716721657220453
BH_s33_medium,4,158,45.266666666666666,0.3533709645271301,1.194662839334153
BH_s33_medium,4,159,45.3,0.29721978306770325,1.377726539938405
BH_s33_medium,4,160,45.333333333333336,0.04871209338307381,1.4040932680689058
BH_s33_medium,4,161,45.36666666666667,-0.24792803823947906,1.275424066787084
BH_s33_medium,4,162,45.4,-0.5934332013130188,1.0101092637714577
BH_s33_medium,4,163,45.43333333333333,-0.893629789352417,0.6397196139522288
BH_s33_medium,4,164,45.46666666666667,-1.1473323106765747,0.20445750643092037
BH_s33_medium,4,165,45.5,-1.395840048789978,-0.25127096836322443
BH_s33_medium,4,166,45.53333333333333,-1.515255331993103,-0.6825017806159768
BH_s33_medium,4,167,45.56666666666667,-1.1027162075042725,-1.0464079576439955
BH_s33_medium,4,168,45.6,-0.08176511526107788,-1.3047026013294731
BH_s33_medium,4,169,45.63333333333333,1.2405478954315186,-1.4269314862374674
BH_s33_medium,4,170,45.666666666666664,2.125859260559082,-1.3949536808299638
BH_s33_medium,4,171,45.7,2.213958263397217,-1.2077967605997417
BH_s33_medium,4,172,45.733333333333334,1.7553781270980835,-0.8847075235621087
BH_s33_medium,4,173,45.766666666666666,1.1108617782592773,-0.46333826623825247
BH_s33_medium,4,174,45.8,0.5633630752563477,0.006912548444475402
BH_s33_medium,4,175,45.833333333333336,0.20985932648181915,0.47324028510867394
BH_s33_medium,4,176,45.86666666666667,0.10085389018058777,0.886770067129745
BH_s33_medium,4,177,45.9,0.15135730803012848,1.2071888556826236
BH_s33_medium,4,178,45.93333333333333,0.08561553061008453,1.4048692158014577
BH_s33_medium,4,179,45.96666666666667,-0.03985397517681122,1.4623208572306807
BH_s33_medium,4,180,46.0,-0.39859282970428467,1.3755457187992273
BH_s33_medium,4,181,46.03333333333333,-0.7440980076789856,1.154381674638977
BH_s33_medium,4,182,46.06666666666667,-1.0823835134506226,0.8213358771575503
BH_s33_medium,4,183,46.1,-1.379390001296997,0.4089798779908964
BH_s33_medium,4,184,46.13333333333333,-1.6226826906204224,-0.0435795446336816
BH_s33_medium,4,185,46.166666666666664,-1.820686936378479,-0.4942573562299285
BH_s33_medium,4,186,46.2,-1.968986988067627,-0.9009679090259815
BH_s33_medium,4,187,46.233333333333334,-1.728484034538269,-1.2237679641277923
BH_s33_medium,4,188,46.266666666666666,-0.8105970025062561,-1.4271679237883743
BH_s33_medium,4,189,46.3,0.5173174142837524,-1.4844775606003406
BH_s33_medium,4,190,46.333333333333336,1.6376028060913086,-1.3836135471492956
BH_s33_medium,4,191,46.36666666666667,1.9189767837524414,-1.1313567652543948
BH_s33_medium,4,192,46.4,1.5285818576812744,-0.754165007807146
BH_s33_medium,4,193,46.43333333333333,0.9117245674133301,-0.2951775791673686
BH_s33_medium,4,194,46.46666666666667,0.33654674887657166,0.19194764156162694
BH_s33_medium,4,195,46.5,-0.012973939999938011,0.6508063781051454
BH_s33_medium,4,196,46.53333333333333,-0.10115975886583328,1.0299009014310019
BH_s33_medium,4,197,46.56666666666667,-0.02300349809229374,1.2884969493691114
BH_s33_medium,4,198,46.6,0.05035047605633736,1.4002496616276727
BH_s33_medium,4,199,46.63333333333333,-0.09794332087039948,1.3552977281142922
BH_s33_medium,4,200,46.666666666666664,-0.36808982491493225,1.1608695694587157
BH_s33_medium,4,201,46.7,-0.6650962829589844,0.8396972872682936
BH_s33_medium,4,202,46.733333333333334,-1.012606143951416,0.42673794197554127
BH_s33_medium,4,203,46.766666666666666,-1.2591091394424438,-0.03418346842787534
BH_s33_medium,4,204,46.8,-1.4919921159744263,-0.49347367382833424
BH_s33_medium,4,205,46.833333333333336,-1.6783809661865234,-0.8995336500417788
BH_s33_medium,4,206,46.86666666666667,-1.678826093673706,-1.2037772995412503
BH_s33_medium,4,207,46.9,-1.0856709480285645,-1.3668367220837947
BH_s33_medium,4,208,46.93333333333333,0.06706345826387405,-1.3650385576810358
BH_s33_medium,4,209,46.96666666666667,1.291205883026123,-1.1954204870856782
BH_s33_medium,4,210,47.0,1.8684732913970947,-0.8777328054754194
BH_s33_medium,4,211,47.03333333333333,1.7182011604309082,-0.45231970864223586
BH_s33_medium,4,212,47.06666666666667,1.0773402452468872,0.026066513085130836
BH_s33_medium,4,213,47.1,0.38432520627975464,0.4972346714844744
BH_s33_medium,4,214,47.13333333333333,-0.031376201659440994,0.9049108380190397
BH_s33_medium,4,215,47.166666666666664,-0.19373518228530884,1.203353420693942
BH_s33_medium,4,216,47.2,-0.07152849435806274,1.36066334799466
BH_s33_medium,4,217,47.233333333333334,0.037909720093011856,1.360690727144514
BH_s33_medium,4,218,47.266666666666666,-0.036210913211107254,1.2042468749814814
BH_s33_medium,4,219,47.3,-0.25382307171821594,0.908841527859039
BH_s33_medium,4,220,47.333333333333336,-0.6013329029083252,0.50679855078781
BH_s33_medium,4,221,47.36666666666667,-0.9488427639007568,0.04230064911261774
BH_s33_medium,4,222,47.4,-1.2458491325378418,-0.4324091185276128
BH_s33_medium,4,223,47.43333333333333,-1.4923522472381592,-0.8617237351323993
BH_s33_medium,4,224,47.46666666666667,-1.6162620782852173,-1.1924828911475214
BH_s33_medium,4,225,47.5,-1.2600719928741455,-1.3810179171441486
BH_s33_medium,4,226,47.53333333333333,-0.31544405221939087,-1.4003724098036434
BH_s33_medium,4,227,47.56666666666667,0.92308509349823,-1.2454995670396385
BH_s33_medium,4,228,47.6,1.83151113986969,-0.9350426245630964
BH_s33_medium,4,229,47.63333333333333,1.9274606704711914,-0.5093246415832657
BH_s33_medium,4,230,47.666666666666664,1.4309366941452026,-0.024532654109035535
BH_s33_medium,4,231,47.7,0.7479188442230225,0.45646959553744604
BH_s33_medium,4,232,47.733333333333334,0.1778833568096161,0.874543682982774
BH_s33_medium,4,233,47.766666666666666,-0.10115975886583328,1.1823040571526735
BH_s33_medium,4,234,47.8,-0.09717666357755661,1.348441647739221
BH_s33_medium,4,235,47.833333333333336,0.0018254780443385243,1.3593562590554988
BH_s33_medium,4,236,47.86666666666667,0.05035047605633736,1.2188015862963095
BH_s33_medium,4,237,47.9,-0.14760127663612366,0.9456575139855048
BH_s33_medium,4,238,47.93333333333333,-0.4425767660140991,0.5705306107332683
BH_s33_medium,4,239,47.96666666666667,-0.7840462923049927,0.13235619744174246
BH_s33_medium,4,240,48.0,-1.0870929956436157,-0.324627903882414
BH_s33_medium,4,241,48.03333333333333,-1.343645691871643,-0.7539479348368224
BH_s33_medium,4,242,48.06666666666667,-1.5032010078430176,-1.1102940343694119
BH_s33_medium,4,243,48.1,-1.1955821514129639,-1.353223820776612
BH_s33_medium,4,244,48.13333333333333,-0.19291743636131287,-1.451427160430253
BH_s33_medium,4,245,48.166666666666664,1.1104817390441895,-1.3878699018818106
BH_s33_medium,4,246,48.2,2.051055431365967,-1.164765684914686
BH_s33_medium,4,247,48.233333333333334,2.215649366378784,-0.8060648774101442
BH_s33_medium,4,248,48.266666666666666,1.7845332622528076,-0.3555354025040217
BH_s33_medium,4,249,48.3,1.0915182828903198,0.13060124991558147
BH_s33_medium,4,250,48.333333333333336,0.4938299059867859,0.5942429042466639
BH_s33_medium,4,251,48.36666666666667,0.14063988626003265,0.9840808297386847
BH_s33_medium,4,252,48.4,0.05035047605633736,1.2603790384514553
BH_s33_medium,4,253,48.43333333333333,0.11725147068500519,1.397241787801984
BH_s33_medium,4,254,48.46666666666667,0.13696439564228058,1.3835790890686492
BH_s33_medium,4,255,48.5,-0.024929378181695938,1.2233319560255231
BH_s33_medium,4,256,48.53333333333333,-0.33432403206825256,0.9350612004363571
BH_s33_medium,4,257,48.56666666666667,-0.6397093534469604,0.5505155662226237
BH_s33_medium,4,258,48.6,-0.9788402915000916,0.11196113293752746
BH_s33_medium,4,259,48.63333333333333,-1.271477222442627,-0.33165470227118593
BH_s33_medium,4,260,48.666666666666664,-1.4623870849609375,-0.7295304900689631
BH_s33_medium,4,261,48.7,-1.2093536853790283,-1.0344614204331728
BH_s33_medium,4,262,48.733333333333334,-0.2707599401473999,-1.2086450302120666
BH_s33_medium,4,263,48.766666666666666,1.1066871881484985,-1.2295321287023322
BH_s33_medium,4,264,48.8,2.171112060546875,-1.0944458719175085
BH_s33_medium,4,265,48.833333333333336,2.4745142459869385,-0.8218795211171901
BH_s33_medium,4,266,48.86666666666667,2.0682997703552246,-0.4486804116943912
BH_s33_medium,4,267,48.9,1.3946113586425781,-0.02382118739170972
BH_s33_medium,4,268,48.93333333333333,0.7384271621704102,0.39943752399751103
BH_s33_medium,4,269,48.96666666666667,0.2993960380554199,0.7703962905252439
BH_s33_medium,4,270,49.0,0.201860710978508,1.0458949754717366
BH_s33_medium,4,271,49.03333333333333,0.23267745971679688,1.194241251036848
BH_s33_medium,4,272,49.06666666666667,0.27405548095703125,1.1982248186231728
BH_s33_medium,4,273,49.1,0.12143854051828384,1.056465704402317
BH_s33_medium,4,274,49.13333333333333,-0.12506447732448578,0.7828858702377594
BH_s33_medium,4,275,49.166666666666664,-0.4725743234157562,0.4046570960022229
BH_s33_medium,4,276,49.2,-0.7695807814598083,-0.040794280231926876
BH_s33_medium,4,277,49.233333333333334,-1.098301887512207,-0.5090167828976141
BH_s33_medium,4,278,49.266666666666666,-1.3468096256256104,-0.9518203070523436
BH_s33_medium,4,279,49.3,-1.3699105978012085,-1.3209083905377423
BH_s33_medium,4,280,49.333333333333336,-0.7686934471130371,-1.57239110326129
BH_s33_medium,4,281,49.36666666666667,0.4644167721271515,-1.6726477264062694
BH_s33_medium,4,282,49.4,1.855119228363037,-1.6047507521147957
BH_s33_medium,4,283,49.43333333333333,2.5822815895080566,-1.3734041230510914
BH_s33_medium,4,284,49.46666666666667,2.445978879928589,-1.0061002757617712
BH_s33_medium,4,285,49.5,1.7987112998962402,-0.5484698273136014
BH_s33_medium,4,286,49.53333333333333,1.1056963205337524,-0.05497212523770218
BH_s33_medium,4,287,49.56666666666667,0.560417115688324,0.4209138168308536
BH_s33_medium,4,288,49.6,0.3061303496360779,0.8343866849086562
BH_s33_medium,4,289,49.63333333333333,0.34810346364974976,1.1542471475778167
BH_s33_medium,4,290,49.666666666666664,0.40387436747550964,1.3647601660981494
BH_s33_medium,4,291,49.7,0.32142123579978943,1.4644215291713953
BH_s33_medium,4,292,49.733333333333334,0.07291354238986969,1.4626155403684096
BH_s33_medium,4,293,49.766666666666666,-0.30053195357322693,1.375930743596172
BH_s33_medium,4,294,49.8,-0.6965405344963074,1.2249230302838194
BH_s33_medium,4,295,49.833333333333336,-1.0088378190994263,1.0310643463485705
BH_s33_medium,4,296,49.86666666666667,-1.3058443069458008,0.8139387608165602
BH_s33_medium,4,297,49.9,-1.4434469938278198,0.5891902984346679
BH_s33_medium,4,298,49.93333333333333,-1.1500788927078247,0.36736814513054455
BH_s33_medium,4,299,49.96666666666667,-0.177728533744812,0.15349414522277027
